0.999998 0.001093 0.001569 0.000000 -0.001085 0.999988 -0.004785 0.000000 -0.001575 0.004783 0.999987 0.000000
0.999996 -0.000668 0.002595 0.000000 0.000683 0.999984 -0.005662 0.000000 -0.002591 0.005663 0.999981 0.000000
0.999994 -0.002201 0.002571 -0.001127 0.002205 0.999996 -0.001508 -0.048973 -0.002568 0.001514 0.999996 2.926609
0.999988 -0.003933 0.003023 -0.026592 0.003921 0.999984 0.003963 -0.058279 -0.003038 -0.003951 0.999988 3.887101
0.999966 -0.007923 0.002224 -0.042697 0.007916 0.999963 0.003364 -0.059631 -0.002250 -0.003346 0.999992 4.845629
0.999951 -0.009860 0.000906 -0.034423 0.009860 0.999951 0.000504 -0.073608 -0.000911 -0.000495 0.999999 5.778237
0.999957 -0.009090 0.001710 -0.060232 0.009096 0.999954 -0.003186 -0.081789 -0.001681 0.003202 0.999993 6.715386
0.999959 -0.008644 0.002864 -0.108297 0.008655 0.999955 -0.003870 -0.098246 -0.002830 0.003895 0.999988 7.643974
0.999972 -0.006493 0.003712 -0.115110 0.006502 0.999976 -0.002343 -0.105434 -0.003696 0.002367 0.999990 8.573395
0.999969 -0.007818 0.000144 -0.075938 0.007818 0.999969 0.000118 -0.121502 -0.000145 -0.000117 1.000000 9.502931
0.999966 -0.008204 -0.001092 -0.061494 0.008206 0.999965 0.001571 -0.131454 0.001080 -0.001580 0.999998 10.425928
0.999964 -0.008536 0.000268 -0.089380 0.008536 0.999962 0.001887 -0.147225 -0.000284 -0.001885 0.999998 11.376135
0.999964 -0.008290 0.001704 -0.118177 0.008288 0.999965 0.001242 -0.163744 -0.001714 -0.001228 0.999998 12.259675
0.999972 -0.007195 0.002117 -0.133522 0.007196 0.999974 -0.000312 -0.178069 -0.002114 0.000327 0.999998 13.169565
0.999958 -0.008993 0.001714 -0.163546 0.008997 0.999956 -0.002507 -0.195687 -0.001691 0.002522 0.999995 14.077480
0.999947 -0.010296 0.000454 -0.162500 0.010297 0.999940 -0.003867 -0.215240 -0.000414 0.003872 0.999992 14.981680
0.999960 -0.008828 -0.001303 -0.149349 0.008820 0.999946 -0.005564 -0.214984 0.001352 0.005552 0.999984 15.882553
0.999971 -0.006601 -0.003668 -0.134108 0.006573 0.999949 -0.007698 -0.217594 0.003718 0.007674 0.999964 16.779495
0.999973 -0.005050 -0.005338 -0.139108 0.005013 0.999964 -0.006856 -0.248860 0.005372 0.006829 0.999962 17.670881
0.999960 -0.005527 -0.007033 -0.142791 0.005485 0.999967 -0.006069 -0.267277 0.007067 0.006030 0.999957 18.562890
0.999954 -0.004395 -0.008565 -0.146845 0.004349 0.999976 -0.005366 -0.278612 0.008589 0.005329 0.999949 19.450450
0.999949 -0.002674 -0.009734 -0.147714 0.002622 0.999982 -0.005395 -0.291333 0.009748 0.005369 0.999938 20.331249
0.999910 -0.004211 -0.012764 -0.134591 0.004145 0.999978 -0.005188 -0.318530 0.012785 0.005135 0.999905 21.205055
0.999891 -0.003598 -0.014336 -0.144952 0.003518 0.999978 -0.005615 -0.342309 0.014356 0.005564 0.999881 22.073890
0.999882 -0.002937 -0.015072 -0.155950 0.002859 0.999982 -0.005229 -0.361011 0.015087 0.005185 0.999873 22.936834
0.999853 -0.003100 -0.016863 -0.155300 0.003051 0.999991 -0.002969 -0.383984 0.016872 0.002917 0.999853 23.793619
0.999835 -0.003994 -0.017738 -0.163123 0.003985 0.999992 -0.000549 -0.400067 0.017740 0.000478 0.999843 24.651339
0.999817 -0.004315 -0.018622 -0.176852 0.004333 0.999990 0.000937 -0.418391 0.018617 -0.001017 0.999826 25.477967
0.999822 -0.003277 -0.018602 -0.207586 0.003259 0.999994 -0.000953 -0.428031 0.018605 0.000892 0.999827 26.301624
0.999814 -0.001101 -0.019243 -0.228302 0.001030 0.999993 -0.003705 -0.442700 0.019247 0.003684 0.999808 27.115698
0.999771 -0.000545 -0.021395 -0.218087 0.000444 0.999989 -0.004712 -0.473609 0.021397 0.004702 0.999760 27.911952
0.999763 0.001625 -0.021727 -0.245305 -0.001721 0.999989 -0.004387 -0.507537 0.021720 0.004423 0.999754 28.703709
0.999741 0.001120 -0.022728 -0.272562 -0.001225 0.999989 -0.004615 -0.532807 0.022722 0.004642 0.999731 29.488321
0.999666 0.000802 -0.025813 -0.276061 -0.000957 0.999981 -0.006019 -0.547138 0.025808 0.006042 0.999649 30.260472
0.999633 0.000441 -0.027090 -0.317757 -0.000594 0.999984 -0.005621 -0.568669 0.027087 0.005635 0.999617 31.026083
0.999609 0.000910 -0.027956 -0.357563 -0.001029 0.999990 -0.004263 -0.587794 0.027952 0.004291 0.999600 31.785323
0.999557 0.001577 -0.029735 -0.382070 -0.001664 0.999994 -0.002871 -0.583357 0.029731 0.002920 0.999554 32.529553
0.999494 0.001961 -0.031748 -0.406289 -0.002000 0.999997 -0.001210 -0.599816 0.031745 0.001273 0.999495 33.267142
0.999426 0.003634 -0.033671 -0.436741 -0.003665 0.999993 -0.000851 -0.610562 0.033668 0.000974 0.999433 33.994805
0.999365 0.006353 -0.035058 -0.465388 -0.006412 0.999978 -0.001564 -0.624775 0.035048 0.001788 0.999384 34.736482
0.999293 0.007628 -0.036822 -0.506181 -0.007676 0.999970 -0.001157 -0.663565 0.036812 0.001438 0.999321 35.424900
0.999250 0.007086 -0.038065 -0.545158 -0.007084 0.999975 0.000180 -0.686212 0.038065 0.000090 0.999275 36.116992
0.999213 0.009794 -0.038436 -0.574509 -0.009726 0.999951 0.001953 -0.695361 0.038453 -0.001577 0.999259 36.804927
0.999192 0.012186 -0.038305 -0.612867 -0.012085 0.999923 0.002864 -0.712309 0.038337 -0.002399 0.999262 37.480643
0.999188 0.014863 -0.037455 -0.641456 -0.014851 0.999890 0.000591 -0.724016 0.037459 -0.000034 0.999298 38.143069
0.999227 0.016219 -0.035802 -0.671316 -0.016318 0.999864 -0.002459 -0.736772 0.035757 0.003041 0.999356 38.795378
0.999281 0.016791 -0.033982 -0.681047 -0.016935 0.999849 -0.003928 -0.755313 0.033911 0.004501 0.999415 39.432744
0.999331 0.017833 -0.031945 -0.680107 -0.017948 0.999833 -0.003294 -0.760710 0.031881 0.003865 0.999484 40.070241
0.999329 0.023001 -0.028496 -0.706291 -0.023023 0.999735 -0.000438 -0.772833 0.028478 0.001094 0.999594 40.719720
0.999321 0.027358 -0.024687 -0.722430 -0.027279 0.999622 0.003514 -0.791245 0.024774 -0.002838 0.999689 41.325163
0.999358 0.030719 -0.018451 -0.806134 -0.030630 0.999518 0.005132 -0.817220 0.018600 -0.004563 0.999817 41.918006
0.999335 0.034053 -0.013013 -0.820863 -0.033980 0.999406 0.005794 -0.830619 0.013203 -0.005348 0.999899 42.502825
0.999262 0.037761 -0.006974 -0.841028 -0.037703 0.999255 0.008244 -0.835451 0.007280 -0.007975 0.999942 43.071234
0.999115 0.042052 -0.000517 -0.842847 -0.042046 0.999071 0.009435 -0.837138 0.000914 -0.009405 0.999955 43.619531
0.998950 0.045267 0.007105 -0.855104 -0.045333 0.998927 0.009524 -0.847968 -0.006666 -0.009836 0.999929 44.146406
0.998706 0.048660 0.014807 -0.853069 -0.048805 0.998762 0.009650 -0.844980 -0.014320 -0.010360 0.999844 44.653976
0.998334 0.053059 0.022676 -0.849457 -0.053286 0.998534 0.009518 -0.851623 -0.022137 -0.010710 0.999698 45.137372
0.997911 0.057021 0.030378 -0.829726 -0.057249 0.998338 0.006687 -0.850008 -0.029946 -0.008413 0.999516 45.600991
0.997598 0.057918 0.037996 -0.804853 -0.058095 0.998305 0.003575 -0.851848 -0.037724 -0.005774 0.999272 46.039844
0.997264 0.058080 0.045727 -0.781909 -0.058304 0.998293 0.003567 -0.850862 -0.045442 -0.006223 0.998948 46.461130
0.996812 0.058356 0.054406 -0.767946 -0.058725 0.998261 0.005205 -0.851582 -0.054007 -0.008383 0.998505 46.858470
0.996281 0.059594 0.062237 -0.738758 -0.060108 0.998171 0.006426 -0.857243 -0.061740 -0.010143 0.998041 47.229762
0.995506 0.062575 0.071086 -0.713216 -0.063217 0.997976 0.006823 -0.860413 -0.070515 -0.011286 0.997447 47.592183
0.994619 0.066747 0.079230 -0.671791 -0.067410 0.997709 0.005725 -0.834268 -0.078666 -0.011035 0.996840 47.899928
0.993600 0.070278 0.088436 -0.650669 -0.071089 0.997452 0.006055 -0.841035 -0.087785 -0.012303 0.996063 48.198285
0.992870 0.068793 0.097351 -0.614124 -0.069832 0.997532 0.007301 -0.841230 -0.096608 -0.014047 0.995223 48.471859
0.991779 0.067129 0.108943 -0.601320 -0.068216 0.997651 0.006273 -0.848328 -0.108266 -0.013653 0.994028 48.739306
0.990531 0.065093 0.120873 -0.557446 -0.065894 0.997823 0.002636 -0.852127 -0.120439 -0.010576 0.992664 48.997201
0.988619 0.065632 0.135368 -0.539411 -0.066198 0.997806 -0.000324 -0.867660 -0.135093 -0.008641 0.990795 49.255950
0.986147 0.067051 0.151720 -0.509747 -0.067576 0.997713 -0.001700 -0.875949 -0.151487 -0.008576 0.988422 49.512174
0.983342 0.067608 0.168722 -0.478368 -0.068313 0.997663 -0.001631 -0.887944 -0.168438 -0.009922 0.985662 49.777137
0.980576 0.066657 0.184465 -0.413731 -0.067630 0.997710 -0.001021 -0.911495 -0.184110 -0.011474 0.982839 50.009038
0.977027 0.065299 0.202863 -0.360360 -0.066532 0.997784 -0.000740 -0.920465 -0.202462 -0.012774 0.979207 50.255028
0.973263 0.064759 0.220376 -0.278703 -0.066576 0.997781 0.000823 -0.951635 -0.219833 -0.015473 0.975415 50.495513
0.968143 0.064877 0.241848 -0.238349 -0.067025 0.997751 0.000654 -0.956097 -0.241262 -0.016843 0.970314 50.731601
0.962694 0.065747 0.262485 -0.143000 -0.067939 0.997689 -0.000725 -0.953786 -0.261926 -0.017135 0.964936 50.961857
0.956515 0.065061 0.284334 -0.028944 -0.067602 0.997712 -0.000878 -0.970158 -0.283741 -0.018382 0.958725 51.183618
0.948987 0.064507 0.308645 0.059215 -0.067532 0.997717 -0.000883 -0.960876 -0.307997 -0.020006 0.951177 51.423058
0.940308 0.066834 0.333699 0.181818 -0.070719 0.997496 -0.000508 -0.981475 -0.332897 -0.023121 0.942680 51.648884
0.930241 0.068298 0.360538 0.305766 -0.073138 0.997322 -0.000219 -0.998594 -0.359587 -0.026166 0.932745 51.881453
0.918615 0.068031 0.389254 0.430053 -0.074103 0.997250 0.000586 -1.013030 -0.388144 -0.029383 0.921130 52.105397
0.905320 0.064751 0.419765 0.559270 -0.072071 0.997398 0.001583 -1.018144 -0.418570 -0.031686 0.907631 52.332518
0.889371 0.059966 0.453236 0.693228 -0.068790 0.997627 0.002992 -1.024611 -0.451981 -0.033839 0.891386 52.563916
0.873113 0.055706 0.484324 0.894733 -0.065181 0.997870 0.002731 -1.031850 -0.483140 -0.033954 0.874884 52.739561
0.853060 0.054595 0.518949 1.048864 -0.064055 0.997946 0.000309 -1.035647 -0.517866 -0.033505 0.854805 52.964631
0.837799 0.054969 0.543204 1.316897 -0.061706 0.998077 -0.005830 -1.004931 -0.542480 -0.028635 0.839580 53.065396
0.813267 0.055602 0.579228 1.522432 -0.062749 0.998000 -0.007698 -1.012564 -0.578497 -0.030085 0.815129 53.284985
0.786269 0.058396 0.615119 1.732910 -0.066058 0.997763 -0.010285 -1.017785 -0.614343 -0.032547 0.788367 53.504199
0.756476 0.061915 0.651084 1.961839 -0.070161 0.997447 -0.013334 -1.027003 -0.650247 -0.035594 0.758888 53.737114
0.723455 0.061198 0.687653 2.210477 -0.071445 0.997352 -0.013596 -1.035196 -0.686664 -0.039293 0.725912 53.972940
0.687506 0.057683 0.723884 2.498532 -0.071852 0.997352 -0.011233 -1.042797 -0.722615 -0.044289 0.689830 54.188398
0.648922 0.054339 0.758912 2.819136 -0.072290 0.997337 -0.009597 -1.046400 -0.757413 -0.048634 0.651123 54.409097
0.606290 0.051505 0.793574 3.153537 -0.073155 0.997281 -0.008836 -1.049069 -0.791872 -0.052696 0.608410 54.627529
0.560168 0.047295 0.827028 3.506464 -0.072015 0.997369 -0.008258 -1.045458 -0.825242 -0.054933 0.562101 54.835956
0.512842 0.043212 0.857395 3.892539 -0.072699 0.997331 -0.006780 -1.055652 -0.855399 -0.058854 0.514615 55.020343
0.463425 0.039751 0.885244 4.296860 -0.075727 0.997115 -0.005131 -1.060023 -0.882895 -0.064659 0.465098 55.192359
0.414948 0.038077 0.909048 4.729340 -0.079940 0.996786 -0.005263 -1.063632 -0.906326 -0.070485 0.416659 55.342233
0.362369 0.040270 0.931164 5.153944 -0.085117 0.996321 -0.009965 -1.065335 -0.928140 -0.075647 0.364464 55.528304
0.312655 0.035661 0.949197 5.608259 -0.085655 0.996282 -0.009216 -1.080184 -0.945997 -0.078422 0.314547 55.663694
0.265389 0.023693 0.963850 6.086986 -0.084245 0.996444 -0.001298 -1.097766 -0.960454 -0.080855 0.266441 55.764522
0.225206 0.012266 0.974234 6.591670 -0.086228 0.996248 0.007389 -1.139092 -0.970488 -0.085671 0.225418 55.785451
0.184159 0.000503 0.982896 7.115746 -0.083569 0.996387 0.015148 -1.127267 -0.979337 -0.084930 0.183536 55.835514
0.147297 -0.005812 0.989075 7.630273 -0.081291 0.996529 0.017961 -1.118705 -0.985746 -0.083048 0.146313 55.873684
0.115560 -0.015903 0.993173 8.163938 -0.078605 0.996590 0.025104 -1.115796 -0.990185 -0.080969 0.113916 55.896665
0.087559 -0.024732 0.995852 8.717239 -0.078909 0.996378 0.031683 -1.106245 -0.993029 -0.081356 0.085290 55.904271
0.063304 -0.033845 0.997420 9.283476 -0.079142 0.996107 0.038823 -1.087994 -0.994851 -0.081396 0.060379 55.922006
0.042033 -0.038050 0.998391 9.861330 -0.079875 0.995948 0.041319 -1.074663 -0.995918 -0.081484 0.038823 55.943105
0.026429 -0.043229 0.998716 10.442855 -0.076531 0.996045 0.045138 -1.029420 -0.996717 -0.077625 0.023016 55.947767
0.013303 -0.044643 0.998914 11.048547 -0.076706 0.996013 0.045535 -1.006569 -0.996965 -0.077228 0.009826 55.947575
0.001495 -0.044932 0.998989 11.649777 -0.075783 0.996112 0.044916 -0.981214 -0.997123 -0.075773 -0.001916 55.935638
-0.008662 -0.048254 0.998798 12.270065 -0.073315 0.996177 0.047491 -0.967382 -0.997271 -0.072815 -0.012167 55.930895
-0.014989 -0.052950 0.998485 12.900908 -0.071326 0.996110 0.051753 -0.935929 -0.997340 -0.070442 -0.018707 55.922122
-0.019944 -0.053122 0.998389 13.540436 -0.072144 0.996061 0.051557 -0.909483 -0.997195 -0.070999 -0.023698 55.919990
-0.021967 -0.051406 0.998436 14.193221 -0.075110 0.995940 0.049625 -0.874040 -0.996933 -0.073903 -0.025739 55.879734
-0.024276 -0.049515 0.998478 14.855625 -0.082379 0.995475 0.047363 -0.852872 -0.996305 -0.081104 -0.028245 55.861306
-0.026857 -0.051074 0.998334 15.536616 -0.087577 0.994974 0.048546 -0.812516 -0.995796 -0.086127 -0.031195 55.875387
-0.027173 -0.053651 0.998190 16.222267 -0.090094 0.994626 0.051007 -0.789978 -0.995562 -0.088545 -0.031861 55.825800
-0.025579 -0.056954 0.998049 16.912092 -0.088168 0.994614 0.054498 -0.769065 -0.995777 -0.086602 -0.030463 55.773248
-0.025915 -0.058032 0.997978 17.608748 -0.080894 0.995161 0.055768 -0.737563 -0.996386 -0.079285 -0.030484 55.798506
-0.024499 -0.058601 0.997981 18.311621 -0.072740 0.995739 0.056684 -0.697244 -0.997050 -0.071204 -0.028657 55.799601
-0.021604 -0.058920 0.998029 19.031314 -0.071811 0.995775 0.057233 -0.652038 -0.997184 -0.070433 -0.025744 55.766992
-0.019068 -0.058363 0.998113 19.768541 -0.075776 0.995508 0.056763 -0.608278 -0.996942 -0.074551 -0.023405 55.741296
-0.016568 -0.057797 0.998191 20.506785 -0.082336 0.995016 0.056247 -0.579118 -0.996467 -0.081255 -0.021244 55.722128
-0.016633 -0.055880 0.998299 21.242225 -0.083447 0.995031 0.054307 -0.541771 -0.996373 -0.082402 -0.021213 55.735431
-0.012869 -0.063530 0.997897 21.968528 -0.078369 0.994974 0.062333 -0.515793 -0.996841 -0.077402 -0.017783 55.696805
-0.010779 -0.064256 0.997875 22.698041 -0.072510 0.995356 0.063310 -0.476044 -0.997309 -0.071673 -0.015388 55.695657
-0.009601 -0.057813 0.998281 23.434114 -0.071417 0.995817 0.056983 -0.423327 -0.997400 -0.070748 -0.013689 55.691497
-0.007042 -0.052974 0.998571 24.163853 -0.074971 0.995813 0.052299 -0.392493 -0.997161 -0.074495 -0.010984 55.722591
-0.002562 -0.056364 0.998407 24.907438 -0.078934 0.995306 0.055987 -0.378423 -0.996877 -0.078665 -0.006999 55.713555
0.001862 -0.060940 0.998140 25.647111 -0.077702 0.995115 0.060900 -0.347673 -0.996975 -0.077671 -0.002882 55.696796
0.004958 -0.060469 0.998158 26.371509 -0.073164 0.995473 0.060670 -0.313934 -0.997308 -0.073330 0.000512 55.691518
0.006240 -0.057169 0.998345 27.102927 -0.072969 0.995677 0.057472 -0.282064 -0.997315 -0.073206 0.002041 55.757712
0.009861 -0.055842 0.998391 27.841709 -0.074343 0.995635 0.056422 -0.264904 -0.997184 -0.074779 0.005667 55.765875
0.014654 -0.059528 0.998119 28.581067 -0.077055 0.995191 0.060485 -0.230770 -0.996919 -0.077796 0.009996 55.719477
0.018223 -0.063892 0.997790 29.316890 -0.076645 0.994930 0.065109 -0.206351 -0.996892 -0.077663 0.013234 55.725681
0.022409 -0.065521 0.997600 30.052503 -0.075033 0.994926 0.067031 -0.163835 -0.996929 -0.076355 0.017379 55.726032
0.025573 -0.065597 0.997518 30.787119 -0.074895 0.994915 0.067346 -0.120121 -0.996863 -0.076431 0.020530 55.724942
0.028959 -0.067215 0.997318 31.526671 -0.076116 0.994691 0.069248 -0.073967 -0.996678 -0.077917 0.023690 55.735808
0.032874 -0.069162 0.997064 32.267954 -0.076979 0.994464 0.071520 -0.033185 -0.996491 -0.079104 0.027368 55.751754
0.035968 -0.067340 0.997082 33.006753 -0.076977 0.994576 0.069948 0.008894 -0.996384 -0.079268 0.030589 55.767098
0.039256 -0.064579 0.997140 33.748628 -0.075034 0.994901 0.067388 0.062266 -0.996408 -0.077464 0.034210 55.789443
0.040951 -0.065383 0.997020 34.491855 -0.075488 0.994802 0.068338 0.097865 -0.996305 -0.078062 0.035802 55.831721
0.043575 -0.063178 0.997051 35.239172 -0.075848 0.994909 0.066357 0.144891 -0.996167 -0.078516 0.038561 55.867073
0.045784 -0.061617 0.997049 35.982378 -0.075224 0.995049 0.064948 0.198089 -0.996115 -0.077976 0.040922 55.909160
0.050368 -0.058626 0.997009 36.739749 -0.076250 0.995136 0.062368 0.226158 -0.995816 -0.079163 0.045653 55.919888
0.053474 -0.057468 0.996914 37.493061 -0.074515 0.995329 0.061373 0.266406 -0.995785 -0.077567 0.048942 55.965872
0.057014 -0.056750 0.996759 38.247902 -0.070762 0.995643 0.060734 0.311493 -0.995862 -0.073996 0.052750 55.997793
0.061061 -0.056893 0.996511 39.010103 -0.067900 0.995825 0.061014 0.358070 -0.995822 -0.071388 0.056943 56.026932
0.063204 -0.050665 0.996714 39.774141 -0.066635 0.996268 0.054867 0.396479 -0.995774 -0.069884 0.059592 56.092171
0.064521 -0.046858 0.996816 40.544567 -0.068601 0.996326 0.051276 0.428627 -0.995556 -0.071691 0.061069 56.177249
0.068508 -0.048965 0.996448 41.322356 -0.067039 0.996311 0.053568 0.466838 -0.995396 -0.070471 0.064973 56.215785
0.071910 -0.048254 0.996243 42.098949 -0.067527 0.996302 0.053131 0.485551 -0.995123 -0.071094 0.068386 56.295906
0.075398 -0.044269 0.996170 42.883436 -0.067361 0.996506 0.049382 0.523938 -0.994876 -0.070827 0.072152 56.363693
0.078693 -0.044202 0.995919 43.671841 -0.069645 0.996332 0.049723 0.563526 -0.994463 -0.073273 0.075325 56.459337
0.083088 -0.044234 0.995560 44.479162 -0.069497 0.996325 0.050068 0.594152 -0.994116 -0.073348 0.079708 56.541667
0.089992 -0.041126 0.995093 45.259621 -0.066514 0.996668 0.047206 0.616038 -0.993719 -0.070436 0.086957 56.569836
0.096192 -0.039635 0.994573 46.052033 -0.058516 0.997254 0.045401 0.637571 -0.993641 -0.062566 0.093609 56.644326
0.103470 -0.037348 0.993931 46.857911 -0.054119 0.997603 0.043119 0.660666 -0.993159 -0.058252 0.101201 56.720361
0.111001 -0.033930 0.993241 47.674510 -0.052105 0.997844 0.039910 0.692362 -0.992453 -0.056183 0.108993 56.817416
0.118375 -0.028862 0.992549 48.469267 -0.053875 0.997918 0.035443 0.723299 -0.991506 -0.057669 0.116574 56.913531
0.125691 -0.029015 0.991645 49.283232 -0.055388 0.997808 0.036216 0.747744 -0.990522 -0.059477 0.123809 57.029278
0.131461 -0.028377 0.990915 50.093567 -0.058447 0.997629 0.036324 0.783156 -0.989597 -0.062691 0.129491 57.173153
0.138641 -0.025756 0.990008 50.911090 -0.064277 0.997320 0.034948 0.806109 -0.988255 -0.068480 0.136614 57.298520
0.146229 -0.024397 0.988950 51.724290 -0.071704 0.996805 0.035193 0.837943 -0.986649 -0.076058 0.144013 57.420539
0.153109 -0.023337 0.987934 52.548021 -0.075075 0.996557 0.035176 0.838897 -0.985353 -0.079555 0.150830 57.548830
0.160038 -0.022710 0.986850 53.333887 -0.072814 0.996740 0.034746 0.856210 -0.984422 -0.077417 0.157862 57.680245
0.166068 -0.024257 0.985816 54.123323 -0.065800 0.997197 0.035621 0.880100 -0.983917 -0.070782 0.164006 57.814917
0.170984 -0.021908 0.985030 54.907199 -0.063029 0.997462 0.033125 0.893127 -0.983256 -0.067749 0.169169 57.952622
0.175172 -0.020197 0.984331 55.668302 -0.060521 0.997678 0.031241 0.906311 -0.982676 -0.065046 0.173543 58.104462
0.180668 -0.018192 0.983376 56.435895 -0.061569 0.997659 0.029768 0.923689 -0.981615 -0.065923 0.179125 58.250454
0.186413 -0.022881 0.982205 57.212461 -0.062770 0.997409 0.035148 0.946146 -0.980464 -0.068205 0.184493 58.392302
0.190903 -0.024063 0.981314 57.956466 -0.069025 0.996896 0.037873 0.964620 -0.979179 -0.074966 0.188649 58.542310
0.193187 -0.020225 0.980953 58.700696 -0.076815 0.996407 0.035671 0.963545 -0.978150 -0.082243 0.190940 58.716624
0.196905 -0.016668 0.980281 59.445388 -0.081091 0.996153 0.033227 0.981342 -0.977063 -0.086034 0.194796 58.850853
0.200577 -0.015113 0.979561 60.174021 -0.081665 0.996143 0.032091 0.993096 -0.976268 -0.086433 0.198569 58.980845
0.202837 -0.013742 0.979116 60.888657 -0.079809 0.996343 0.030517 1.014625 -0.975955 -0.084332 0.200998 59.128644
0.204177 -0.010322 0.978880 61.589789 -0.077085 0.996670 0.026588 1.026758 -0.975894 -0.080886 0.202702 59.288781
0.205822 -0.008159 0.978555 62.284589 -0.073382 0.997021 0.023748 1.039732 -0.975834 -0.076696 0.204610 59.430971
0.207968 -0.007438 0.978107 62.963791 -0.068422 0.997411 0.022133 1.043117 -0.975739 -0.071527 0.206921 59.578443
0.209278 -0.008763 0.977817 63.638120 -0.066161 0.997542 0.023100 1.052823 -0.975615 -0.069527 0.208184 59.731822
0.210317 -0.006668 0.977611 64.302862 -0.066917 0.997533 0.021200 1.064215 -0.975340 -0.069877 0.209352 59.895632
0.210674 -0.006352 0.977536 64.961286 -0.070407 0.997283 0.021654 1.062722 -0.975018 -0.073387 0.209655 60.053127
0.211461 -0.006557 0.977364 65.616232 -0.072877 0.997088 0.022457 1.066235 -0.974666 -0.075976 0.210368 60.187631
0.209792 -0.008069 0.977713 66.249666 -0.072638 0.997074 0.023815 1.086743 -0.975044 -0.076015 0.208592 60.349988
0.208483 -0.007476 0.977997 66.880871 -0.073607 0.997015 0.023312 1.091121 -0.975252 -0.076847 0.207311 60.483206
0.207896 -0.008833 0.978111 67.502199 -0.072340 0.997082 0.024380 1.112180 -0.975472 -0.075825 0.206651 60.621575
0.205236 -0.007865 0.978681 68.126686 -0.070106 0.997281 0.022716 1.115798 -0.976198 -0.073273 0.204127 60.763967
0.202885 -0.009353 0.979158 68.704235 -0.065644 0.997575 0.023131 1.117534 -0.977000 -0.068969 0.201779 60.883200
0.201974 -0.010723 0.979332 69.312738 -0.063421 0.997698 0.024004 1.127057 -0.977335 -0.066959 0.200829 60.997412
0.197227 -0.009078 0.980316 69.889977 -0.064820 0.997648 0.022279 1.135364 -0.978213 -0.067938 0.196174 61.136557
0.194773 -0.008686 0.980810 70.472516 -0.068061 0.997431 0.022349 1.138293 -0.978484 -0.071108 0.193681 61.251623
0.191934 -0.009813 0.981359 71.041125 -0.070226 0.997249 0.023707 1.160134 -0.978892 -0.073467 0.190717 61.369697
0.190987 -0.014805 0.981481 71.597110 -0.069707 0.997157 0.028605 1.163038 -0.979114 -0.073879 0.189412 61.460338
0.189490 -0.018619 0.981706 72.145521 -0.066709 0.997266 0.031790 1.171252 -0.979614 -0.071513 0.187730 61.554560
0.185755 -0.021966 0.982351 72.687927 -0.063576 0.997387 0.034324 1.174229 -0.980537 -0.068830 0.183873 61.660462
0.184080 -0.021285 0.982681 73.227845 -0.061829 0.997535 0.033188 1.187221 -0.980965 -0.066868 0.182310 61.755279
0.180847 -0.019105 0.983326 73.759993 -0.061046 0.997665 0.030611 1.170808 -0.981615 -0.065564 0.179259 61.883406
0.179655 -0.022023 0.983483 74.304457 -0.062227 0.997493 0.033704 1.184635 -0.981760 -0.067254 0.177834 61.987978
0.179634 -0.027506 0.983349 74.844338 -0.061968 0.997307 0.039217 1.190586 -0.981780 -0.067981 0.177446 62.099529
0.182185 -0.033582 0.982691 75.390465 -0.060244 0.997158 0.045245 1.233777 -0.981417 -0.067444 0.179644 62.184974
0.183824 -0.036663 0.982275 75.938371 -0.058410 0.997131 0.048148 1.272085 -0.981222 -0.066225 0.181156 62.290323
0.186357 -0.033772 0.981902 76.490763 -0.060123 0.997144 0.045707 1.281541 -0.980641 -0.067553 0.183794 62.409443
0.190416 -0.033180 0.981143 77.033273 -0.059886 0.997175 0.045345 1.304123 -0.979875 -0.067392 0.187891 62.550897
0.198561 -0.036651 0.979403 77.598642 -0.060341 0.996948 0.049541 1.340600 -0.978229 -0.068935 0.195743 62.637235
0.206253 -0.035155 0.977867 78.177113 -0.060753 0.996966 0.048656 1.369637 -0.976611 -0.069444 0.203492 62.764027
0.214039 -0.034457 0.976217 78.742220 -0.062541 0.996844 0.048897 1.382175 -0.974821 -0.071519 0.211209 62.879409
0.221941 -0.031131 0.974563 79.305048 -0.064122 0.996861 0.046446 1.405068 -0.972949 -0.072800 0.219248 63.029743
0.232057 -0.030641 0.972220 79.901412 -0.064091 0.996850 0.046715 1.439169 -0.970588 -0.073151 0.229362 63.171638
0.242060 -0.024888 0.969942 80.474526 -0.062801 0.997173 0.041259 1.450757 -0.968227 -0.070901 0.239813 63.308656
0.250289 -0.022983 0.967898 81.068487 -0.060752 0.997375 0.039392 1.489860 -0.966263 -0.068661 0.248236 63.511308
0.260785 -0.018968 0.965211 81.663328 -0.059619 0.997582 0.035712 1.513504 -0.963554 -0.066858 0.259024 63.693115
0.270634 -0.016938 0.962533 82.269451 -0.058795 0.997688 0.034088 1.522779 -0.960885 -0.065817 0.269013 63.883572
0.280221 -0.014576 0.959825 82.882216 -0.059902 0.997671 0.032639 1.538011 -0.958065 -0.066641 0.278695 64.081152
0.289738 -0.014205 0.957001 83.504176 -0.059339 0.997700 0.032775 1.563513 -0.955265 -0.066283 0.288229 64.313020
0.300622 -0.009708 0.953694 84.149876 -0.061111 0.997697 0.029420 1.574673 -0.951783 -0.067125 0.299337 64.517620
0.310082 -0.009484 0.950663 84.809469 -0.065951 0.997327 0.031461 1.583556 -0.948420 -0.072453 0.308627 64.753629
0.319363 -0.013407 0.947537 85.475065 -0.070530 0.996790 0.037875 1.598684 -0.945004 -0.078926 0.317393 64.998905
0.330208 -0.012844 0.943821 86.162900 -0.074052 0.996473 0.039468 1.600562 -0.940999 -0.082924 0.328092 65.224201
0.340336 -0.011074 0.940239 86.852594 -0.077457 0.996202 0.039770 1.621846 -0.937108 -0.086363 0.338186 65.481582
0.349232 -0.016332 0.936894 87.560801 -0.076033 0.996057 0.045705 1.637747 -0.933947 -0.087196 0.346613 65.742759
0.358595 -0.022125 0.933231 88.269008 -0.075690 0.995738 0.052690 1.681764 -0.930420 -0.089531 0.355392 66.004194
0.365773 -0.030225 0.930213 88.995664 -0.078172 0.994943 0.063066 1.704954 -0.927415 -0.095785 0.361561 66.293088
0.373289 -0.035112 0.927050 89.722796 -0.078355 0.994520 0.069218 1.741912 -0.924400 -0.098478 0.368492 66.568270
0.380303 -0.035915 0.924164 90.442523 -0.076311 0.994620 0.070056 1.784820 -0.921708 -0.097166 0.375516 66.868632
0.388770 -0.036099 0.920627 91.180798 -0.068641 0.995320 0.068014 1.798959 -0.918774 -0.089635 0.384473 67.103113
0.395910 -0.039388 0.917444 91.899694 -0.061383 0.995710 0.069237 1.840228 -0.916235 -0.083728 0.391794 67.418597
0.401260 -0.037463 0.915198 92.610637 -0.060180 0.995926 0.067153 1.897751 -0.913985 -0.082022 0.397370 67.733398
0.407717 -0.031813 0.912554 93.319796 -0.064196 0.995921 0.063402 1.941536 -0.910849 -0.084432 0.404012 68.029935
0.411458 -0.025698 0.911066 94.002253 -0.065292 0.996203 0.057587 1.984888 -0.909087 -0.083180 0.408218 68.371152
0.414675 -0.024820 0.909631 94.675603 -0.062474 0.996493 0.055670 2.019327 -0.907822 -0.079913 0.411671 68.706206
0.418673 -0.020995 0.907894 95.364818 -0.061510 0.996781 0.051416 2.045121 -0.906052 -0.077371 0.416034 69.016738
0.420040 -0.016847 0.907349 96.003219 -0.059339 0.997178 0.045985 2.107994 -0.905563 -0.073156 0.417855 69.354451
0.423969 -0.015510 0.905544 96.670257 -0.061807 0.997027 0.046015 2.129698 -0.903565 -0.075477 0.421750 69.666379
0.428446 -0.016040 0.903425 97.341366 -0.063606 0.996827 0.047863 2.159518 -0.901326 -0.077970 0.426066 69.971503
0.432135 -0.016045 0.901666 97.975657 -0.066695 0.996535 0.049698 2.175920 -0.899339 -0.081613 0.429568 70.279423
0.435720 -0.014410 0.899967 98.629289 -0.068415 0.996449 0.049079 2.198209 -0.897479 -0.082956 0.433187 70.591050
0.439750 -0.014212 0.898008 99.232033 -0.067026 0.996567 0.048594 2.240203 -0.895616 -0.081559 0.437288 70.882783
0.441851 -0.014815 0.896966 99.831198 -0.065697 0.996644 0.048825 2.259596 -0.894679 -0.080502 0.439395 71.199602
0.444391 -0.018279 0.895646 100.430819 -0.065402 0.996462 0.052786 2.278900 -0.893442 -0.082035 0.441624 71.506107
0.444326 -0.019384 0.895655 101.018905 -0.065466 0.996390 0.054041 2.302562 -0.893470 -0.082647 0.441453 71.811060
0.445925 -0.018185 0.894886 101.602826 -0.066940 0.996316 0.053603 2.321367 -0.892564 -0.083806 0.443065 72.107468
0.447875 -0.019694 0.893879 102.179791 -0.066053 0.996297 0.055046 2.346404 -0.891653 -0.083697 0.444915 72.398218
0.450083 -0.019057 0.892783 102.736628 -0.064478 0.996469 0.053776 2.377581 -0.890656 -0.081768 0.447265 72.697727
0.452967 -0.021384 0.891271 103.285704 -0.062240 0.996515 0.055541 2.392621 -0.889352 -0.080631 0.450057 72.981505
0.454864 -0.022611 0.890274 103.827685 -0.061312 0.996511 0.056635 2.411233 -0.888448 -0.080345 0.451890 73.276270
0.459787 -0.029027 0.887555 104.390290 -0.057958 0.996354 0.062610 2.462463 -0.886136 -0.080228 0.456428 73.496042
0.463307 -0.029901 0.885693 104.923634 -0.057165 0.996341 0.063539 2.490757 -0.884352 -0.080069 0.459903 73.770380
0.466556 -0.029977 0.883983 105.451711 -0.057097 0.996320 0.063921 2.510076 -0.882647 -0.080295 0.463128 74.033108
0.469492 -0.030336 0.882415 105.962756 -0.057462 0.996241 0.064822 2.532300 -0.881065 -0.081139 0.465984 74.319307
0.473350 -0.031521 0.880310 106.482002 -0.056234 0.996240 0.065910 2.563947 -0.879078 -0.080702 0.469798 74.575539
0.477152 -0.030627 0.878287 106.982968 -0.055486 0.996349 0.064888 2.585034 -0.877068 -0.079694 0.473710 74.863995
0.481438 -0.031621 0.875909 107.506629 -0.053867 0.996392 0.065579 2.605692 -0.874823 -0.078755 0.477998 75.112382
0.485102 -0.029527 0.873959 107.977960 -0.052168 0.996672 0.062630 2.644104 -0.872900 -0.075975 0.481947 75.441984
0.490133 -0.025866 0.871264 108.454009 -0.049385 0.997130 0.057384 2.672394 -0.870247 -0.071153 0.487449 75.744972
0.495962 -0.019408 0.868127 108.954832 -0.048545 0.997567 0.050035 2.672099 -0.866986 -0.066958 0.493814 76.033181
0.502271 -0.014350 0.864591 109.441617 -0.047062 0.997927 0.043903 2.692739 -0.863429 -0.062741 0.500554 76.328334
0.509715 -0.011508 0.860266 109.947883 -0.044774 0.998201 0.039882 2.722684 -0.859177 -0.058847 0.508283 76.606148
0.518287 -0.007973 0.855169 110.471785 -0.047925 0.998114 0.038351 2.743075 -0.853863 -0.060861 0.516928 76.873791
0.524567 -0.001283 0.851368 110.991995 -0.054281 0.997914 0.034949 2.799904 -0.849637 -0.064547 0.523403 77.172987
0.530480 0.004632 0.847685 111.508581 -0.062217 0.997501 0.033484 2.826275 -0.845411 -0.070503 0.529442 77.502388
0.535978 0.012042 0.844146 112.024839 -0.071352 0.996967 0.031082 2.830114 -0.841211 -0.076891 0.535212 77.853014
0.543456 0.013420 0.839331 112.568338 -0.074474 0.996700 0.032285 2.850778 -0.836128 -0.080053 0.542662 78.173821
0.549367 0.017811 0.835391 113.063655 -0.075412 0.996750 0.028341 2.861009 -0.832171 -0.078568 0.548924 78.565351
0.555473 0.021820 0.831248 113.589616 -0.075228 0.996875 0.024102 2.875499 -0.828125 -0.075921 0.555379 78.940538
0.561335 0.025389 0.827199 114.124159 -0.075098 0.996968 0.020362 2.880247 -0.824174 -0.073551 0.561540 79.322583
0.567800 0.027731 0.822700 114.687288 -0.074741 0.997041 0.017975 2.894713 -0.819767 -0.071696 0.568192 79.700808
0.574197 0.030510 0.818148 115.244762 -0.076263 0.996954 0.016345 2.909578 -0.815157 -0.071780 0.574775 80.113830
0.583250 0.034649 0.811553 115.862270 -0.077834 0.996877 0.013377 2.929613 -0.808555 -0.070969 0.584125 80.458381
0.589996 0.035110 0.806642 116.437474 -0.079245 0.996749 0.014577 2.940531 -0.803508 -0.072522 0.590860 80.896188
0.598402 0.034209 0.800466 117.025674 -0.079125 0.996727 0.016555 2.966242 -0.797280 -0.073244 0.599150 81.333627
0.605391 0.033711 0.795214 117.610419 -0.079108 0.996704 0.017971 2.959983 -0.791987 -0.073788 0.606063 81.792499
0.613083 0.038300 0.789090 118.198410 -0.081495 0.996562 0.014947 2.971980 -0.785804 -0.073471 0.614096 82.258762
0.620555 0.039656 0.783160 118.789976 -0.081404 0.996582 0.014039 2.978586 -0.779926 -0.072465 0.621662 82.747126
0.629366 0.042740 0.775933 119.426605 -0.083615 0.996414 0.012936 2.971933 -0.772598 -0.073021 0.630683 83.201417
0.633704 0.042348 0.772416 120.015551 -0.082996 0.996459 0.013460 2.997266 -0.769110 -0.072637 0.634975 83.736807
0.636801 0.041169 0.769928 120.627265 -0.081919 0.996534 0.014468 3.018276 -0.766664 -0.072285 0.637967 84.264564
0.640421 0.037882 0.767089 121.259852 -0.079576 0.996680 0.017215 3.032242 -0.763891 -0.072067 0.641309 84.813938
0.645499 0.032594 0.763065 121.898618 -0.075310 0.996936 0.021123 3.051961 -0.760039 -0.071102 0.645976 85.309218
0.649528 0.025678 0.759904 122.556999 -0.071299 0.997083 0.027251 3.075077 -0.756987 -0.071880 0.649464 85.852294
0.654178 0.019418 0.756091 123.212154 -0.066792 0.997248 0.032177 3.123821 -0.753386 -0.071550 0.653674 86.406741
0.658053 0.014005 0.752842 123.866618 -0.064179 0.997232 0.037547 3.151530 -0.750232 -0.073024 0.657130 86.950164
0.662704 0.013403 0.748762 124.543204 -0.065108 0.997085 0.039777 3.161144 -0.746046 -0.075111 0.661645 87.490882
0.665690 0.014715 0.746083 125.186296 -0.064780 0.997171 0.038133 3.182845 -0.743411 -0.073716 0.664760 88.068528
0.670159 0.020843 0.741925 125.876366 -0.067232 0.997201 0.032714 3.210620 -0.739166 -0.071804 0.669685 88.636979
0.672700 0.027019 0.739422 126.502344 -0.071545 0.997026 0.028656 3.239332 -0.736448 -0.072179 0.672633 89.240142
0.675448 0.027326 0.736902 127.156827 -0.074804 0.996697 0.031606 3.260125 -0.733604 -0.076471 0.675261 89.845965
0.679022 0.030948 0.733465 127.816996 -0.081538 0.996109 0.033456 3.283975 -0.729575 -0.082523 0.678903 90.458810
0.682551 0.029969 0.730223 128.471843 -0.085574 0.995563 0.039129 3.309787 -0.725811 -0.089195 0.682087 91.081716
0.687037 0.027831 0.726089 129.116759 -0.086169 0.995336 0.043383 3.330247 -0.721495 -0.092372 0.686231 91.710930
0.691793 0.022568 0.721743 129.770905 -0.080827 0.995650 0.046340 3.360286 -0.717558 -0.090394 0.690608 92.334451
0.696822 0.013706 0.717113 130.411122 -0.070287 0.996310 0.049256 3.373925 -0.713792 -0.084727 0.695214 92.962214
0.700598 0.009841 0.713488 131.035813 -0.060688 0.997104 0.045839 3.411092 -0.710971 -0.075414 0.699166 93.634620
0.706909 0.006888 0.707271 131.676839 -0.055617 0.997398 0.045875 3.442628 -0.705114 -0.071766 0.705453 94.260625
0.713104 0.004671 0.701043 132.339494 -0.055916 0.997171 0.050233 3.479668 -0.698825 -0.075020 0.711348 94.901066
0.719145 0.001329 0.694858 133.002157 -0.055046 0.996964 0.055063 3.509674 -0.692676 -0.077848 0.717035 95.549992
0.724770 -0.004045 0.688979 133.647488 -0.050323 0.997001 0.058790 3.554020 -0.687151 -0.077281 0.722393 96.212571
0.729373 -0.005371 0.684095 134.286422 -0.045004 0.997426 0.055814 3.601168 -0.682635 -0.071496 0.727254 96.883112
0.733237 -0.006348 0.679943 134.919463 -0.042676 0.997555 0.055334 3.659233 -0.678632 -0.069590 0.731174 97.560962
0.736055 -0.007639 0.676879 135.554507 -0.042486 0.997444 0.057458 3.695068 -0.675587 -0.071050 0.733848 98.253606
0.739021 -0.012723 0.673562 136.196539 -0.041394 0.997075 0.064251 3.745521 -0.672409 -0.075364 0.736333 98.939541
0.739716 -0.015544 0.672740 136.833784 -0.041230 0.996808 0.068366 3.794995 -0.671655 -0.078309 0.736714 99.656728
0.739500 -0.017764 0.672922 137.447695 -0.041427 0.996556 0.071833 3.845457 -0.671880 -0.080997 0.736218 100.345432
0.739822 -0.018047 0.672560 138.073265 -0.041876 0.996467 0.072803 3.909930 -0.671498 -0.082025 0.736453 101.048970
0.739251 -0.014060 0.673284 138.706572 -0.045654 0.996436 0.070936 3.950508 -0.671881 -0.083178 0.735974 101.749246
0.738419 -0.012276 0.674230 139.331913 -0.045999 0.996589 0.068523 4.003653 -0.672772 -0.081613 0.735335 102.463774
0.736848 -0.008353 0.676007 139.970553 -0.047837 0.996773 0.064458 4.061620 -0.674364 -0.079833 0.734070 103.186834
0.734889 -0.004936 0.678169 140.593318 -0.049371 0.996931 0.060756 4.112455 -0.676388 -0.078131 0.732390 103.867775
0.732695 -0.000110 0.680557 141.229235 -0.053839 0.996856 0.058125 4.152374 -0.678424 -0.079229 0.730386 104.553799
0.729659 0.001855 0.683809 141.852282 -0.055648 0.996841 0.056675 4.205053 -0.681543 -0.079406 0.727457 105.274049
0.727176 0.002149 0.686448 142.495135 -0.057390 0.996684 0.057676 4.247693 -0.684048 -0.081336 0.724888 105.958402
0.724489 0.003525 0.689277 143.130087 -0.061186 0.996368 0.059216 4.273531 -0.686565 -0.085076 0.722074 106.638378
0.721491 0.000248 0.692424 143.764257 -0.060387 0.996212 0.062565 4.304359 -0.689786 -0.086953 0.718773 107.322813
0.718454 0.000595 0.695575 144.395878 -0.057437 0.996635 0.058474 4.342983 -0.693199 -0.081962 0.716070 107.987180
0.714619 0.007768 0.699471 145.029498 -0.057001 0.997260 0.047161 4.368790 -0.697187 -0.073573 0.713104 108.644205
0.711408 0.009241 0.702719 145.671834 -0.054106 0.997666 0.041656 4.395257 -0.700694 -0.067656 0.710247 109.303431
0.707975 0.010207 0.706163 146.329127 -0.058245 0.997333 0.043979 4.424540 -0.703831 -0.072266 0.706682 109.967833
0.704334 0.012287 0.709763 146.966387 -0.064161 0.996860 0.046413 4.446180 -0.706963 -0.078230 0.702910 110.615352
0.700754 0.013768 0.713270 147.625034 -0.068822 0.996455 0.048381 4.476756 -0.710075 -0.082992 0.699218 111.275093
0.697319 0.013115 0.716641 148.253831 -0.068502 0.996475 0.048419 4.503952 -0.713480 -0.082855 0.695760 111.906059
0.693984 0.012005 0.719891 148.895120 -0.068782 0.996393 0.049690 4.524926 -0.716698 -0.083999 0.692306 112.546621
0.690842 0.008056 0.722961 149.543650 -0.064755 0.996609 0.050773 4.550721 -0.720100 -0.081891 0.689021 113.194837
0.687504 0.003873 0.726170 150.195296 -0.060724 0.996790 0.052174 4.583487 -0.723637 -0.079966 0.685532 113.811499
0.683957 -0.000000 0.729523 150.849281 -0.056025 0.997047 0.052526 4.622102 -0.727368 -0.076797 0.681937 114.405856
0.680581 -0.000106 0.732673 151.510089 -0.056455 0.997019 0.052585 4.655260 -0.730495 -0.077151 0.678547 115.011345
0.677037 0.001252 0.735948 152.187549 -0.057597 0.997022 0.051290 4.697075 -0.733692 -0.077113 0.675092 115.603632
0.671891 0.000726 0.740650 152.858185 -0.057768 0.997005 0.051428 4.731278 -0.738394 -0.077340 0.669920 116.211642
0.666036 0.002642 0.745915 153.515296 -0.058515 0.997097 0.048717 4.775154 -0.743621 -0.076095 0.664257 116.822175
0.659454 0.008546 0.751697 154.183757 -0.058865 0.997452 0.040301 4.779630 -0.749437 -0.070825 0.658277 117.432959
0.652735 0.015150 0.757435 154.853999 -0.060466 0.997652 0.032153 4.787742 -0.755169 -0.066787 0.652119 118.038948
0.645656 0.017904 0.763418 155.549138 -0.060662 0.997768 0.027905 4.794184 -0.761215 -0.064327 0.645301 118.643133
0.639611 0.019227 0.768458 156.264102 -0.068173 0.997167 0.031793 4.807107 -0.765670 -0.072723 0.639110 119.217437
0.631805 0.027769 0.774630 156.979037 -0.082074 0.996137 0.031231 4.816752 -0.770770 -0.083309 0.631644 119.817469
0.624464 0.026451 0.780606 157.697488 -0.086427 0.995629 0.035403 4.836355 -0.776257 -0.089573 0.624020 120.410616
0.617665 0.030020 0.785868 158.436714 -0.091052 0.995281 0.033544 4.869448 -0.781153 -0.092274 0.617483 120.984573
0.610254 0.027836 0.791717 159.188364 -0.088265 0.995549 0.033032 4.886527 -0.787273 -0.090039 0.609995 121.554080
0.604260 0.021416 0.796499 159.957778 -0.081767 0.996028 0.035252 4.901814 -0.792580 -0.086429 0.603611 122.124450
0.597040 0.021080 0.801934 160.687365 -0.072776 0.996956 0.027975 4.918037 -0.798903 -0.075064 0.596757 122.680667
0.589972 0.017420 0.807236 161.445348 -0.068244 0.997266 0.028355 4.928594 -0.804534 -0.071818 0.589548 123.217556
0.581619 0.014413 0.813334 162.202433 -0.069033 0.997111 0.031697 4.972721 -0.810527 -0.074583 0.580933 123.824173
0.574476 0.011079 0.818446 162.972549 -0.071436 0.996772 0.036649 4.987166 -0.815398 -0.079520 0.573413 124.346971
0.567929 0.010107 0.823016 163.736927 -0.073179 0.996585 0.038260 4.968316 -0.819818 -0.081957 0.566729 124.860559
0.560060 0.011852 0.828368 164.486410 -0.073602 0.996656 0.035503 5.008632 -0.825176 -0.080853 0.559059 125.403385
0.554099 0.007457 0.832418 165.259530 -0.071149 0.996725 0.038432 5.033539 -0.829405 -0.080521 0.552815 125.916150
0.550005 0.001706 0.835160 166.039561 -0.071741 0.996398 0.045211 5.050811 -0.832075 -0.084781 0.548146 126.397878
0.545258 0.000556 0.838268 166.794973 -0.074000 0.996128 0.047473 5.076885 -0.834996 -0.087917 0.543188 126.894397
0.540692 0.001922 0.841218 167.535549 -0.077157 0.995896 0.047317 5.092901 -0.837675 -0.090489 0.538621 127.400044
0.536359 0.002899 0.843985 168.284066 -0.076106 0.996086 0.044945 5.107921 -0.840551 -0.088339 0.534481 127.863041
0.532668 0.002140 0.846322 169.043786 -0.072791 0.996407 0.043295 5.130896 -0.843188 -0.084666 0.530910 128.334665
0.530716 0.002714 0.847545 169.774400 -0.067053 0.996995 0.038795 5.172864 -0.844893 -0.077420 0.529303 128.766718
