0.999993 0.003211 0.001837 0.000000 -0.003213 0.999994 0.001070 0.000000 -0.001833 -0.001076 0.999998 0.000000
0.999978 0.005887 0.002910 0.000000 -0.005891 0.999982 0.001497 0.000000 -0.002901 -0.001514 0.999995 0.000000
0.999965 0.006170 0.005732 -0.218681 -0.006176 0.999980 0.001030 -0.034699 -0.005726 -0.001066 0.999983 2.610993
0.999953 0.007547 0.006168 -0.240495 -0.007557 0.999970 0.001594 -0.077876 -0.006156 -0.001640 0.999980 3.414467
0.999948 0.006925 0.007528 -0.287164 -0.006933 0.999975 0.001009 -0.075248 -0.007521 -0.001061 0.999971 4.160676
0.999949 0.006688 0.007573 -0.290375 -0.006707 0.999975 0.002433 -0.112644 -0.007556 -0.002483 0.999968 4.914724
0.999936 0.007551 0.008417 -0.296918 -0.007588 0.999962 0.004393 -0.110135 -0.008384 -0.004457 0.999955 5.629378
0.999919 0.007209 0.010515 -0.314835 -0.007302 0.999934 0.008818 -0.134871 -0.010451 -0.008894 0.999906 6.302412
0.999903 0.006929 0.012063 -0.327311 -0.007080 0.999896 0.012533 -0.164668 -0.011975 -0.012617 0.999849 6.944237
0.999899 0.005846 0.012924 -0.328527 -0.006035 0.999874 0.014692 -0.177111 -0.012837 -0.014768 0.999809 7.566987
0.999861 0.006147 0.015474 -0.379798 -0.006377 0.999869 0.014869 -0.190146 -0.015381 -0.014965 0.999770 8.176921
0.999840 0.006427 0.016664 -0.398482 -0.006637 0.999899 0.012578 -0.213803 -0.016582 -0.012686 0.999782 8.738274
0.999842 0.006110 0.016698 -0.356427 -0.006273 0.999933 0.009760 -0.217146 -0.016638 -0.009863 0.999813 9.249439
0.999820 0.004446 0.018457 -0.357631 -0.004598 0.999956 0.008199 -0.221692 -0.018420 -0.008283 0.999796 9.734234
0.999827 0.001028 0.018594 -0.313563 -0.001127 0.999985 0.005314 -0.222548 -0.018588 -0.005334 0.999813 10.199736
0.999805 -0.000695 0.019722 -0.284472 0.000608 0.999990 0.004434 -0.236978 -0.019725 -0.004421 0.999796 10.639711
0.999759 0.002769 0.021765 -0.262402 -0.002825 0.999993 0.002536 -0.247368 -0.021758 -0.002597 0.999760 11.070717
0.999667 0.007296 0.024754 -0.251174 -0.007347 0.999971 0.001972 -0.259699 -0.024739 -0.002154 0.999692 11.443227
0.999546 0.007425 0.029185 -0.281869 -0.007510 0.999968 0.002832 -0.261164 -0.029163 -0.003050 0.999570 11.790740
0.999465 0.003816 0.032473 -0.284617 -0.003931 0.999986 0.003473 -0.276369 -0.032459 -0.003599 0.999467 12.122125
0.999342 -0.000651 0.036261 -0.305586 0.000516 0.999993 0.003713 -0.283219 -0.036263 -0.003692 0.999335 12.429691
0.999246 -0.005021 0.038491 -0.302291 0.004816 0.999974 0.005419 -0.304376 -0.038517 -0.005229 0.999244 12.718230
0.999148 -0.005302 0.040940 -0.281074 0.005034 0.999965 0.006638 -0.312642 -0.040974 -0.006426 0.999140 12.938254
0.999048 -0.004851 0.043357 -0.285411 0.004604 0.999973 0.005799 -0.321288 -0.043384 -0.005594 0.999043 13.158160
0.999069 -0.003311 0.043024 -0.221129 0.003166 0.999989 0.003429 -0.311219 -0.043035 -0.003290 0.999068 13.358580
0.998933 -0.001036 0.046176 -0.202202 0.000912 0.999996 0.002691 -0.320966 -0.046178 -0.002646 0.998930 13.565769
0.998849 0.000827 0.047967 -0.227019 -0.000933 0.999997 0.002189 -0.336009 -0.047965 -0.002231 0.998847 13.772283
0.998744 0.001853 0.050070 -0.251600 -0.001912 0.999998 0.001141 -0.351788 -0.050068 -0.001235 0.998745 13.970477
0.998629 0.001007 0.052345 -0.259588 -0.000975 0.999999 -0.000639 -0.353186 -0.052345 0.000587 0.998629 14.164749
0.998534 -0.000371 0.054133 -0.249074 0.000470 0.999998 -0.001833 -0.358789 -0.054132 0.001856 0.998532 14.356189
0.998460 -0.001507 0.055452 -0.245102 0.001652 0.999995 -0.002569 -0.367589 -0.055448 0.002657 0.998458 14.548170
0.998370 -0.001236 0.057054 -0.245641 0.001464 0.999991 -0.003950 -0.368817 -0.057049 0.004027 0.998363 14.739891
0.998325 -0.000760 0.057845 -0.201165 0.001107 0.999982 -0.005972 -0.364887 -0.057839 0.006026 0.998308 14.925358
0.998305 -0.000499 0.058198 -0.186053 0.000980 0.999966 -0.008240 -0.370450 -0.058192 0.008283 0.998271 15.115466
0.998239 -0.001766 0.059302 -0.199398 0.002389 0.999943 -0.010435 -0.372148 -0.059280 0.010558 0.998186 15.305426
0.998351 -0.002958 0.057323 -0.149259 0.003674 0.999917 -0.012382 -0.371093 -0.057282 0.012572 0.998279 15.489041
0.998463 -0.003358 0.055326 -0.149273 0.004116 0.999899 -0.013596 -0.371324 -0.055275 0.013803 0.998376 15.677946
0.998606 -0.003986 0.052626 -0.166600 0.004755 0.999884 -0.014496 -0.369941 -0.052562 0.014727 0.998509 15.866932
0.998811 -0.003551 0.048629 -0.165856 0.004325 0.999865 -0.015820 -0.372060 -0.048566 0.016012 0.998692 16.056560
0.999063 -0.003385 0.043154 -0.182546 0.004121 0.999847 -0.016990 -0.377191 -0.043090 0.017151 0.998924 16.245270
0.999356 -0.003408 0.035716 -0.164386 0.004055 0.999829 -0.018064 -0.375959 -0.035648 0.018198 0.999199 16.433608
0.999582 -0.003057 0.028764 -0.163595 0.003602 0.999814 -0.018927 -0.378966 -0.028701 0.019023 0.999407 16.619954
0.999781 -0.003283 0.020660 -0.154667 0.003692 0.999797 -0.019791 -0.386073 -0.020591 0.019863 0.999591 16.806126
0.999934 -0.004931 0.010397 -0.149030 0.005149 0.999765 -0.021042 -0.389034 -0.010291 0.021094 0.999725 16.995681
0.999971 -0.007286 -0.002256 -0.147949 0.007232 0.999715 -0.022761 -0.389771 0.002422 0.022744 0.999738 17.187793
0.999807 -0.008433 -0.017727 -0.185945 0.007993 0.999661 -0.024768 -0.390575 0.017930 0.024621 0.999536 17.384995
0.999285 -0.008410 -0.036848 -0.202144 0.007469 0.999644 -0.025617 -0.398844 0.037051 0.025323 0.998992 17.585078
0.998288 -0.008046 -0.057933 -0.244578 0.006605 0.999665 -0.025032 -0.410318 0.058115 0.024607 0.998007 17.793981
0.996696 -0.008132 -0.080814 -0.299819 0.006230 0.999698 -0.023767 -0.413292 0.080983 0.023185 0.996446 18.004704
0.994208 -0.007524 -0.107209 -0.369252 0.005212 0.999748 -0.021829 -0.445540 0.107346 0.021144 0.993997 18.233594
0.990568 -0.007771 -0.136803 -0.445083 0.005076 0.999786 -0.020036 -0.444254 0.136930 0.019152 0.990396 18.465281
0.985658 -0.008400 -0.168548 -0.526347 0.005635 0.999842 -0.016876 -0.449509 0.168664 0.015684 0.985549 18.723104
0.978844 -0.008410 -0.204433 -0.621513 0.005822 0.999895 -0.013259 -0.453646 0.204523 0.011789 0.978791 18.991957
0.969787 -0.008284 -0.243812 -0.702952 0.006547 0.999947 -0.007932 -0.482176 0.243865 0.006096 0.969790 19.261041
0.958536 -0.005861 -0.284913 -0.839714 0.005268 0.999982 -0.002850 -0.495481 0.284924 0.001231 0.958549 19.540873
0.944683 -0.004308 -0.327957 -0.928396 0.005355 0.999983 0.002290 -0.544175 0.327942 -0.003920 0.944690 19.852647
0.928905 -0.003103 -0.370306 -1.076109 0.006113 0.999957 0.006954 -0.539286 0.370269 -0.008724 0.928884 20.144038
0.911066 -0.003112 -0.412250 -1.273673 0.008765 0.999892 0.011823 -0.518509 0.412168 -0.014385 0.910994 20.440544
0.889505 0.000853 -0.456924 -1.433632 0.008683 0.999786 0.018768 -0.525168 0.456843 -0.020662 0.889308 20.753003
0.865971 0.005644 -0.500062 -1.645246 0.007307 0.999687 0.023938 -0.542830 0.500040 -0.024383 0.865659 21.016528
0.839909 0.007920 -0.542669 -1.898522 0.007099 0.999648 0.025577 -0.534808 0.542680 -0.025335 0.839557 21.292689
0.810778 0.014728 -0.585168 -2.155980 0.003065 0.999563 0.029405 -0.538035 0.585345 -0.025635 0.810379 21.571811
0.778533 0.015763 -0.627405 -2.434201 0.003435 0.999563 0.029375 -0.520130 0.627594 -0.025024 0.778139 21.845953
0.743682 0.019967 -0.668236 -2.741144 0.002917 0.999447 0.033110 -0.514743 0.668528 -0.026573 0.743212 22.105155
0.707003 0.021295 -0.706890 -3.053870 0.003971 0.999411 0.034079 -0.500794 0.707199 -0.026901 0.706502 22.370165
0.667610 0.019311 -0.744261 -3.430017 0.005883 0.999495 0.031211 -0.505075 0.744488 -0.025216 0.667159 22.625446
0.628862 0.016021 -0.777352 -3.843621 0.008446 0.999588 0.027434 -0.491994 0.777471 -0.023817 0.628467 22.859941
0.583345 0.019022 -0.812001 -3.446329 0.010315 0.999472 0.030824 -0.490861 0.812159 -0.026357 0.582841 22.592038
0.538685 0.022339 -0.842211 -3.891389 0.009344 0.999429 0.032485 -0.469940 0.842456 -0.025368 0.538168 22.823098
0.490464 0.024655 -0.871113 -4.341339 0.008084 0.999428 0.032839 -0.463091 0.871424 -0.023148 0.489984 23.040348
0.439292 0.023679 -0.898032 -4.851522 0.008837 0.999490 0.030678 -0.447571 0.898301 -0.021413 0.438859 23.254004
0.387202 0.022048 -0.921731 -5.377873 0.010175 0.999551 0.028183 -0.436576 0.921939 -0.020291 0.386804 23.440389
0.334744 0.023819 -0.942008 -5.934882 0.008717 0.999559 0.028372 -0.422322 0.942269 -0.017709 0.334389 23.611142
0.282853 0.026082 -0.958809 -6.511026 0.013473 0.999424 0.031161 -0.401375 0.959069 -0.021732 0.282339 23.754022
0.231974 0.026487 -0.972361 -7.113714 0.018537 0.999327 0.031644 -0.392869 0.972545 -0.025365 0.231327 23.877783
0.183346 0.024500 -0.982743 -7.769617 0.021218 0.999358 0.028873 -0.390282 0.982819 -0.026145 0.182708 23.992764
0.140551 0.025940 -0.989734 -8.434402 0.022314 0.999320 0.029360 -0.383825 0.989822 -0.026211 0.139876 24.046738
0.101464 0.030252 -0.994379 -9.138065 0.019686 0.999281 0.032409 -0.364498 0.994644 -0.022864 0.100795 24.080229
0.066846 0.034969 -0.997150 -9.833306 0.014531 0.999246 0.036016 -0.337144 0.997657 -0.016897 0.066288 24.099934
0.039220 0.039700 -0.998442 -10.560231 0.014104 0.999089 0.040280 -0.315832 0.999131 -0.015662 0.038625 24.089859
0.018655 0.042056 -0.998941 -11.317553 0.018266 0.998934 0.042397 -0.284701 0.999659 -0.019038 0.017867 24.086744
0.006325 0.042481 -0.999077 -12.131401 0.024310 0.998795 0.042623 -0.257892 0.999684 -0.024557 0.005285 24.067126
-0.001346 0.043088 -0.999070 -12.917781 0.027021 0.998708 0.043036 -0.240081 0.999634 -0.026937 -0.002508 24.044112
-0.005126 0.042265 -0.999093 -13.735573 0.024008 0.998824 0.042131 -0.211872 0.999699 -0.023770 -0.006135 24.019300
-0.003706 0.035197 -0.999374 -14.551782 0.019544 0.999192 0.035118 -0.186531 0.999802 -0.019401 -0.004391 23.988190
0.000005 0.023341 -0.999728 -15.429841 0.017542 0.999574 0.023337 -0.167767 0.999846 -0.017537 -0.000405 23.975683
0.005300 0.022662 -0.999729 -16.297948 0.017649 0.999585 0.022753 -0.154922 0.999830 -0.017764 0.004898 23.989438
0.010077 0.024119 -0.999658 -17.201320 0.016557 0.999568 0.024284 -0.153815 0.999812 -0.016796 0.009673 23.998428
0.011322 0.020337 -0.999729 -18.097136 0.009776 0.999743 0.020448 -0.139614 0.999888 -0.010005 0.011120 24.019191
0.013483 0.023832 -0.999625 -19.045010 -0.000551 0.999716 0.023827 -0.127020 0.999909 0.000230 0.013493 24.020451
0.014135 0.031586 -0.999401 -19.983964 -0.008262 0.999471 0.031471 -0.115834 0.999866 0.007812 0.014389 24.018249
0.013182 0.037173 -0.999222 -20.944784 -0.010978 0.999254 0.037029 -0.088936 0.999853 0.010482 0.013580 23.995882
0.010768 0.046792 -0.998847 -21.927184 -0.004713 0.998896 0.046744 -0.057925 0.999931 0.004205 0.010977 23.981721
0.005315 0.051635 -0.998652 -22.930697 0.003305 0.998660 0.051653 -0.007467 0.999980 -0.003575 0.005137 24.011768
0.000939 0.053873 -0.998547 -23.965146 0.012657 0.998467 0.053881 0.040605 0.999919 -0.012689 0.000255 24.003472
-0.000816 0.055076 -0.998482 -25.012271 0.022773 0.998224 0.055043 0.086587 0.999740 -0.022693 -0.002068 23.991063
-0.002437 0.052169 -0.998635 -26.064049 0.030180 0.998187 0.052072 0.132598 0.999542 -0.030012 -0.004007 23.995707
-0.003336 0.050343 -0.998726 -27.109626 0.031810 0.998232 0.050212 0.158225 0.999488 -0.031602 -0.004931 23.989769
-0.005446 0.051843 -0.998640 -28.158188 0.029437 0.998231 0.051662 0.188381 0.999552 -0.029116 -0.006963 23.974188
-0.009615 0.053291 -0.998533 -29.287624 0.026040 0.998254 0.053025 0.206058 0.999615 -0.025492 -0.010986 23.974838
-0.013910 0.053975 -0.998445 -30.439341 0.020931 0.998339 0.053678 0.252068 0.999684 -0.020152 -0.015017 23.931334
-0.019045 0.054318 -0.998342 -31.532586 0.016636 0.998402 0.054004 0.276121 0.999680 -0.015580 -0.019918 23.880500
-0.025766 0.055523 -0.998125 -32.664819 0.014614 0.998371 0.055159 0.321007 0.999561 -0.013165 -0.026536 23.852590
-0.031833 0.055928 -0.997927 -33.772124 0.017052 0.998318 0.055406 0.365078 0.999348 -0.015253 -0.032733 23.792143
-0.037528 0.058013 -0.997610 -34.921178 0.021751 0.998124 0.057224 0.418669 0.999059 -0.019551 -0.038719 23.732551
-0.043933 0.059729 -0.997247 -36.045122 0.025305 0.997957 0.058657 0.446982 0.998714 -0.022659 -0.045354 23.665471
-0.048385 0.063660 -0.996798 -37.188621 0.027542 0.997672 0.062379 0.505691 0.998449 -0.024435 -0.050026 23.608472
-0.051038 0.068276 -0.996360 -38.309062 0.029589 0.997326 0.066827 0.547864 0.998258 -0.026071 -0.052922 23.549066
-0.052942 0.071839 -0.996010 -39.446945 0.032236 0.997012 0.070198 0.577833 0.998077 -0.028391 -0.055100 23.477343
-0.053301 0.072915 -0.995913 -40.557000 0.031706 0.996951 0.071294 0.636037 0.998075 -0.027776 -0.055451 23.377216
-0.053993 0.071792 -0.995957 -41.660303 0.029670 0.997087 0.070265 0.714213 0.998100 -0.025756 -0.055966 23.275217
-0.054623 0.073268 -0.995815 -42.767824 0.028960 0.997001 0.071766 0.778699 0.998087 -0.024919 -0.056581 23.182421
-0.054942 0.075076 -0.995663 -43.873151 0.028153 0.996889 0.073615 0.850980 0.998093 -0.023986 -0.056884 23.093080
-0.054652 0.080380 -0.995265 -44.981891 0.026216 0.996526 0.079042 0.915543 0.998161 -0.021772 -0.056569 22.992228
-0.053812 0.087542 -0.994706 -46.091635 0.022183 0.996009 0.086457 0.987916 0.998305 -0.017413 -0.055539 22.886980
-0.053338 0.087709 -0.994717 -47.211095 0.021981 0.995997 0.086643 1.049493 0.998335 -0.017243 -0.055053 22.809362
-0.049457 0.089087 -0.994795 -48.327220 0.026297 0.995785 0.087868 1.132498 0.998430 -0.021815 -0.051591 22.697166
-0.047308 0.089399 -0.994872 -49.433803 0.028649 0.995699 0.088111 1.229095 0.998469 -0.024333 -0.049666 22.631243
-0.048421 0.086165 -0.995104 -50.551725 0.028788 0.995979 0.084840 1.293297 0.998412 -0.024539 -0.050707 22.583688
-0.044920 0.085930 -0.995288 -51.683744 0.027248 0.996028 0.084764 1.379969 0.998619 -0.023312 -0.047083 22.500028
-0.043319 0.087567 -0.995216 -52.813026 0.028404 0.995857 0.086387 1.462722 0.998657 -0.024526 -0.045627 22.452581
-0.037892 0.091458 -0.995088 -53.952842 0.030009 0.995458 0.090349 1.541713 0.998831 -0.026439 -0.040465 22.392915
-0.031579 0.094266 -0.995046 -55.068908 0.030207 0.995178 0.093319 1.610701 0.999045 -0.027111 -0.034274 22.335880
-0.025906 0.095423 -0.995100 -56.201253 0.029491 0.995073 0.094653 1.697077 0.999229 -0.026894 -0.028592 22.294759
-0.021255 0.093972 -0.995348 -57.331442 0.028937 0.995214 0.093341 1.779624 0.999355 -0.026819 -0.023873 22.291796
-0.014591 0.092781 -0.995580 -58.467585 0.028401 0.995322 0.092340 1.866187 0.999490 -0.026928 -0.017158 22.244654
-0.008651 0.090679 -0.995843 -59.610809 0.029575 0.995467 0.090387 1.941744 0.999525 -0.028671 -0.011294 22.197296
-0.003102 0.088309 -0.996088 -60.754906 0.030901 0.995626 0.088171 2.024064 0.999518 -0.030507 -0.005818 22.179712
0.001303 0.088546 -0.996071 -61.911038 0.032775 0.995533 0.088541 2.095167 0.999462 -0.032761 -0.001605 22.188088
0.005661 0.087726 -0.996129 -63.054437 0.032755 0.995594 0.087865 2.160317 0.999447 -0.033125 0.002763 22.192047
0.010162 0.087370 -0.996124 -64.193910 0.028706 0.995740 0.087629 2.226045 0.999536 -0.029485 0.007611 22.198448
0.014098 0.087003 -0.996108 -65.337111 0.024135 0.995887 0.087326 2.299934 0.999609 -0.025272 0.011940 22.186812
0.017528 0.085884 -0.996151 -66.497737 0.023797 0.995986 0.086288 2.377323 0.999563 -0.025218 0.015414 22.189334
0.021241 0.086218 -0.996050 -67.689164 0.026325 0.995881 0.086765 2.469579 0.999428 -0.028064 0.018884 22.179004
0.023922 0.086285 -0.995983 -68.900613 0.025736 0.995885 0.086895 2.564296 0.999383 -0.027711 0.021603 22.159234
0.022445 0.087765 -0.995888 -70.098820 0.025241 0.995772 0.088324 2.649706 0.999429 -0.027120 0.020134 22.204363
0.022740 0.088327 -0.995832 -71.295237 0.025830 0.995705 0.088905 2.747579 0.999408 -0.027745 0.020361 22.233286
0.025088 0.088676 -0.995745 -72.494793 0.025334 0.995682 0.089309 2.831204 0.999364 -0.027466 0.022734 22.216148
0.026040 0.089175 -0.995676 -73.708124 0.023171 0.995692 0.089782 2.919316 0.999392 -0.025409 0.023861 22.229640
0.028301 0.087636 -0.995750 -74.944475 0.021407 0.995868 0.088255 3.016823 0.999370 -0.023814 0.026308 22.211490
0.028223 0.084349 -0.996037 -76.134676 0.021379 0.996155 0.084965 3.103548 0.999373 -0.023692 0.026311 22.252059
0.028276 0.082626 -0.996179 -77.326931 0.021593 0.996295 0.083249 3.185887 0.999367 -0.023864 0.026387 22.290898
0.028911 0.083103 -0.996121 -78.519987 0.024041 0.996192 0.083807 3.267618 0.999293 -0.026371 0.026803 22.303819
0.028582 0.085617 -0.995918 -79.721670 0.028446 0.995852 0.086427 3.325521 0.999187 -0.030800 0.026028 22.338722
0.029505 0.087530 -0.995725 -80.906138 0.028597 0.995677 0.088373 3.399763 0.999155 -0.031082 0.026875 22.340137
0.029086 0.089067 -0.995601 -82.081289 0.026476 0.995604 0.089841 3.479736 0.999226 -0.028973 0.026600 22.401408
0.028624 0.087715 -0.995734 -83.266151 0.023846 0.995799 0.088406 3.576623 0.999306 -0.026275 0.026412 22.429584
0.028818 0.085972 -0.995881 -84.487460 0.023382 0.995964 0.086655 3.656531 0.999311 -0.025783 0.026691 22.441742
0.030218 0.085455 -0.995884 -85.692025 0.024680 0.995971 0.086211 3.740997 0.999239 -0.027184 0.027987 22.427299
0.029262 0.085107 -0.995942 -86.889114 0.026047 0.995965 0.085875 3.840458 0.999232 -0.028454 0.026927 22.466364
0.030496 0.086418 -0.995792 -88.088415 0.028431 0.995777 0.087288 3.910816 0.999130 -0.030973 0.027911 22.467405
0.031399 0.088002 -0.995625 -89.284431 0.028511 0.995632 0.088901 3.987481 0.999100 -0.031178 0.028752 22.472171
0.032147 0.087698 -0.995628 -90.489844 0.026275 0.995725 0.088555 4.065512 0.999138 -0.029007 0.029706 22.486367
0.032256 0.087323 -0.995658 -91.672049 0.025261 0.995787 0.088153 4.138804 0.999160 -0.027995 0.029915 22.520354
0.033072 0.085916 -0.995753 -92.846506 0.027605 0.995840 0.086841 4.197705 0.999072 -0.030359 0.030563 22.526258
0.033606 0.083398 -0.995950 -94.013943 0.030529 0.995962 0.084429 4.277858 0.998969 -0.033243 0.030925 22.545834
0.032479 0.081570 -0.996138 -95.186835 0.033502 0.996015 0.082653 4.337203 0.998911 -0.036057 0.029617 22.585379
0.033020 0.081941 -0.996090 -96.350842 0.035082 0.995924 0.083090 4.411139 0.998839 -0.037688 0.030011 22.607199
0.032895 0.084113 -0.995913 -97.508157 0.037401 0.995651 0.085326 4.476306 0.998759 -0.040055 0.029606 22.635671
0.033608 0.086332 -0.995699 -98.669349 0.036705 0.995483 0.087552 4.546113 0.998761 -0.039489 0.030288 22.644080
0.034315 0.088149 -0.995516 -99.838390 0.032291 0.995485 0.089259 4.627455 0.998889 -0.035209 0.031313 22.652899
0.034625 0.089404 -0.995393 -101.007302 0.031112 0.995411 0.090488 4.687315 0.998916 -0.034101 0.031685 22.641276
0.033385 0.089096 -0.995463 -102.171573 0.029899 0.995484 0.090100 4.775675 0.998995 -0.032771 0.030571 22.688011
0.032969 0.087716 -0.995600 -103.337815 0.030223 0.995598 0.088717 4.864515 0.998999 -0.033015 0.030173 22.709207
0.031435 0.087895 -0.995634 -104.501869 0.032512 0.995509 0.088910 4.942771 0.998977 -0.035165 0.028436 22.761260
0.031253 0.085113 -0.995881 -105.671971 0.034267 0.995691 0.086172 5.025738 0.998924 -0.036819 0.028202 22.790664
0.032414 0.088056 -0.995588 -106.845367 0.032605 0.995488 0.089109 5.108297 0.998943 -0.035350 0.029396 22.780944
0.032150 0.091070 -0.995325 -108.033615 0.033369 0.995187 0.092135 5.199094 0.998926 -0.036175 0.028956 22.796172
0.031104 0.094410 -0.995047 -109.214378 0.032699 0.994900 0.095419 5.279386 0.998981 -0.035505 0.027859 22.823572
0.030961 0.094974 -0.994998 -110.403081 0.028899 0.994974 0.095871 5.364048 0.999103 -0.031722 0.028061 22.833587
0.030555 0.095031 -0.995005 -111.588376 0.025394 0.995075 0.095818 5.450947 0.999210 -0.028195 0.027991 22.833189
0.029541 0.091402 -0.995376 -112.786101 0.024575 0.995443 0.092138 5.542201 0.999261 -0.027183 0.027160 22.861961
0.027837 0.088413 -0.995695 -113.991443 0.025243 0.995701 0.089119 5.607995 0.999294 -0.027616 0.025485 22.895274
0.025735 0.087744 -0.995811 -115.203956 0.027022 0.995715 0.088434 5.699034 0.999304 -0.029185 0.023253 22.922436
0.024120 0.086069 -0.995997 -116.421293 0.030967 0.995745 0.086797 5.791030 0.999229 -0.032936 0.021352 22.960732
0.023565 0.084876 -0.996113 -117.642591 0.031012 0.995848 0.085587 5.865789 0.999241 -0.032909 0.020835 22.956259
0.024480 0.085125 -0.996069 -118.868686 0.026642 0.995959 0.085771 5.934680 0.999345 -0.028637 0.022113 22.936460
0.028611 0.085708 -0.995909 -120.094403 0.022901 0.996000 0.086374 6.001300 0.999328 -0.025279 0.026534 22.850899
0.031819 0.085151 -0.995860 -121.328820 0.021213 0.996082 0.085848 6.094055 0.999268 -0.023857 0.029888 22.785230
0.031622 0.086438 -0.995755 -122.577167 0.022242 0.995946 0.087161 6.184772 0.999252 -0.024904 0.029571 22.800100
0.031109 0.090793 -0.995384 -123.834813 0.026789 0.995432 0.091635 6.269752 0.999157 -0.029516 0.028534 22.831244
0.033205 0.095453 -0.994880 -125.092516 0.029212 0.994911 0.096431 6.366372 0.999022 -0.032265 0.030248 22.808786
0.035531 0.102807 -0.994066 -126.348572 0.027561 0.994215 0.103808 6.479859 0.998988 -0.031086 0.032492 22.796452
0.034339 0.106425 -0.993728 -127.600766 0.024656 0.993921 0.107298 6.605352 0.999106 -0.028185 0.031506 22.869115
0.034289 0.108475 -0.993508 -128.857927 0.023361 0.993734 0.109306 6.713701 0.999139 -0.026958 0.031540 22.887686
0.035390 0.108870 -0.993426 -130.113471 0.022728 0.993704 0.109710 6.814408 0.999115 -0.026461 0.032693 22.908228
0.035340 0.107074 -0.993623 -131.368312 0.021559 0.993931 0.107874 6.940565 0.999143 -0.025234 0.032817 22.924492
0.036720 0.106697 -0.993613 -132.615235 0.020842 0.993986 0.107507 7.079732 0.999108 -0.024657 0.034276 22.929005
0.035737 0.107280 -0.993586 -133.881231 0.025820 0.993790 0.108231 7.193307 0.999028 -0.029523 0.032745 22.971322
0.037034 0.106559 -0.993616 -135.153952 0.029229 0.993758 0.107664 7.318262 0.998886 -0.033029 0.033688 22.961031
0.036919 0.107187 -0.993553 -136.413355 0.027647 0.993741 0.108234 7.442806 0.998936 -0.031465 0.033724 22.985573
0.037545 0.106521 -0.993601 -137.685820 0.026582 0.993844 0.107552 7.557801 0.998941 -0.030450 0.034483 23.000377
0.040742 0.105624 -0.993571 -138.942415 0.025861 0.993952 0.106725 7.674403 0.998835 -0.030043 0.037764 22.964251
0.041197 0.105110 -0.993607 -140.202728 0.024958 0.994033 0.106190 7.785249 0.998839 -0.029173 0.038328 23.011555
0.041816 0.105278 -0.993563 -141.455910 0.026937 0.993953 0.106453 7.895741 0.998762 -0.031215 0.038728 23.053707
0.044015 0.105950 -0.993397 -142.716654 0.029926 0.993774 0.107317 8.005205 0.998583 -0.034452 0.040571 23.074844
0.046683 0.107141 -0.993147 -143.965439 0.030305 0.993622 0.108617 8.123098 0.998450 -0.035167 0.043139 23.064860
0.048986 0.109436 -0.992786 -145.213072 0.027482 0.993455 0.110866 8.223907 0.998421 -0.032715 0.045657 23.089383
0.049504 0.106535 -0.993076 -146.451987 0.024729 0.993859 0.107852 8.320483 0.998468 -0.029897 0.046566 23.115234
0.050272 0.104043 -0.993301 -147.692983 0.023006 0.994175 0.105299 8.432690 0.998471 -0.028145 0.047586 23.129084
0.050480 0.103064 -0.993393 -148.940551 0.022460 0.994292 0.104298 8.537210 0.998472 -0.027576 0.047877 23.170333
0.050311 0.099890 -0.993726 -150.177660 0.022055 0.994632 0.101097 8.658632 0.998490 -0.027003 0.047838 23.215250
0.049832 0.098316 -0.993907 -151.417564 0.021077 0.994818 0.099463 8.744402 0.998535 -0.025905 0.047502 23.266607
0.050038 0.097364 -0.993990 -152.651719 0.021329 0.994906 0.098527 8.845187 0.998520 -0.026131 0.047707 23.296043
0.049193 0.094521 -0.994307 -153.888825 0.023825 0.995118 0.095777 8.949977 0.998505 -0.028401 0.046701 23.366007
0.049851 0.092151 -0.994496 -155.123578 0.025286 0.995299 0.093493 9.045131 0.998437 -0.029807 0.047286 23.389866
0.049122 0.089751 -0.994752 -156.356196 0.023929 0.995563 0.091006 9.140953 0.998506 -0.028274 0.046756 23.454816
0.047995 0.089380 -0.994841 -157.585176 0.024362 0.995587 0.090622 9.212787 0.998550 -0.028585 0.045605 23.504413
0.050408 0.090326 -0.994636 -158.820170 0.028686 0.995360 0.091846 9.310778 0.998317 -0.033162 0.047583 23.501542
0.049239 0.094713 -0.994286 -160.050561 0.035343 0.994705 0.096504 9.397186 0.998161 -0.039893 0.045631 23.559494
0.051232 0.098986 -0.993769 -161.280026 0.034873 0.994292 0.100836 9.494472 0.998078 -0.039822 0.047488 23.584763
0.052504 0.102056 -0.993392 -162.497847 0.031018 0.994118 0.103770 9.586840 0.998139 -0.036261 0.049029 23.635396
0.054130 0.103730 -0.993131 -163.709283 0.025906 0.994109 0.105244 9.677547 0.998198 -0.031425 0.051124 23.699176
0.055171 0.105481 -0.992890 -164.926669 0.024169 0.993972 0.106939 9.780984 0.998184 -0.029897 0.052289 23.737331
0.056244 0.098240 -0.993572 -166.144938 0.021640 0.994794 0.099586 9.867437 0.998183 -0.027102 0.053825 23.754651
0.055579 0.094514 -0.993971 -167.357569 0.017675 0.995260 0.095625 9.959446 0.998298 -0.022883 0.053645 23.821043
0.054648 0.088245 -0.994599 -168.558685 0.014993 0.995902 0.089185 10.054471 0.998393 -0.019785 0.053101 23.877834
0.053315 0.085960 -0.994871 -169.750620 0.017761 0.996049 0.087014 10.149006 0.998420 -0.022309 0.051578 23.934636
0.054116 0.086183 -0.994808 -170.955932 0.023896 0.995871 0.087575 10.239981 0.998249 -0.028512 0.051833 23.974314
0.055513 0.087815 -0.994589 -172.157088 0.027238 0.995621 0.089427 10.312389 0.998086 -0.032055 0.052878 24.014781
0.057639 0.089184 -0.994346 -173.353803 0.023491 0.995605 0.090658 10.404925 0.998061 -0.028583 0.055291 24.066627
0.059726 0.092966 -0.993876 -174.554407 0.022473 0.995276 0.094448 10.507257 0.997962 -0.027976 0.057355 24.082307
0.061489 0.092095 -0.993850 -175.754271 0.022915 0.995341 0.093651 10.608375 0.997845 -0.028533 0.059092 24.115294
0.060822 0.091109 -0.993982 -176.940766 0.020089 0.995512 0.092478 10.702087 0.997946 -0.025592 0.058719 24.192949
0.062485 0.092006 -0.993796 -178.110693 0.018759 0.995458 0.093340 10.792705 0.997870 -0.024475 0.060475 24.242644
0.063640 0.093092 -0.993622 -179.256223 0.020787 0.995300 0.094581 10.864109 0.997756 -0.026674 0.061405 24.306722
0.064888 0.091995 -0.993643 -180.372908 0.023077 0.995337 0.093659 10.937846 0.997626 -0.029008 0.062462 24.326969
0.064052 0.091858 -0.993710 -181.456605 0.024996 0.995295 0.093616 10.996882 0.997633 -0.030835 0.061454 24.419440
0.065162 0.092218 -0.993604 -182.520237 0.026452 0.995211 0.094102 11.056847 0.997524 -0.032415 0.062410 24.444443
0.070090 0.091304 -0.993353 -183.555163 0.026627 0.995276 0.093359 11.139002 0.997185 -0.032993 0.067328 24.359674
0.069042 0.091122 -0.993443 -184.558398 0.025717 0.995326 0.093082 11.208327 0.997282 -0.031975 0.066376 24.451271
0.069434 0.091436 -0.993387 -185.529768 0.025818 0.995292 0.093416 11.274500 0.997252 -0.032134 0.066746 24.509867
0.069561 0.090298 -0.993483 -186.475283 0.027337 0.995348 0.092382 11.310939 0.997203 -0.033585 0.066769 24.589439
0.069076 0.088765 -0.993655 -187.407998 0.025741 0.995543 0.090724 11.376023 0.997279 -0.031844 0.066483 24.629679
0.065225 0.087682 -0.994011 -188.338390 0.023216 0.995729 0.089357 11.426154 0.997600 -0.028906 0.062911 24.713543
0.059919 0.087422 -0.994368 -189.258543 0.020100 0.995850 0.088764 11.473413 0.998001 -0.025306 0.057913 24.767314
0.056385 0.087951 -0.994528 -190.173805 0.016025 0.995904 0.088981 11.570406 0.998280 -0.020954 0.054745 24.745638
0.052415 0.090948 -0.994475 -191.094346 0.014451 0.995671 0.091819 11.654695 0.998521 -0.019183 0.050874 24.786786
0.050451 0.093487 -0.994341 -191.999689 0.013210 0.995460 0.094262 11.776822 0.998639 -0.017891 0.048987 24.800378
0.048211 0.091584 -0.994630 -192.917632 0.014872 0.995611 0.092395 11.845880 0.998726 -0.019247 0.046638 24.828123
0.047453 0.090985 -0.994721 -193.825537 0.015947 0.995647 0.091831 11.927243 0.998746 -0.020221 0.045795 24.851530
0.045891 0.090178 -0.994868 -194.732206 0.016959 0.995703 0.091036 11.977843 0.998802 -0.021050 0.044165 24.884116
0.045166 0.089484 -0.994964 -195.635918 0.016783 0.995772 0.090319 12.019702 0.998839 -0.020777 0.043473 24.895770
0.044547 0.091228 -0.994833 -196.538447 0.015717 0.995635 0.092005 12.077556 0.998884 -0.019734 0.042919 24.919440
0.043258 0.095203 -0.994518 -197.438018 0.015079 0.995274 0.095931 12.136056 0.998950 -0.019146 0.041618 24.980591
0.043504 0.097776 -0.994257 -198.344396 0.013623 0.995049 0.098450 12.195371 0.998960 -0.017828 0.041956 25.008247
0.044644 0.097387 -0.994245 -199.250498 0.011512 0.995121 0.097990 12.255998 0.998937 -0.015820 0.043305 25.020864
0.042416 0.097166 -0.994364 -200.161046 0.009446 0.995176 0.097648 12.322535 0.999055 -0.013535 0.041294 25.081318
0.043030 0.097207 -0.994334 -201.077420 0.009626 0.995169 0.097705 12.390446 0.999027 -0.013776 0.041886 25.108165
0.043367 0.094098 -0.994618 -202.002324 0.012218 0.995430 0.094708 12.470722 0.998985 -0.016259 0.042019 25.136909
0.043753 0.093154 -0.994690 -202.935661 0.013201 0.995503 0.093811 12.544853 0.998955 -0.017235 0.042327 25.156310
0.043275 0.088056 -0.995175 -203.865986 0.009611 0.996025 0.088549 12.616491 0.999017 -0.013396 0.042256 25.203071
0.044536 0.085773 -0.995319 -204.804489 0.006952 0.996257 0.086165 12.681150 0.998984 -0.010757 0.043773 25.202609
0.044476 0.090284 -0.994922 -205.754639 0.007987 0.995844 0.090725 12.744745 0.998979 -0.011981 0.043570 25.226939
0.045900 0.090810 -0.994810 -206.719297 0.011977 0.995738 0.091447 12.812373 0.998874 -0.016112 0.044617 25.255789
0.047803 0.088786 -0.994903 -207.680656 0.011296 0.995930 0.089420 12.878336 0.998793 -0.015513 0.046605 25.295215
0.050424 0.088324 -0.994815 -208.676636 0.012251 0.995952 0.089046 12.970291 0.998653 -0.016677 0.049138 25.313913
0.051600 0.089113 -0.994684 -209.669008 0.016868 0.995791 0.090087 13.048025 0.998525 -0.021427 0.049880 25.370401
0.053484 0.086578 -0.994808 -210.679041 0.021064 0.995915 0.087807 13.127840 0.998347 -0.025651 0.051442 25.398332
0.054444 0.086540 -0.994760 -211.682314 0.022793 0.995870 0.087884 13.195334 0.998257 -0.027458 0.052247 25.468834
0.056984 0.090016 -0.994309 -212.712910 0.023195 0.995539 0.091457 13.269227 0.998106 -0.028275 0.054642 25.500756
0.058756 0.092378 -0.993989 -213.754457 0.025115 0.995257 0.093980 13.342532 0.997956 -0.030486 0.056157 25.560061
0.062082 0.093843 -0.993649 -214.803194 0.026045 0.995079 0.095606 13.416426 0.997731 -0.031815 0.059332 25.639118
0.064759 0.096244 -0.993249 -215.827898 0.023456 0.994916 0.097934 13.495965 0.997625 -0.029640 0.062172 25.702454
0.066286 0.094769 -0.993290 -216.824910 0.019837 0.995158 0.096271 13.579398 0.997603 -0.026085 0.064085 25.764201
0.068245 0.094490 -0.993184 -217.848230 0.018939 0.995203 0.095984 13.661625 0.997489 -0.025360 0.066128 25.812274
0.070193 0.097291 -0.992778 -218.901283 0.020809 0.994873 0.098968 13.752128 0.997316 -0.027605 0.067809 25.869324
0.071488 0.098922 -0.992524 -219.942285 0.023933 0.994613 0.100854 13.841686 0.997154 -0.030963 0.068736 25.938550
0.072879 0.099838 -0.992331 -220.983342 0.023421 0.994531 0.101779 13.933125 0.997066 -0.030659 0.070142 26.007897
0.076213 0.099800 -0.992084 -222.030025 0.020221 0.994619 0.101608 14.033083 0.996886 -0.027805 0.073785 26.032381
0.076064 0.096582 -0.992414 -223.084748 0.017312 0.995020 0.098162 14.130948 0.996953 -0.024647 0.074014 26.108045
0.076000 0.095702 -0.992504 -224.145862 0.016162 0.995134 0.097193 14.234429 0.996977 -0.023428 0.074084 26.181399
0.076278 0.096263 -0.992429 -225.223521 0.015267 0.995099 0.097695 14.317252 0.996970 -0.022603 0.074435 26.240406
0.076920 0.097341 -0.992274 -226.324403 0.014990 0.994997 0.098770 14.415678 0.996925 -0.022472 0.075076 26.302446
0.076076 0.099515 -0.992124 -227.429531 0.015550 0.994768 0.100973 14.518668 0.996981 -0.023109 0.074131 26.396466
0.077167 0.100823 -0.991907 -228.548678 0.018001 0.994571 0.102494 14.600372 0.996856 -0.025764 0.074933 26.424195
0.075138 0.100604 -0.992085 -229.664544 0.019400 0.994562 0.102325 14.705392 0.996984 -0.026935 0.072777 26.529815
0.074753 0.102204 -0.991951 -230.791244 0.020273 0.994373 0.103981 14.822409 0.996996 -0.027883 0.072260 26.608318
0.073192 0.102869 -0.991999 -231.931221 0.021199 0.994281 0.104669 14.912834 0.997093 -0.028691 0.070592 26.671104
0.072520 0.106415 -0.991674 -233.071284 0.019260 0.993957 0.108068 15.022980 0.997181 -0.026937 0.070032 26.735727
0.072213 0.104865 -0.991861 -234.217495 0.014674 0.994238 0.106185 15.117694 0.997281 -0.022223 0.070258 26.769021
0.071581 0.100822 -0.992326 -235.370932 0.010443 0.994748 0.101822 15.193616 0.997380 -0.017651 0.070153 26.814306
0.069324 0.095924 -0.992972 -236.536460 0.006568 0.995301 0.096608 15.289403 0.997573 -0.013219 0.068368 26.876233
0.067701 0.090435 -0.993599 -237.710108 0.006440 0.995823 0.091077 15.395945 0.997685 -0.012565 0.066836 26.930189
0.064647 0.085201 -0.994264 -238.894408 0.010738 0.996231 0.086067 15.496621 0.997850 -0.016241 0.063488 27.016971
0.061904 0.082167 -0.994694 -240.081779 0.012696 0.996460 0.083103 15.584894 0.998001 -0.017773 0.060641 27.086414
0.059276 0.080615 -0.994981 -241.276905 0.011916 0.996606 0.081457 15.672096 0.998171 -0.016684 0.058114 27.157372
0.057311 0.081597 -0.995016 -242.483259 0.012485 0.996518 0.082439 15.749368 0.998278 -0.017148 0.056093 27.185646
0.055792 0.079981 -0.995234 -243.690369 0.013781 0.996630 0.080865 15.830248 0.998347 -0.018227 0.054501 27.210573
0.054016 0.079161 -0.995397 -244.901466 0.012810 0.996716 0.079961 15.922403 0.998458 -0.017071 0.052825 27.242173
0.052010 0.079349 -0.995489 -246.122465 0.011581 0.996723 0.080053 15.988900 0.998579 -0.015693 0.050921 27.279984
0.050363 0.080835 -0.995454 -247.345703 0.010708 0.996618 0.081471 16.071961 0.998674 -0.014762 0.049327 27.300532
0.048784 0.083156 -0.995342 -248.584265 0.012189 0.996405 0.083842 16.134907 0.998735 -0.016222 0.047595 27.331189
0.046356 0.083377 -0.995439 -249.822815 0.012145 0.996390 0.084022 16.227570 0.998851 -0.015985 0.045176 27.405264
0.044168 0.084929 -0.995408 -251.068683 0.013253 0.996242 0.085588 16.304912 0.998936 -0.016973 0.042876 27.438794
0.041945 0.087688 -0.995264 -252.306796 0.014943 0.995975 0.088381 16.383285 0.999008 -0.018579 0.040466 27.475647
0.041450 0.089471 -0.995127 -253.542121 0.015339 0.995808 0.090171 16.477257 0.999023 -0.019002 0.039904 27.501710
0.040986 0.091210 -0.994988 -254.795305 0.015311 0.995650 0.091901 16.579505 0.999042 -0.019001 0.039411 27.521407
0.042073 0.091115 -0.994951 -256.052660 0.015576 0.995652 0.091838 16.665097 0.998993 -0.019362 0.040471 27.522324
0.043259 0.090881 -0.994922 -257.300968 0.014188 0.995698 0.091568 16.755557 0.998963 -0.018077 0.041783 27.536229
0.043113 0.088622 -0.995132 -258.545775 0.013445 0.995916 0.089274 16.838538 0.998980 -0.017229 0.041746 27.574550
0.042025 0.087540 -0.995274 -259.801134 0.013226 0.996018 0.088164 16.930133 0.999029 -0.016869 0.040700 27.622240
0.042886 0.087005 -0.995284 -261.062873 0.013501 0.996059 0.087655 17.013647 0.998989 -0.017196 0.041542 27.613994
0.043258 0.086165 -0.995341 -262.317489 0.013440 0.996134 0.086817 17.098036 0.998974 -0.017133 0.041933 27.652695
0.044004 0.086263 -0.995300 -263.570333 0.014322 0.996108 0.086966 17.175615 0.998929 -0.018081 0.042597 27.679382
0.043960 0.085903 -0.995333 -264.818179 0.016487 0.996098 0.086697 17.231710 0.998897 -0.020221 0.042372 27.719157
0.045151 0.081065 -0.995686 -266.077336 0.019006 0.996452 0.081990 17.315784 0.998799 -0.022625 0.043450 27.739589
0.044562 0.079992 -0.995799 -267.331112 0.023581 0.996427 0.081098 17.376635 0.998728 -0.027096 0.042517 27.794859
0.044418 0.079236 -0.995866 -268.580695 0.025808 0.996426 0.080431 17.454923 0.998680 -0.029274 0.042214 27.883217
0.044886 0.079640 -0.995813 -269.819945 0.024284 0.996436 0.080785 17.527975 0.998697 -0.027808 0.042792 27.904439
0.045135 0.082187 -0.995594 -271.057097 0.022590 0.996271 0.083267 17.613705 0.998725 -0.026249 0.043110 27.950198
0.046955 0.088827 -0.994940 -272.303571 0.025827 0.995597 0.090104 17.688942 0.998563 -0.029927 0.044454 27.942102
0.047275 0.094549 -0.994397 -273.553184 0.031628 0.994869 0.096098 17.771569 0.998381 -0.035993 0.044042 27.980829
0.048552 0.098781 -0.993924 -274.790073 0.030652 0.994482 0.100334 17.872942 0.998350 -0.035337 0.045256 27.995638
0.048536 0.099095 -0.993894 -276.015612 0.023686 0.994672 0.100330 17.973119 0.998541 -0.028411 0.045930 28.055759
0.047347 0.096160 -0.994239 -277.235945 0.018684 0.995096 0.097133 18.045357 0.998704 -0.023176 0.045318 28.128101
0.046410 0.088442 -0.995000 -278.460087 0.017931 0.995839 0.089353 18.153746 0.998762 -0.021989 0.044631 28.175884
0.047200 0.085140 -0.995250 -279.695417 0.019297 0.996097 0.086128 18.250567 0.998699 -0.023270 0.045373 28.220402
0.048456 0.084071 -0.995281 -280.925776 0.020913 0.996148 0.085163 18.350785 0.998606 -0.024941 0.046511 28.278237
0.052076 0.085169 -0.995005 -282.167074 0.025017 0.995933 0.086558 18.377273 0.998330 -0.029399 0.049733 28.254052
0.053979 0.086381 -0.994799 -283.399647 0.026150 0.995787 0.087886 18.458348 0.998200 -0.030758 0.051493 28.285814
0.055160 0.087802 -0.994610 -284.628464 0.026194 0.995656 0.089347 18.566664 0.998134 -0.030981 0.052621 28.336055
0.054918 0.085052 -0.994862 -285.847983 0.025310 0.995927 0.086540 18.659040 0.998170 -0.029933 0.052541 28.388528
0.054631 0.085722 -0.994820 -287.066456 0.024163 0.995903 0.087142 18.732168 0.998214 -0.028799 0.052335 28.446970
0.052836 0.085016 -0.994978 -288.283649 0.023273 0.995994 0.086339 18.809210 0.998332 -0.027718 0.050645 28.525008
0.052111 0.085126 -0.995007 -289.503911 0.023134 0.995990 0.086422 18.885019 0.998373 -0.027522 0.049933 28.578755
0.052495 0.087180 -0.994808 -290.727999 0.023262 0.995805 0.088495 18.957294 0.998350 -0.027787 0.050247 28.633053
0.053509 0.088710 -0.994619 -291.948736 0.023384 0.995662 0.090061 19.040697 0.998294 -0.028077 0.051202 28.656110
0.054506 0.087972 -0.994631 -293.170827 0.022940 0.995738 0.089327 19.137301 0.998250 -0.027685 0.052256 28.669413
0.055178 0.088755 -0.994524 -294.391268 0.021147 0.995714 0.090035 19.228321 0.998253 -0.025999 0.053065 28.706690
0.054689 0.087654 -0.994649 -295.642158 0.018954 0.995869 0.088803 19.302145 0.998324 -0.023709 0.052802 28.769282
0.054595 0.088379 -0.994590 -296.830509 0.015968 0.995871 0.089370 19.386588 0.998381 -0.020761 0.052958 28.794714
0.055089 0.090618 -0.994361 -298.058694 0.014523 0.995695 0.091544 19.473307 0.998376 -0.019484 0.053536 28.830014
0.056073 0.094143 -0.993978 -299.287989 0.014031 0.995372 0.095067 19.583672 0.998328 -0.019277 0.054493 28.836600
0.059924 0.098387 -0.993342 -300.516603 0.013901 0.994952 0.099385 19.701362 0.998106 -0.019765 0.058254 28.769737
0.060393 0.103029 -0.992843 -301.744621 0.014677 0.994460 0.104090 19.799506 0.998067 -0.020858 0.058546 28.805616
0.059696 0.105117 -0.992667 -302.982966 0.014904 0.994235 0.106179 19.902898 0.998105 -0.021134 0.057785 28.879230
0.058527 0.104198 -0.992833 -304.223386 0.013493 0.994364 0.105154 19.988391 0.998195 -0.019550 0.056792 28.957577
0.057801 0.103174 -0.992982 -305.467690 0.011935 0.994503 0.104027 20.071219 0.998257 -0.017864 0.056252 29.024667
0.056988 0.100607 -0.993293 -306.711702 0.011377 0.994780 0.101410 20.184575 0.998310 -0.017079 0.055546 29.081843
0.056350 0.100154 -0.993375 -307.954717 0.012244 0.994812 0.100993 20.320646 0.998336 -0.017853 0.054831 29.133314
0.056485 0.099327 -0.993450 -309.197666 0.012899 0.994883 0.100204 20.433316 0.998320 -0.018474 0.054915 29.173355
0.056380 0.100745 -0.993314 -310.433521 0.012073 0.994754 0.101577 20.536893 0.998336 -0.017719 0.054868 29.218109
0.058327 0.101933 -0.993080 -311.674201 0.010787 0.994651 0.102728 20.638222 0.998239 -0.016704 0.056915 29.237025
0.059016 0.102008 -0.993031 -312.909420 0.010185 0.994652 0.102780 20.747486 0.998205 -0.016179 0.057661 29.321029
0.062404 0.099406 -0.993088 -314.162919 0.007943 0.994947 0.100091 20.881757 0.998019 -0.014134 0.061299 29.325373
0.063331 0.097327 -0.993235 -315.411419 0.008937 0.995138 0.098084 20.981625 0.997953 -0.015089 0.062154 29.384364
0.064194 0.093743 -0.993525 -316.663031 0.010559 0.995459 0.094608 21.074337 0.997882 -0.016564 0.062913 29.440905
0.063461 0.092163 -0.993720 -317.907078 0.010080 0.995617 0.092983 21.189163 0.997933 -0.015918 0.062254 29.539357
