0.999974 -0.000138 -0.007141 0.000000 0.000137 1.000000 -0.000113 0.000000 0.007141 0.000112 0.999974 0.000000
0.999974 -0.000138 -0.007141 0.000000 0.000137 1.000000 -0.000113 0.000000 0.007141 0.000112 0.999974 0.000000
0.999974 -0.000138 -0.007141 0.147246 0.000137 1.000000 -0.000113 0.063489 0.007141 0.000112 0.999974 0.987060
0.999880 -0.000201 -0.015488 0.144545 0.000178 0.999999 -0.001437 0.060851 0.015488 0.001434 0.999879 1.091426
0.999681 -0.001150 -0.025241 0.133372 0.001077 0.999995 -0.002893 0.059028 0.025245 0.002865 0.999677 1.205568
0.999232 -0.001108 -0.039176 0.129430 0.000942 0.999990 -0.004257 0.057102 0.039181 0.004217 0.999223 1.333461
0.998473 -0.001634 -0.055212 0.119486 0.001441 0.999993 -0.003549 0.048984 0.055218 0.003464 0.998468 1.473732
0.997365 -0.002450 -0.072507 0.099008 0.002125 0.999987 -0.004559 0.061075 0.072517 0.004393 0.997357 1.626391
0.995806 -0.002324 -0.091461 0.060948 0.001599 0.999967 -0.008006 0.097879 0.091476 0.007826 0.995777 1.783670
0.993449 -0.001713 -0.114268 0.030975 0.000784 0.999966 -0.008169 0.094703 0.114278 0.008026 0.993416 1.955229
0.990239 0.001216 -0.139375 -0.006520 -0.002426 0.999961 -0.008512 0.074793 0.139359 0.008768 0.990203 2.131883
0.986647 0.004116 -0.162823 -0.076795 -0.005776 0.999936 -0.009723 0.060668 0.162772 0.010534 0.986607 2.306535
0.981741 0.006457 -0.190111 -0.142859 -0.008614 0.999908 -0.010523 0.063891 0.190025 0.011968 0.981706 2.491960
0.975876 0.006087 -0.218239 -0.202826 -0.008809 0.999895 -0.011502 0.063858 0.218147 0.013147 0.975827 2.687828
0.969327 0.008162 -0.245641 -0.299453 -0.011029 0.999886 -0.010295 0.054182 0.245529 0.012688 0.969306 2.876253
0.960502 0.009975 -0.278093 -0.384525 -0.013046 0.999873 -0.009195 0.043701 0.277966 0.012460 0.960510 3.077491
0.949761 0.011524 -0.312765 -0.465260 -0.014639 0.999864 -0.007612 0.039031 0.312635 0.011808 0.949800 3.285402
0.938028 0.014059 -0.346275 -0.556829 -0.017574 0.999821 -0.007015 0.037561 0.346115 0.012666 0.938107 3.489992
0.925185 0.016097 -0.379175 -0.687267 -0.019997 0.999780 -0.006349 0.036209 0.378990 0.013457 0.925303 3.681346
0.910048 0.016703 -0.414165 -0.814141 -0.021282 0.999753 -0.006442 0.033860 0.413955 0.014677 0.910179 3.878434
0.892847 0.014074 -0.450139 -0.951854 -0.019683 0.999776 -0.007782 0.018712 0.449929 0.015809 0.892924 4.069919
0.871851 0.007620 -0.489713 -1.079380 -0.015298 0.999815 -0.011678 0.012059 0.489533 0.017673 0.871806 4.275290
0.846817 0.006426 -0.531846 -1.226738 -0.013958 0.999851 -0.010143 0.005114 0.531702 0.016013 0.846780 4.478746
0.819323 0.011583 -0.573215 -1.422324 -0.017217 0.999842 -0.004406 -0.002763 0.573073 0.013479 0.819393 4.654774
0.788262 0.014239 -0.615174 -1.618401 -0.019197 0.999815 -0.001456 -0.009756 0.615040 0.012957 0.788390 4.836929
0.752018 0.012654 -0.659021 -1.815379 -0.020255 0.999787 -0.003916 0.001114 0.658831 0.016293 0.752115 5.027983
0.714539 0.005782 -0.699572 -2.050343 -0.015573 0.999850 -0.007642 -0.007157 0.699423 0.016355 0.714521 5.183840
0.673759 0.000498 -0.738951 -2.296466 -0.012709 0.999860 -0.010914 -0.015731 0.738842 0.016745 0.673671 5.344310
0.630534 -0.001144 -0.776161 -2.552547 -0.012501 0.999854 -0.011629 -0.008870 0.776061 0.017035 0.630428 5.507701
0.585999 -0.003655 -0.810303 -2.848901 -0.009625 0.999888 -0.011471 -0.021009 0.810254 0.014521 0.585899 5.620633
0.538513 -0.004212 -0.842607 -3.155815 -0.009868 0.999887 -0.011305 -0.009495 0.842560 0.014403 0.538410 5.731954
0.487537 -0.005024 -0.873088 -3.472027 -0.007318 0.999925 -0.009840 -0.022599 0.873071 0.011186 0.487464 5.848524
0.434010 -0.006277 -0.900886 -3.798342 -0.004997 0.999944 -0.009375 -0.030816 0.900894 0.008570 0.433954 5.984402
0.382672 -0.004823 -0.923872 -4.157634 -0.004412 0.999965 -0.007048 -0.029275 0.923874 0.006774 0.382637 6.055008
0.329164 -0.005688 -0.944255 -4.530206 0.000280 0.999982 -0.005926 -0.048441 0.944273 0.001686 0.329160 6.141521
0.277862 -0.009271 -0.960576 -4.915990 0.005129 0.999953 -0.008168 -0.071877 0.960607 -0.002657 0.277897 6.210728
0.229053 -0.010634 -0.973356 -5.316170 0.007065 0.999932 -0.009262 -0.097700 0.973388 -0.004756 0.229113 6.260648
0.180484 -0.007129 -0.983552 -5.734192 0.007188 0.999957 -0.005928 -0.107252 0.983552 -0.006000 0.180527 6.311799
0.138559 -0.003972 -0.990346 -6.169928 0.006719 0.999973 -0.003071 -0.119981 0.990331 -0.006229 0.138582 6.343468
0.101899 -0.001452 -0.994794 -6.619915 0.004400 0.999990 -0.001009 -0.122684 0.994785 -0.004274 0.101904 6.359197
0.069942 0.001002 -0.997551 -7.083628 0.002056 0.999997 0.001148 -0.128305 0.997549 -0.002131 0.069940 6.330478
0.038638 0.002007 -0.999251 -7.560756 -0.000226 0.999998 0.002000 -0.138146 0.999253 0.000149 0.038638 6.346945
0.012582 0.000875 -0.999920 -8.056107 -0.001893 0.999998 0.000851 -0.147746 0.999919 0.001882 0.012583 6.337026
-0.005855 0.002077 -0.999981 -8.564812 -0.003661 0.999991 0.002099 -0.159414 0.999976 0.003673 -0.005847 6.298451
-0.020830 0.000700 -0.999783 -9.092355 -0.004963 0.999987 0.000804 -0.159341 0.999771 0.004979 -0.020826 6.252026
-0.035442 -0.002261 -0.999369 -9.636867 -0.004338 0.999988 -0.002109 -0.175119 0.999362 0.004260 -0.035452 6.228156
-0.044803 0.001764 -0.998994 -10.193695 -0.002980 0.999994 0.001899 -0.187881 0.998991 0.003062 -0.044797 6.177862
-0.051873 0.004024 -0.998646 -10.769105 -0.000689 0.999991 0.004065 -0.196695 0.998653 0.000899 -0.051869 6.133566
-0.057624 0.003220 -0.998333 -11.359046 -0.000293 0.999995 0.003242 -0.184983 0.998338 0.000479 -0.057623 6.135237
-0.060286 0.000358 -0.998181 -11.966494 -0.000186 1.000000 0.000370 -0.189950 0.998181 0.000208 -0.060286 6.111940
-0.061283 -0.002188 -0.998118 -12.589319 0.002766 0.999993 -0.002361 -0.216782 0.998117 -0.002905 -0.061276 6.104310
-0.059731 -0.002826 -0.998211 -13.227460 0.004413 0.999985 -0.003095 -0.221383 0.998205 -0.004590 -0.059718 6.065340
-0.058956 -0.000307 -0.998261 -13.882459 0.004431 0.999990 -0.000569 -0.230282 0.998251 -0.004457 -0.058954 6.055751
-0.055676 0.000775 -0.998449 -14.544337 0.001934 0.999998 0.000668 -0.234339 0.998447 -0.001893 -0.055678 5.986041
-0.052090 0.002471 -0.998639 -15.224283 0.002535 0.999994 0.002342 -0.244974 0.998639 -0.002410 -0.052096 5.914207
-0.049170 0.002985 -0.998786 -15.924089 0.004921 0.999984 0.002746 -0.243670 0.998778 -0.004780 -0.049184 5.879806
-0.047446 0.003208 -0.998869 -16.640736 0.007207 0.999970 0.002870 -0.236530 0.998848 -0.007063 -0.047467 5.851317
-0.045886 0.002700 -0.998943 -17.370878 0.009330 0.999954 0.002275 -0.249709 0.998903 -0.009216 -0.045909 5.804798
-0.044117 0.004966 -0.999014 -18.111882 0.009488 0.999945 0.004551 -0.269654 0.998981 -0.009278 -0.044162 5.774185
-0.042774 0.007646 -0.999056 -18.866756 0.008138 0.999940 0.007304 -0.296168 0.999052 -0.007818 -0.042833 5.746948
-0.042413 0.007990 -0.999068 -19.632699 0.006897 0.999947 0.007704 -0.289615 0.999076 -0.006564 -0.042466 5.701429
-0.040714 0.005360 -0.999156 -20.419295 0.009541 0.999942 0.004976 -0.303454 0.999125 -0.009331 -0.040762 5.668489
-0.039920 0.004524 -0.999193 -21.212185 0.011611 0.999924 0.004063 -0.308871 0.999135 -0.011439 -0.039970 5.627284
-0.037210 0.004903 -0.999295 -22.012241 0.013749 0.999896 0.004394 -0.334326 0.999213 -0.013576 -0.037274 5.570191
-0.037379 0.003756 -0.999294 -22.814169 0.008791 0.999955 0.003430 -0.343504 0.999262 -0.008657 -0.037410 5.535308
-0.036410 0.000285 -0.999337 -23.620278 0.001190 0.999999 0.000242 -0.355320 0.999336 -0.001181 -0.036410 5.483875
-0.034178 -0.001061 -0.999415 -24.440907 -0.004203 0.999991 -0.000918 -0.352912 0.999407 0.004169 -0.034183 5.431628
-0.034448 -0.001163 -0.999406 -25.272082 -0.003200 0.999994 -0.001053 -0.359507 0.999401 0.003162 -0.034452 5.398315
-0.033284 -0.000121 -0.999446 -26.115869 0.004889 0.999988 -0.000284 -0.386979 0.999434 -0.004896 -0.033283 5.353123
-0.033381 0.001426 -0.999442 -26.964305 0.011914 0.999928 0.001029 -0.402695 0.999372 -0.011873 -0.033395 5.317624
-0.033124 0.003557 -0.999445 -27.811343 0.018011 0.999833 0.002961 -0.425182 0.999289 -0.017903 -0.033183 5.267160
-0.031871 0.005525 -0.999477 -28.658190 0.019583 0.999796 0.004903 -0.448843 0.999300 -0.019417 -0.031973 5.221999
-0.030451 0.006754 -0.999513 -29.499644 0.015863 0.999854 0.006273 -0.461665 0.999410 -0.015664 -0.030553 5.171476
-0.034746 0.006903 -0.999372 -30.339716 0.014618 0.999873 0.006399 -0.484344 0.999289 -0.014387 -0.034843 5.167673
-0.033200 0.009441 -0.999404 -31.182936 0.015570 0.999839 0.008928 -0.493488 0.999327 -0.015265 -0.033342 5.112054
-0.033677 0.010353 -0.999379 -32.023374 0.016135 0.999822 0.009814 -0.494193 0.999303 -0.015795 -0.033838 5.062694
-0.035047 0.010859 -0.999327 -32.866768 0.014913 0.999835 0.010341 -0.508462 0.999274 -0.014541 -0.035203 5.027336
-0.034800 0.010481 -0.999339 -33.700201 0.009253 0.999906 0.010164 -0.514636 0.999351 -0.008894 -0.034894 4.987677
-0.035649 0.011851 -0.999294 -34.536187 0.004535 0.999921 0.011696 -0.523090 0.999354 -0.004115 -0.035700 4.949173
-0.033830 0.008812 -0.999389 -35.372344 0.003192 0.999957 0.008709 -0.496342 0.999423 -0.002895 -0.033856 4.881354
-0.031462 0.007356 -0.999478 -36.211075 0.004817 0.999962 0.007208 -0.497477 0.999493 -0.004588 -0.031496 4.838744
-0.034020 0.005600 -0.999405 -37.053997 0.009555 0.999940 0.005278 -0.495725 0.999375 -0.009370 -0.034071 4.858238
-0.032762 0.003812 -0.999456 -37.897127 0.014548 0.999889 0.003337 -0.493154 0.999357 -0.014430 -0.032813 4.821485
-0.032782 0.005013 -0.999450 -38.733007 0.017252 0.999841 0.004449 -0.497678 0.999314 -0.017097 -0.032863 4.771522
-0.035033 0.005657 -0.999370 -39.567512 0.018245 0.999821 0.005020 -0.531409 0.999220 -0.018057 -0.035130 4.788948
-0.033711 0.005005 -0.999419 -40.399132 0.014084 0.999891 0.004532 -0.550525 0.999332 -0.013923 -0.033777 4.743840
-0.033739 0.005641 -0.999415 -41.228180 0.011793 0.999917 0.005246 -0.583577 0.999361 -0.011609 -0.033803 4.738982
-0.034099 0.009776 -0.999371 -42.057998 0.009988 0.999906 0.009440 -0.608503 0.999369 -0.009660 -0.034194 4.738830
-0.033807 0.013422 -0.999338 -42.886102 0.008680 0.999876 0.013136 -0.616755 0.999391 -0.008230 -0.033919 4.689536
-0.031888 0.011949 -0.999420 -43.706819 0.007167 0.999906 0.011726 -0.621682 0.999466 -0.006789 -0.031971 4.591867
-0.033107 0.009533 -0.999406 -44.531473 0.003255 0.999950 0.009430 -0.636393 0.999447 -0.002940 -0.033136 4.545151
-0.034489 0.004485 -0.999395 -45.356316 0.001642 0.999989 0.004431 -0.647535 0.999404 -0.001488 -0.034496 4.534708
-0.039550 0.003921 -0.999210 -46.180839 0.004141 0.999984 0.003760 -0.645698 0.999209 -0.003989 -0.039565 4.563888
-0.041825 0.003494 -0.999119 -47.006952 0.011692 0.999927 0.003007 -0.668936 0.999057 -0.011556 -0.041863 4.532264
-0.045103 0.001275 -0.998982 -47.825431 0.015609 0.999878 0.000571 -0.691271 0.998860 -0.015567 -0.045118 4.521971
-0.045617 0.001305 -0.998958 -48.635289 0.014829 0.999890 0.000629 -0.719401 0.998849 -0.014785 -0.045631 4.457136
-0.046574 0.004838 -0.998903 -49.438894 0.011875 0.999920 0.004289 -0.743425 0.998844 -0.011662 -0.046628 4.394501
-0.047999 0.010767 -0.998789 -50.237135 0.009090 0.999905 0.010342 -0.766127 0.998806 -0.008583 -0.048092 4.329415
-0.049723 0.014293 -0.998661 -51.036145 0.009266 0.999861 0.013848 -0.784779 0.998720 -0.008565 -0.049848 4.280358
-0.048505 0.015288 -0.998706 -51.831396 0.010217 0.999838 0.014810 -0.790510 0.998771 -0.009486 -0.048653 4.211108
-0.048058 0.015108 -0.998730 -52.624600 0.010570 0.999837 0.014616 -0.787549 0.998789 -0.009854 -0.048210 4.134248
-0.048659 0.015954 -0.998688 -53.413020 0.009427 0.999835 0.015513 -0.790531 0.998771 -0.008659 -0.048802 4.082558
-0.048585 0.015980 -0.998691 -54.196508 0.008614 0.999842 0.015579 -0.794760 0.998782 -0.007846 -0.048715 4.019857
-0.047556 0.014143 -0.998768 -54.975154 0.011463 0.999842 0.013613 -0.806409 0.998803 -0.010802 -0.047711 3.941788
-0.049362 0.013863 -0.998685 -55.753123 0.014568 0.999807 0.013159 -0.811835 0.998675 -0.013899 -0.049554 3.910210
-0.049280 0.014756 -0.998676 -56.527688 0.018530 0.999732 0.013857 -0.819871 0.998613 -0.017823 -0.049540 3.853270
-0.049469 0.012970 -0.998691 -57.292818 0.020943 0.999709 0.011946 -0.841444 0.998556 -0.020324 -0.049726 3.793507
-0.051004 0.012512 -0.998620 -58.050381 0.021620 0.999701 0.011421 -0.863164 0.998464 -0.021008 -0.051259 3.743841
-0.048898 0.011966 -0.998732 -58.798501 0.020262 0.999734 0.010986 -0.886864 0.998598 -0.019699 -0.049128 3.684141
-0.048077 0.014298 -0.998741 -59.531790 0.017251 0.999760 0.013482 -0.901584 0.998695 -0.016581 -0.048313 3.615811
-0.049516 0.013376 -0.998684 -60.261662 0.014026 0.999821 0.012695 -0.911799 0.998675 -0.013379 -0.049695 3.620900
-0.049550 0.013245 -0.998684 -60.973497 0.011909 0.999849 0.012670 -0.910972 0.998701 -0.011266 -0.049700 3.591797
-0.046479 0.014344 -0.998816 -61.670350 0.010777 0.999846 0.013857 -0.911482 0.998861 -0.010120 -0.046626 3.548284
-0.041761 0.013139 -0.999041 -62.349781 0.011224 0.999857 0.012681 -0.918917 0.999065 -0.010683 -0.041902 3.481686
-0.036742 0.009551 -0.999279 -63.015514 0.009290 0.999914 0.009215 -0.889363 0.999282 -0.008944 -0.036827 3.444855
-0.030051 0.007281 -0.999522 -63.666809 0.010770 0.999918 0.006961 -0.909146 0.999490 -0.010556 -0.030127 3.451335
-0.021709 0.007699 -0.999735 -64.302954 0.012208 0.999898 0.007435 -0.919029 0.999690 -0.012043 -0.021801 3.435434
-0.010321 0.008156 -0.999913 -64.923284 0.013055 0.999883 0.008021 -0.922061 0.999862 -0.012971 -0.010427 3.425673
0.001507 0.011344 -0.999935 -65.524357 0.014966 0.999823 0.011365 -0.942709 0.999887 -0.014982 0.001337 3.450772
0.019789 0.011714 -0.999736 -66.106639 0.016208 0.999796 0.012036 -0.957322 0.999673 -0.016442 0.019595 3.403577
0.040565 0.012593 -0.999098 -66.667153 0.016609 0.999774 0.013276 -0.967527 0.999039 -0.017132 0.040346 3.435545
0.066667 0.009893 -0.997726 -67.206270 0.016719 0.999799 0.011031 -0.975389 0.997635 -0.017416 0.066489 3.473890
0.095128 0.006752 -0.995442 -67.718193 0.016116 0.999835 0.008322 -0.977516 0.995335 -0.016834 0.095003 3.541512
0.130943 0.004176 -0.991381 -68.212100 0.017819 0.999820 0.006565 -1.014799 0.991230 -0.018525 0.130845 3.578840
0.170477 0.000783 -0.985361 -68.690233 0.018848 0.999814 0.004055 -1.027808 0.985181 -0.019263 0.170431 3.621389
0.212714 -0.001316 -0.977114 -69.148421 0.020425 0.999787 0.003100 -1.059845 0.976901 -0.020617 0.212696 3.671354
0.258054 -0.004331 -0.966121 -69.593545 0.022038 0.999756 0.001405 -1.056621 0.965879 -0.021654 0.258087 3.800763
0.305843 -0.010343 -0.952026 -70.018757 0.024626 0.999692 -0.002950 -1.089848 0.951763 -0.022542 0.306003 3.941403
0.352192 -0.020784 -0.935697 -70.418262 0.025588 0.999594 -0.012572 -1.104815 0.935578 -0.019514 0.352581 4.150155
0.397655 -0.030853 -0.917016 -70.768706 0.026527 0.999403 -0.022122 -1.122464 0.917151 -0.015529 0.398236 4.412069
0.451099 -0.037118 -0.891702 -71.164550 0.025823 0.999259 -0.028532 -1.124333 0.892100 -0.010156 0.451723 4.616530
0.500977 -0.037617 -0.864643 -71.531757 0.024882 0.999268 -0.029058 -1.112860 0.865103 -0.006956 0.501546 4.849783
0.545738 -0.039737 -0.837013 -71.866779 0.027256 0.999188 -0.029665 -1.147226 0.837512 -0.006624 0.546378 5.134822
0.587093 -0.047882 -0.808102 -72.190043 0.033449 0.998832 -0.034883 -1.183390 0.808828 -0.006550 0.588008 5.431149
0.627564 -0.059723 -0.776271 -72.500274 0.041412 0.998203 -0.043318 -1.212102 0.777463 -0.004962 0.628909 5.727537
0.667405 -0.064069 -0.741934 -72.797783 0.040106 0.997939 -0.050099 -1.225220 0.743614 0.003681 0.668599 6.034471
0.709178 -0.062501 -0.702254 -73.106466 0.032340 0.997898 -0.056155 -1.235584 0.704288 0.017113 0.709708 6.314841
0.748052 -0.059617 -0.660957 -73.361313 0.022240 0.997649 -0.064815 -1.252158 0.663267 0.033785 0.747620 6.662948
0.783574 -0.056166 -0.618755 -73.593240 0.014829 0.997312 -0.071749 -1.271704 0.621122 0.047045 0.782301 7.034059
0.817716 -0.055611 -0.572930 -73.818764 0.013356 0.996887 -0.077699 -1.276751 0.575467 0.055883 0.815913 7.439565
0.849829 -0.053040 -0.524383 -74.066026 0.012146 0.996630 -0.081121 -1.297087 0.526918 0.062570 0.847610 7.850362
0.878458 -0.043381 -0.475847 -74.273568 0.006108 0.996808 -0.079599 -1.346833 0.477781 0.067018 0.875919 8.287703
0.902918 -0.039747 -0.427972 -74.479864 0.006820 0.996915 -0.078198 -1.402539 0.429760 0.067688 0.900403 8.753641
0.922612 -0.029295 -0.384615 -74.657826 0.000646 0.997228 -0.074406 -1.457230 0.385729 0.068400 0.920073 9.243255
0.939031 -0.021304 -0.343172 -74.814251 -0.004372 0.997258 -0.073872 -1.507879 0.343805 0.070869 0.936363 9.759010
0.952025 -0.013825 -0.305709 -74.978162 -0.008484 0.997403 -0.071525 -1.550197 0.305903 0.070687 0.949435 10.294537
0.960328 -0.010404 -0.278680 -75.097440 -0.009046 0.997616 -0.068419 -1.616594 0.278727 0.068225 0.957944 10.854828
0.967490 -0.009412 -0.252735 -75.283628 -0.007867 0.997704 -0.067270 -1.668659 0.252788 0.067071 0.965194 11.417538
0.972477 -0.007601 -0.232875 -75.417597 -0.007530 0.997920 -0.064020 -1.724162 0.232878 0.064012 0.970397 12.010881
0.976647 -0.003587 -0.214819 -75.565730 -0.009718 0.998100 -0.060847 -1.767155 0.214629 0.061514 0.974757 12.620379
0.980115 0.002118 -0.198417 -75.707134 -0.013899 0.998220 -0.058003 -1.821993 0.197940 0.059608 0.978400 13.243836
0.982574 0.004226 -0.185825 -75.813675 -0.014927 0.998306 -0.056227 -1.878289 0.185273 0.058021 0.980973 13.889941
0.984860 0.002164 -0.173341 -75.916764 -0.012046 0.998359 -0.055981 -1.934222 0.172935 0.057222 0.983270 14.550395
0.987395 0.002838 -0.158248 -76.066298 -0.011861 0.998354 -0.056105 -1.983155 0.157829 0.057275 0.985804 15.218151
0.989261 0.004954 -0.146078 -76.142699 -0.013141 0.998392 -0.055134 -2.031874 0.145570 0.056462 0.987736 15.913535
0.991290 0.009335 -0.131365 -76.264623 -0.016504 0.998426 -0.053596 -2.084421 0.130658 0.055297 0.989884 16.618111
0.993258 0.011370 -0.115367 -76.421851 -0.017948 0.998262 -0.056136 -2.143954 0.114528 0.057828 0.991735 17.322949
0.994379 0.014521 -0.104883 -76.493578 -0.020995 0.997924 -0.060882 -2.211683 0.103781 0.062742 0.992619 18.054628
0.995260 0.010704 -0.096664 -76.539362 -0.017239 0.997603 -0.067019 -2.273458 0.095715 0.068368 0.993058 18.797406
0.996132 0.011199 -0.087155 -76.642145 -0.017029 0.997645 -0.066439 -2.328660 0.086206 0.067667 0.993977 19.551293
0.996740 0.012715 -0.079672 -76.734506 -0.017530 0.998043 -0.060030 -2.393274 0.078753 0.061231 0.995012 20.318810
0.996945 0.016619 -0.076314 -76.789228 -0.020609 0.998444 -0.051809 -2.450655 0.075334 0.053223 0.995737 21.094082
0.997136 0.013559 -0.074398 -76.834350 -0.017118 0.998729 -0.047413 -2.525309 0.073661 0.048551 0.996101 21.866663
0.997421 0.013084 -0.070572 -76.871373 -0.016627 0.998618 -0.049848 -2.562515 0.069822 0.050893 0.996260 22.634168
0.997692 0.015313 -0.066154 -76.955546 -0.018697 0.998532 -0.050836 -2.616204 0.065279 0.051956 0.996514 23.397990
0.997883 0.014793 -0.063333 -77.022695 -0.017878 0.998667 -0.048417 -2.664763 0.062533 0.049447 0.996817 24.166961
0.998104 0.009803 -0.060764 -77.096439 -0.012613 0.998861 -0.046028 -2.707718 0.060244 0.046707 0.997090 24.934911
0.998373 0.008490 -0.056386 -77.171361 -0.011011 0.998946 -0.044554 -2.755568 0.055948 0.045102 0.997414 25.703005
0.998525 0.007410 -0.053779 -77.214581 -0.009965 0.998827 -0.047389 -2.815769 0.053365 0.047855 0.997428 26.464388
0.998522 0.010084 -0.053402 -77.257938 -0.012996 0.998431 -0.054467 -2.872224 0.052769 0.055080 0.997087 27.223680
0.998597 0.011338 -0.051729 -77.306860 -0.014567 0.997940 -0.062482 -2.917132 0.050914 0.063147 0.996705 27.982927
0.998725 0.012717 -0.048846 -77.381081 -0.015961 0.997651 -0.066614 -2.976604 0.047884 0.067309 0.996582 28.735775
0.998860 0.014116 -0.045605 -77.419042 -0.017011 0.997822 -0.063739 -3.052200 0.044606 0.064443 0.996924 29.500495
0.998977 0.017838 -0.041558 -77.480733 -0.020310 0.998000 -0.059856 -3.117924 0.040407 0.060638 0.997342 30.256833
0.998963 0.021964 -0.039871 -77.554413 -0.024118 0.998229 -0.054376 -3.180402 0.038606 0.055281 0.997724 31.011926
0.999067 0.019689 -0.038440 -77.586766 -0.021723 0.998346 -0.053234 -3.227661 0.037328 0.054019 0.997842 31.764415
0.999211 0.016243 -0.036240 -77.615609 -0.018234 0.998303 -0.055308 -3.269049 0.035280 0.055925 0.997811 32.512902
0.999200 0.013285 -0.037731 -77.608606 -0.015330 0.998400 -0.054434 -3.338176 0.036948 0.054969 0.997804 33.263332
0.999255 0.012305 -0.036585 -77.637804 -0.014342 0.998332 -0.055929 -3.401679 0.035835 0.056412 0.997764 34.014550
0.999338 0.010188 -0.034921 -77.666774 -0.012115 0.998389 -0.055435 -3.471916 0.034300 0.055821 0.997851 34.767731
0.999354 0.008433 -0.034943 -77.700592 -0.010358 0.998418 -0.055268 -3.527867 0.034422 0.055594 0.997860 35.529241
0.999335 0.009643 -0.035167 -77.719533 -0.011608 0.998359 -0.056084 -3.571219 0.034568 0.056455 0.997807 36.296401
0.999306 0.010464 -0.035762 -77.719736 -0.012522 0.998249 -0.057817 -3.610618 0.035094 0.058224 0.997686 37.067402
0.999248 0.010270 -0.037384 -77.770640 -0.012446 0.998212 -0.058455 -3.663684 0.036717 0.058877 0.997590 37.841908
0.999213 0.007100 -0.039018 -77.805715 -0.009329 0.998317 -0.057244 -3.738079 0.038546 0.057563 0.997597 38.624026
0.999151 0.009247 -0.040139 -77.869988 -0.011577 0.998237 -0.058210 -3.779275 0.039530 0.058625 0.997497 39.408616
0.998933 0.011549 -0.044716 -77.900900 -0.014163 0.998181 -0.058597 -3.841087 0.043958 0.059168 0.997280 40.204369
0.998732 0.009884 -0.049367 -77.920441 -0.012990 0.997930 -0.062991 -3.906038 0.048642 0.063553 0.996792 40.998347
0.998631 0.013990 -0.050408 -77.983974 -0.017317 0.997657 -0.066179 -3.970484 0.049364 0.066961 0.996534 41.793685
0.998472 0.012890 -0.053731 -77.980396 -0.016493 0.997605 -0.067168 -4.046186 0.052737 0.067952 0.996294 42.603408
0.998343 0.012938 -0.056065 -78.056078 -0.016694 0.997610 -0.067044 -4.095626 0.055063 0.067869 0.996174 43.419785
0.998251 0.012456 -0.057792 -78.098192 -0.016236 0.997726 -0.065416 -4.176521 0.056846 0.066240 0.996183 44.247847
0.998159 0.011056 -0.059637 -78.132315 -0.014922 0.997788 -0.064775 -4.241515 0.058788 0.065546 0.996116 45.083120
0.998003 0.010596 -0.062264 -78.170619 -0.014440 0.997996 -0.061612 -4.314267 0.061486 0.062388 0.996156 45.925693
0.997939 0.009317 -0.063495 -78.234909 -0.013094 0.998153 -0.059330 -4.362703 0.062825 0.060039 0.996217 46.775494
0.997858 0.008692 -0.064831 -78.275171 -0.012391 0.998304 -0.056880 -4.431582 0.064226 0.057562 0.996274 47.629048
0.997969 0.011647 -0.062629 -78.356061 -0.015211 0.998273 -0.056737 -4.496329 0.061860 0.057574 0.996423 48.485897
0.998058 0.009886 -0.061508 -78.397283 -0.013425 0.998261 -0.057398 -4.571875 0.060834 0.058112 0.996455 49.345250
0.998163 0.007783 -0.060088 -78.429965 -0.011399 0.998130 -0.060059 -4.632563 0.059509 0.060633 0.996385 50.208918
0.998249 0.003041 -0.059080 -78.459439 -0.006670 0.998095 -0.061337 -4.715878 0.058781 0.061623 0.996367 51.075353
0.998341 0.001308 -0.057555 -78.537899 -0.004852 0.998097 -0.061476 -4.785059 0.057365 0.061653 0.996448 51.941878
0.998466 -0.000320 -0.055365 -78.597640 -0.003000 0.998202 -0.059872 -4.846039 0.055284 0.059946 0.996670 52.817210
0.998538 -0.004125 -0.053900 -78.647521 0.000995 0.998318 -0.057962 -4.909997 0.054049 0.057824 0.996863 53.693019
0.998563 -0.003474 -0.053472 -78.715591 0.000350 0.998298 -0.058326 -4.977423 0.053583 0.058224 0.996864 54.563340
0.998587 -0.003200 -0.053038 -78.798381 -0.000064 0.998112 -0.061427 -5.049927 0.053134 0.061343 0.996701 55.426268
0.998591 0.000179 -0.053064 -78.831037 -0.003833 0.997626 -0.068764 -5.105537 0.052926 0.068870 0.996221 56.284931
0.998674 0.003615 -0.051351 -78.908085 -0.007355 0.997317 -0.072833 -5.185266 0.050950 0.073114 0.996021 57.139312
0.998727 0.010633 -0.049314 -78.996516 -0.014558 0.996694 -0.079930 -5.254291 0.048301 0.080546 0.995580 57.987305
0.998854 0.010966 -0.046580 -79.078505 -0.014675 0.996682 -0.080059 -5.337598 0.045547 0.080651 0.995701 58.835485
0.998745 0.006499 -0.049668 -79.095894 -0.010255 0.997075 -0.075736 -5.403753 0.049030 0.076151 0.995890 59.686773
0.998731 0.005108 -0.050098 -79.152208 -0.008473 0.997705 -0.067183 -5.483683 0.049640 0.067523 0.996482 60.540109
0.998524 0.002658 -0.054238 -79.180976 -0.006025 0.998057 -0.062014 -5.541933 0.053968 0.062249 0.996600 61.391447
0.998334 0.000961 -0.057689 -79.220989 -0.004710 0.997882 -0.064877 -5.613836 0.057505 0.065041 0.996224 62.224963
0.998319 -0.003787 -0.057842 -79.274571 -0.000112 0.997736 -0.067249 -5.700740 0.057966 0.067142 0.996058 63.050381
0.998029 -0.007288 -0.062328 -79.299146 0.002923 0.997553 -0.069854 -5.766491 0.062685 0.069534 0.995608 63.879717
0.997877 -0.004867 -0.064945 -79.370463 0.000280 0.997515 -0.070450 -5.859436 0.065127 0.070282 0.995399 64.698152
0.997701 -0.000213 -0.067764 -79.456752 -0.004760 0.997305 -0.073212 -5.932828 0.067597 0.073366 0.995012 65.512078
0.997325 -0.000462 -0.073098 -79.522103 -0.005043 0.997163 -0.075109 -6.017821 0.072925 0.075276 0.994493 66.322655
0.997113 0.001489 -0.075915 -79.620193 -0.007446 0.996906 -0.078248 -6.104332 0.075563 0.078587 0.994039 67.124453
0.996875 0.005206 -0.078824 -79.692985 -0.011428 0.996834 -0.078686 -6.179316 0.078165 0.079341 0.993778 67.931182
0.996583 0.006895 -0.082314 -79.767726 -0.013256 0.996944 -0.076993 -6.249733 0.081532 0.077821 0.993628 68.736876
0.996319 0.007682 -0.085375 -79.856898 -0.013916 0.997259 -0.072666 -6.318094 0.084582 0.073587 0.993696 69.540528
0.995898 0.005617 -0.090310 -79.933379 -0.011820 0.997595 -0.068297 -6.387374 0.089709 0.069084 0.993569 70.343313
0.995403 0.004366 -0.095678 -80.004939 -0.010817 0.997693 -0.067018 -6.440715 0.095164 0.067745 0.993154 71.140019
0.994771 0.004822 -0.102013 -80.103252 -0.011671 0.997708 -0.066650 -6.504380 0.101457 0.067492 0.992548 71.926098
0.994178 0.003333 -0.107698 -80.215623 -0.010035 0.998041 -0.061749 -6.576523 0.107281 0.062470 0.992264 72.711694
0.993598 0.002955 -0.112935 -80.328839 -0.009977 0.998047 -0.061663 -6.648280 0.112532 0.062395 0.991687 73.488071
0.992863 0.007833 -0.119003 -80.456992 -0.015186 0.998022 -0.061006 -6.727118 0.118290 0.062378 0.991018 74.254533
0.992238 0.011630 -0.123804 -80.598238 -0.019618 0.997789 -0.063495 -6.789875 0.122792 0.065431 0.990273 75.016167
0.991503 0.011282 -0.129595 -80.714749 -0.020193 0.997504 -0.067655 -6.845661 0.128508 0.069697 0.989256 75.777230
0.990978 0.014643 -0.133224 -80.850327 -0.023991 0.997340 -0.068835 -6.909443 0.131861 0.071410 0.988693 76.536092
0.990314 0.016386 -0.137879 -80.978607 -0.025508 0.997581 -0.064657 -6.968824 0.136486 0.067548 0.988336 77.294260
0.989595 0.016790 -0.142899 -81.131095 -0.025663 0.997840 -0.060478 -7.031108 0.141574 0.063516 0.987888 78.046828
0.988577 0.015339 -0.149936 -81.258605 -0.024459 0.997948 -0.059176 -7.097526 0.148721 0.062168 0.986923 78.797160
0.987873 0.013951 -0.154637 -81.410512 -0.023828 0.997779 -0.062205 -7.171863 0.153426 0.065135 0.986011 79.533901
0.986533 0.012156 -0.163107 -81.538388 -0.023748 0.997313 -0.069308 -7.231691 0.161827 0.072248 0.984171 80.272040
0.985111 0.008743 -0.171695 -81.695496 -0.021427 0.997163 -0.072158 -7.287559 0.170577 0.074763 0.982504 81.006537
0.983322 0.007137 -0.181734 -81.875084 -0.020128 0.997362 -0.069741 -7.356207 0.180757 0.072236 0.980871 81.738692
0.980923 0.005288 -0.194322 -82.030877 -0.018089 0.997776 -0.064161 -7.420921 0.193551 0.066453 0.978837 82.475613
0.978557 0.004830 -0.205918 -82.205949 -0.016984 0.998213 -0.057295 -7.484142 0.205273 0.059564 0.976891 83.211775
0.976410 0.004144 -0.215887 -82.376873 -0.016243 0.998393 -0.054300 -7.550944 0.215315 0.056526 0.974907 83.941373
0.973896 0.010809 -0.226739 -82.566354 -0.024977 0.997903 -0.059711 -7.574007 0.225618 0.063815 0.972123 84.656451
0.971337 0.011830 -0.237412 -82.780234 -0.028642 0.997309 -0.067490 -7.644764 0.235974 0.072356 0.969062 85.353431
0.968253 0.010254 -0.249761 -82.979353 -0.029015 0.997015 -0.071551 -7.706441 0.248282 0.076526 0.965660 86.060957
0.964765 0.006485 -0.263032 -83.179378 -0.025257 0.997362 -0.068048 -7.768603 0.261897 0.072293 0.962384 86.782661
0.961520 0.004399 -0.274700 -83.394899 -0.022054 0.997881 -0.061215 -7.843494 0.273848 0.064918 0.959579 87.504097
0.958093 0.000541 -0.286457 -83.602659 -0.017656 0.998209 -0.057166 -7.904502 0.285913 0.059828 0.956386 88.228637
0.954638 -0.002207 -0.297760 -83.843342 -0.016377 0.998070 -0.059906 -7.967847 0.297318 0.062065 0.952759 88.933496
0.951311 -0.003652 -0.308210 -84.112049 -0.017343 0.997712 -0.065352 -8.023852 0.307743 0.067516 0.949071 89.627149
0.948156 -0.004632 -0.317772 -84.330571 -0.019228 0.997226 -0.071908 -8.090556 0.317224 0.074290 0.945436 90.338255
0.945428 -0.007202 -0.325750 -84.593369 -0.019126 0.996805 -0.077548 -8.153812 0.325268 0.079546 0.942270 91.034641
0.942675 -0.007711 -0.333622 -84.857930 -0.019734 0.996695 -0.078795 -8.234233 0.333127 0.080862 0.939408 91.734776
0.940363 -0.001007 -0.340170 -85.149266 -0.026961 0.996629 -0.077482 -8.293189 0.339101 0.082032 0.937166 92.429722
0.936889 -0.000871 -0.349626 -85.413647 -0.026956 0.996841 -0.074715 -8.367724 0.348587 0.079424 0.933905 93.129832
0.933588 -0.003704 -0.358330 -85.690984 -0.022487 0.997370 -0.068897 -8.438906 0.357643 0.072379 0.931049 93.834478
0.930226 -0.005058 -0.366952 -85.971593 -0.019169 0.997870 -0.062349 -8.499951 0.366486 0.065033 0.928148 94.542985
0.927611 0.003105 -0.373534 -86.292753 -0.024632 0.998297 -0.052871 -8.574740 0.372733 0.058245 0.926109 95.233851
0.924404 0.011236 -0.381249 -86.572912 -0.034000 0.998014 -0.053026 -8.629093 0.379896 0.061980 0.922950 95.936870
0.922511 0.010632 -0.385825 -86.902136 -0.036739 0.997501 -0.060355 -8.684725 0.384219 0.069854 0.920596 96.611565
0.920701 0.006518 -0.390214 -87.208917 -0.036179 0.996981 -0.068709 -8.742670 0.388587 0.077378 0.918157 97.299336
0.919495 0.007543 -0.393030 -87.550479 -0.037486 0.996942 -0.068567 -8.809343 0.391311 0.077780 0.916966 97.978644
0.917973 0.011811 -0.396467 -87.887325 -0.039315 0.997344 -0.061318 -8.882793 0.394689 0.071876 0.915999 98.672019
0.915657 0.010957 -0.401812 -88.205023 -0.036978 0.997686 -0.057060 -8.961756 0.400257 0.067106 0.913943 99.373815
0.913887 0.006142 -0.405922 -88.510581 -0.033895 0.997549 -0.061218 -9.026645 0.404551 0.069705 0.911855 100.080446
0.912212 0.006544 -0.409665 -88.835863 -0.036956 0.997111 -0.066364 -9.086790 0.408047 0.075678 0.909819 100.769728
0.911206 0.007201 -0.411888 -89.192611 -0.039686 0.996731 -0.070369 -9.173267 0.410034 0.080467 0.908513 101.441455
0.909300 0.008367 -0.416056 -89.530227 -0.041141 0.996707 -0.069871 -9.248106 0.414102 0.080651 0.906651 102.127564
0.907632 0.010662 -0.419632 -89.882188 -0.041923 0.996982 -0.065345 -9.314501 0.417669 0.076901 0.905339 102.816530
0.905147 0.009978 -0.424981 -90.190381 -0.041185 0.997080 -0.064307 -9.377805 0.423098 0.075710 0.902915 103.521860
0.902817 0.009571 -0.429917 -90.529571 -0.040751 0.997157 -0.063378 -9.447166 0.428089 0.074738 0.900641 104.207972
0.899338 0.006790 -0.437201 -90.840904 -0.039480 0.997056 -0.065728 -9.503611 0.435468 0.076372 0.896959 104.904207
0.897885 0.005413 -0.440196 -91.185907 -0.038991 0.996973 -0.067272 -9.561374 0.438499 0.077566 0.895378 105.581106
0.895901 0.002964 -0.444243 -91.509810 -0.036547 0.997080 -0.067053 -9.635574 0.442747 0.076309 0.893394 106.265110
0.892608 0.003493 -0.450821 -91.830604 -0.037115 0.997145 -0.065760 -9.705161 0.449304 0.075430 0.890189 106.949907
0.890903 0.003591 -0.454179 -92.185964 -0.036790 0.997253 -0.064281 -9.789562 0.452701 0.073977 0.888588 107.609658
0.888872 0.002307 -0.458150 -92.544585 -0.037422 0.997012 -0.067583 -9.863121 0.456625 0.077217 0.886302 108.257615
0.886060 0.000911 -0.463571 -92.879442 -0.039393 0.996529 -0.073337 -9.917021 0.461895 0.083243 0.883020 108.915748
0.883122 -0.000368 -0.469143 -93.213851 -0.040307 0.996243 -0.076656 -9.975858 0.467409 0.086606 0.879789 109.567281
0.880923 -0.001184 -0.473258 -93.561210 -0.038707 0.996466 -0.074541 -10.031277 0.471673 0.083983 0.877765 110.221035
0.877131 -0.004334 -0.480231 -93.879041 -0.032938 0.997062 -0.069159 -10.087366 0.479120 0.076479 0.874411 110.883450
0.877002 -0.006595 -0.480441 -94.257284 -0.026057 0.997782 -0.061261 -10.163473 0.479780 0.066245 0.874885 111.502513
0.874968 -0.009956 -0.484079 -94.604239 -0.021823 0.997962 -0.059970 -10.216175 0.483689 0.063036 0.872967 112.121786
0.873074 -0.012938 -0.487416 -94.900900 -0.019533 0.997917 -0.061476 -10.294986 0.487196 0.063194 0.871003 112.745946
0.870694 -0.014436 -0.491613 -95.204786 -0.019338 0.997791 -0.063549 -10.380538 0.491444 0.064838 0.868492 113.343223
0.870358 -0.014887 -0.492194 -95.559766 -0.020016 0.997647 -0.065570 -10.441538 0.492012 0.066921 0.868012 113.897596
0.870723 -0.015277 -0.491536 -95.949740 -0.020901 0.997465 -0.068026 -10.477822 0.491329 0.069506 0.868196 114.412445
0.868032 -0.017280 -0.496207 -96.236896 -0.019553 0.997429 -0.068938 -10.523836 0.496123 0.069543 0.865463 114.967922
0.868882 -0.016592 -0.494740 -96.595965 -0.020046 0.997439 -0.068657 -10.577169 0.494612 0.069572 0.866325 115.458054
0.866958 -0.017746 -0.498066 -96.891061 -0.018538 0.997526 -0.067809 -10.630396 0.498037 0.068021 0.864484 115.965190
0.864885 -0.019291 -0.501598 -97.165725 -0.017485 0.997497 -0.068513 -10.686999 0.501665 0.068026 0.862383 116.453158
0.863221 -0.022252 -0.504336 -97.436273 -0.015395 0.997403 -0.070356 -10.719793 0.504592 0.068497 0.860636 116.918552
0.863101 -0.024474 -0.504438 -97.725044 -0.013448 0.997357 -0.071400 -10.778449 0.504852 0.068409 0.860491 117.340169
0.861286 -0.022563 -0.507619 -97.974849 -0.016061 0.997306 -0.071579 -10.848050 0.507867 0.069803 0.858603 117.760351
0.860039 -0.021980 -0.509755 -98.229214 -0.018926 0.997010 -0.074921 -10.887570 0.509878 0.074082 0.857051 118.155011
0.857251 -0.024843 -0.514299 -98.440045 -0.018214 0.996747 -0.078506 -10.911791 0.514577 0.076667 0.854010 118.553693
0.854943 -0.029879 -0.517861 -98.671571 -0.014367 0.996593 -0.081218 -10.947530 0.518523 0.076877 0.851601 118.922145
0.852023 -0.029836 -0.522653 -98.902338 -0.014564 0.996637 -0.080634 -10.979366 0.523301 0.076314 0.848724 119.266594
0.848945 -0.028362 -0.527719 -99.144199 -0.016418 0.996661 -0.079977 -10.984965 0.528226 0.076560 0.845645 119.583276
0.846082 -0.025142 -0.532460 -99.370548 -0.016366 0.997191 -0.073093 -11.057303 0.532802 0.070557 0.843293 119.879973
0.839067 -0.023904 -0.543502 -99.494455 -0.013564 0.997804 -0.064826 -11.131242 0.543859 0.061765 0.836901 120.212602
0.836182 -0.024729 -0.547895 -99.708356 -0.010641 0.998063 -0.061287 -11.169766 0.548350 0.057077 0.834299 120.473895
0.831469 -0.029799 -0.554772 -99.895666 -0.006496 0.997971 -0.063341 -11.189878 0.555533 0.056270 0.829588 120.729104
0.823924 -0.033946 -0.565682 -100.037418 -0.003614 0.997869 -0.065144 -11.210855 0.566688 0.055718 0.822046 120.994990
0.813210 -0.038550 -0.580692 -100.170181 -0.000683 0.997740 -0.067192 -11.226713 0.581970 0.055038 0.811346 121.246452
0.803164 -0.039432 -0.594452 -100.317718 0.001286 0.997920 -0.064457 -11.303566 0.595757 0.051005 0.801544 121.459597
0.791340 -0.038123 -0.610186 -100.486396 -0.002109 0.997878 -0.065080 -11.294122 0.611373 0.052787 0.789580 121.649230
0.777299 -0.039081 -0.627917 -100.622522 -0.002881 0.997837 -0.065672 -11.355919 0.629125 0.052855 0.775505 121.840831
0.762351 -0.038994 -0.645988 -100.774551 -0.007103 0.997619 -0.068603 -11.376894 0.647125 0.056888 0.760259 122.009684
0.749048 -0.041096 -0.661240 -100.938071 -0.008831 0.997366 -0.071989 -11.417307 0.662457 0.059763 0.746712 122.143048
0.734313 -0.037866 -0.677754 -101.090511 -0.015468 0.997250 -0.072475 -11.417857 0.678634 0.063703 0.731709 122.293325
0.717544 -0.032038 -0.695776 -101.243672 -0.023160 0.997292 -0.069806 -11.423783 0.696128 0.066203 0.714859 122.447040
0.698496 -0.031016 -0.714942 -101.390061 -0.023245 0.997550 -0.065987 -11.473176 0.715236 0.062710 0.696063 122.594314
0.678775 -0.036111 -0.733458 -101.542824 -0.021081 0.997420 -0.068616 -11.472877 0.734043 0.062037 0.676263 122.752157
0.658562 -0.040826 -0.751418 -101.710031 -0.017112 0.997457 -0.069191 -11.510866 0.752332 0.058425 0.656188 122.887692
0.639917 -0.042000 -0.767295 -101.902221 -0.015492 0.997597 -0.067526 -11.531568 0.768288 0.055098 0.637729 122.977089
0.616321 -0.040035 -0.786477 -102.092112 -0.015714 0.997883 -0.063111 -11.537324 0.787338 0.051255 0.614387 123.086805
0.587681 -0.039454 -0.808130 -102.243421 -0.015584 0.998073 -0.060060 -11.542226 0.808943 0.047890 0.585934 123.236907
0.563500 -0.038866 -0.825201 -102.434825 -0.014712 0.998262 -0.057063 -11.563828 0.825985 0.044295 0.561949 123.336770
0.536098 -0.037036 -0.843343 -102.608519 -0.013398 0.998538 -0.052369 -11.610000 0.844049 0.039374 0.534818 123.457686
0.510165 -0.033549 -0.859422 -102.804879 -0.014390 0.998766 -0.047531 -11.613533 0.859956 0.036616 0.509053 123.534232
0.482452 -0.031824 -0.875344 -103.003686 -0.013791 0.998940 -0.043918 -11.632636 0.875814 0.033260 0.481501 123.619125
0.453231 -0.032579 -0.890798 -103.203537 -0.013697 0.998959 -0.043504 -11.655246 0.891288 0.031919 0.452313 123.707140
0.420522 -0.033377 -0.906668 -103.410681 -0.018473 0.998801 -0.045336 -11.654135 0.907094 0.035813 0.419401 123.789216
0.388517 -0.035431 -0.920760 -103.656066 -0.021679 0.998632 -0.047576 -11.681262 0.921186 0.038445 0.387218 123.837527
0.346333 -0.036825 -0.937388 -103.889598 -0.024718 0.998524 -0.048359 -11.691432 0.937786 0.039919 0.344912 123.950246
0.306331 -0.037781 -0.951175 -104.172427 -0.024145 0.998582 -0.047440 -11.723749 0.951619 0.037499 0.304985 124.002218
0.261963 -0.040779 -0.964216 -104.469629 -0.026388 0.998431 -0.049395 -11.738293 0.964717 0.038383 0.260476 124.062258
0.218124 -0.041364 -0.975044 -104.775097 -0.029434 0.998368 -0.048938 -11.753319 0.975477 0.039374 0.216551 124.074940
0.169301 -0.042564 -0.984645 -105.107208 -0.033585 0.998238 -0.048926 -11.745437 0.984992 0.041353 0.167573 124.111760
0.122294 -0.044129 -0.991512 -105.457424 -0.035416 0.998181 -0.048794 -11.753355 0.991862 0.041083 0.120509 124.093442
0.070679 -0.048258 -0.996331 -105.800191 -0.032099 0.998202 -0.050625 -11.785347 0.996983 0.035559 0.069003 124.084375
0.020921 -0.050519 -0.998504 -106.169525 -0.029654 0.998252 -0.051128 -11.808887 0.999341 0.030679 0.019386 124.027445
-0.030815 -0.052186 -0.998162 -106.535809 -0.029054 0.998261 -0.051294 -11.818122 0.999103 0.027420 -0.032277 123.980090
-0.083474 -0.057406 -0.994855 -106.927473 -0.027791 0.998085 -0.055261 -11.833335 0.996122 0.023035 -0.084909 123.912857
-0.137043 -0.060528 -0.988714 -107.328202 -0.024920 0.998026 -0.057644 -11.887260 0.990252 0.016739 -0.138281 123.843675
-0.186520 -0.056310 -0.980836 -107.716277 -0.026955 0.998274 -0.052186 -11.840494 0.982081 0.016705 -0.187716 123.723435
-0.237232 -0.058964 -0.969662 -108.132679 -0.027008 0.998171 -0.054090 -11.858281 0.971077 0.013357 -0.238391 123.591176
-0.286597 -0.063563 -0.955940 -108.562405 -0.027397 0.997932 -0.058142 -11.894251 0.957659 0.009526 -0.287746 123.455982
-0.332035 -0.067381 -0.940857 -108.990326 -0.029393 0.997700 -0.061079 -11.906346 0.942809 0.007374 -0.333252 123.272124
-0.374130 -0.069513 -0.924767 -109.428592 -0.031079 0.997567 -0.062411 -11.915342 0.926855 0.005391 -0.375380 123.052884
-0.420434 -0.072868 -0.904393 -109.892680 -0.031084 0.997342 -0.065906 -11.968158 0.906791 0.000403 -0.421581 122.869607
-0.458781 -0.074655 -0.885408 -110.341593 -0.031026 0.997202 -0.068004 -12.007012 0.888007 -0.003728 -0.459814 122.599380
-0.490898 -0.075853 -0.867909 -110.797141 -0.030260 0.997086 -0.070028 -12.061129 0.870691 -0.008113 -0.491763 122.298318
-0.518567 -0.072835 -0.851929 -111.253874 -0.028374 0.997282 -0.067990 -12.109406 0.854566 -0.011085 -0.519224 121.972881
-0.539670 -0.069576 -0.838997 -111.717970 -0.027025 0.997497 -0.065336 -12.144635 0.841443 -0.012587 -0.540200 121.616138
-0.555996 -0.066849 -0.828492 -112.196176 -0.026095 0.997673 -0.062987 -12.187585 0.830775 -0.013401 -0.556447 121.258154
