0.999990 -0.002508 -0.003711 0.000000 0.002504 0.999996 -0.001021 0.000000 0.003714 0.001012 0.999993 0.000000
0.999989 0.000147 -0.004653 0.000000 -0.000158 0.999997 -0.002318 0.000000 0.004653 0.002319 0.999986 0.000000
0.999979 0.000104 -0.006513 -0.134382 -0.000131 0.999992 -0.004071 -0.027593 0.006512 0.004071 0.999971 2.713818
0.999944 0.000689 -0.010585 -0.168807 -0.000731 0.999992 -0.003880 -0.042249 0.010583 0.003888 0.999936 3.572434
0.999888 -0.000783 -0.014913 -0.188227 0.000723 0.999992 -0.004002 -0.054064 0.014916 0.003990 0.999881 4.432569
0.999814 -0.000535 -0.019270 -0.224957 0.000437 0.999987 -0.005124 -0.070469 0.019273 0.005114 0.999801 5.291025
0.999711 0.001929 -0.023955 -0.256283 -0.002071 0.999981 -0.005878 -0.079371 0.023944 0.005926 0.999696 6.150947
0.999597 0.001471 -0.028340 -0.290387 -0.001596 0.999989 -0.004390 -0.080955 0.028334 0.004433 0.999589 7.009714
0.999477 0.000244 -0.032336 -0.341612 -0.000287 0.999999 -0.001308 -0.100587 0.032336 0.001317 0.999476 7.868270
0.999358 0.000205 -0.035826 -0.374119 -0.000167 0.999999 0.001056 -0.105935 0.035826 -0.001049 0.999357 8.728237
0.999288 0.001653 -0.037684 -0.423049 -0.001623 0.999998 0.000824 -0.121853 0.037685 -0.000763 0.999289 9.585829
0.999206 0.002129 -0.039795 -0.460881 -0.002103 0.999998 0.000700 -0.125697 0.039796 -0.000616 0.999208 10.445420
0.999079 -0.003699 -0.042743 -0.500321 0.003673 0.999993 -0.000680 -0.101899 0.042745 0.000522 0.999086 11.304543
0.998991 -0.003040 -0.044797 -0.554256 0.003034 0.999995 -0.000195 -0.102497 0.044797 0.000059 0.998996 12.162442
0.998842 -0.005585 -0.047791 -0.567759 0.005550 0.999984 -0.000874 -0.095696 0.047795 0.000608 0.998857 13.018179
0.998729 -0.003796 -0.050265 -0.602835 0.003653 0.999989 -0.002946 -0.104971 0.050276 0.002758 0.998732 13.881084
0.998698 -0.002985 -0.050930 -0.666238 0.002720 0.999982 -0.005278 -0.117465 0.050944 0.005133 0.998688 14.749407
0.998626 -0.000282 -0.052411 -0.736225 -0.000099 0.999974 -0.007256 -0.131547 0.052411 0.007251 0.998599 15.628127
0.998602 -0.000306 -0.052857 -0.806241 -0.000028 0.999980 -0.006313 -0.150417 0.052858 0.006306 0.998582 16.517096
0.998526 -0.001657 -0.054242 -0.867718 0.001373 0.999985 -0.005284 -0.164187 0.054250 0.005202 0.998514 17.416614
0.998473 -0.001562 -0.055217 -0.934532 0.001344 0.999991 -0.003984 -0.168576 0.055222 0.003904 0.998466 18.320302
0.998420 -0.002083 -0.056146 -0.975166 0.001877 0.999991 -0.003734 -0.189476 0.056153 0.003622 0.998416 19.232203
0.998322 -0.004203 -0.057761 -1.057823 0.003934 0.999981 -0.004765 -0.177980 0.057780 0.004529 0.998319 20.143490
0.998270 -0.005211 -0.058573 -1.110794 0.004893 0.999973 -0.005570 -0.196236 0.058600 0.005274 0.998268 21.060287
0.998220 -0.006495 -0.059285 -1.179629 0.006278 0.999973 -0.003857 -0.211542 0.059309 0.003478 0.998234 21.986302
0.998242 -0.009071 -0.058568 -1.274649 0.008981 0.999958 -0.001802 -0.186599 0.058582 0.001273 0.998282 22.917280
0.998294 -0.010152 -0.057498 -1.335000 0.010294 0.999945 0.002189 -0.189725 0.057473 -0.002777 0.998343 23.852663
0.998384 -0.011398 -0.055672 -1.403344 0.011699 0.999919 0.005079 -0.198303 0.055609 -0.005723 0.998436 24.794155
0.998456 -0.012343 -0.054160 -1.467640 0.012673 0.999903 0.005753 -0.198586 0.054083 -0.006431 0.998516 25.738851
0.998509 -0.011261 -0.053404 -1.504730 0.011445 0.999930 0.003141 -0.211702 0.053365 -0.003747 0.998568 26.687464
0.998535 -0.011502 -0.052869 -1.563618 0.011430 0.999933 -0.001651 -0.204562 0.052884 0.001045 0.998600 27.638921
0.998680 -0.008192 -0.050698 -1.618743 0.007963 0.999957 -0.004722 -0.239809 0.050735 0.004312 0.998703 28.596723
0.998673 -0.010010 -0.050522 -1.632881 0.009832 0.999945 -0.003762 -0.261659 0.050557 0.003261 0.998716 29.566244
0.998783 -0.011270 -0.048007 -1.765826 0.011389 0.999933 0.002207 -0.316400 0.047979 -0.002752 0.998845 30.532638
0.998662 -0.015916 -0.049202 -1.831277 0.016226 0.999851 0.005924 -0.323718 0.049100 -0.006715 0.998771 31.511254
0.998444 -0.023715 -0.050465 -1.859193 0.023994 0.999700 0.004925 -0.336170 0.050333 -0.006128 0.998714 32.491395
0.998396 -0.025306 -0.050651 -1.927102 0.025382 0.999677 0.000863 -0.343430 0.050613 -0.002147 0.998716 33.469585
0.998375 -0.024090 -0.051645 -1.998139 0.023964 0.999708 -0.003055 -0.352529 0.051704 0.001813 0.998661 34.452810
0.998268 -0.023671 -0.053849 -2.049206 0.023504 0.999717 -0.003746 -0.352783 0.053923 0.002474 0.998542 35.464875
0.998046 -0.026264 -0.056702 -2.096047 0.026171 0.999655 -0.002386 -0.353337 0.056745 0.000897 0.998388 36.524289
0.998084 -0.022175 -0.057765 -2.159436 0.022252 0.999752 0.000702 -0.363501 0.057735 -0.001986 0.998330 37.566948
0.998083 -0.021677 -0.057972 -2.252924 0.021835 0.999759 0.002104 -0.378083 0.057912 -0.003365 0.998316 38.609203
0.998035 -0.020901 -0.059067 -2.315427 0.021220 0.999763 0.004782 -0.388203 0.058953 -0.006026 0.998243 39.642327
0.998000 -0.022930 -0.058916 -2.411145 0.023395 0.999700 0.007214 -0.362801 0.058733 -0.008578 0.998237 40.675469
0.998103 -0.016167 -0.059410 -2.503476 0.016726 0.999820 0.008925 -0.353019 0.059255 -0.009901 0.998194 41.697036
0.998062 -0.016823 -0.059918 -2.557532 0.017361 0.999813 0.008471 -0.360870 0.059765 -0.009495 0.998167 42.720441
0.998090 -0.016829 -0.059441 -2.618744 0.017276 0.999826 0.007002 -0.371574 0.059313 -0.008015 0.998207 43.731052
0.998071 -0.017970 -0.059426 -2.709960 0.018212 0.999828 0.003540 -0.337522 0.059353 -0.004616 0.998226 44.734252
0.998009 -0.018394 -0.060327 -2.776614 0.018643 0.999820 0.003564 -0.345057 0.060251 -0.004682 0.998172 45.735664
0.997887 -0.020234 -0.061746 -2.829667 0.020560 0.999778 0.004658 -0.356720 0.061638 -0.005918 0.998081 46.735886
0.997792 -0.020552 -0.063159 -2.896661 0.020953 0.999764 0.005681 -0.355300 0.063027 -0.006991 0.997987 47.731261
0.997901 -0.017619 -0.062308 -3.002162 0.017848 0.999836 0.003130 -0.384247 0.062243 -0.004235 0.998052 48.714228
0.997847 -0.016431 -0.063493 -3.057347 0.016391 0.999865 -0.001147 -0.396828 0.063503 0.000104 0.997982 49.693134
0.997884 -0.013470 -0.063615 -3.126712 0.013353 0.999908 -0.002250 -0.426035 0.063639 0.001396 0.997972 50.674740
0.997912 -0.013659 -0.063130 -3.203142 0.013758 0.999905 0.001125 -0.449400 0.063109 -0.001991 0.998005 51.655052
0.997839 -0.016188 -0.063688 -3.251655 0.016483 0.999856 0.004098 -0.460484 0.063612 -0.005139 0.997961 52.632933
0.997659 -0.021771 -0.064833 -3.318084 0.022113 0.999745 0.004564 -0.449884 0.064717 -0.005987 0.997886 53.603201
0.997631 -0.023426 -0.064676 -3.358881 0.023662 0.999716 0.002881 -0.477670 0.064590 -0.004405 0.997902 54.567366
0.997460 -0.024172 -0.067007 -3.366461 0.024311 0.999704 0.001257 -0.504333 0.066957 -0.002883 0.997752 55.532818
0.997326 -0.025746 -0.068393 -3.407680 0.025964 0.999660 0.002304 -0.507112 0.068310 -0.004074 0.997656 56.492939
0.997150 -0.028324 -0.069926 -3.474404 0.028800 0.999568 0.005808 -0.515761 0.069732 -0.007805 0.997535 57.454924
0.997037 -0.030389 -0.070670 -3.546597 0.031227 0.999454 0.010784 -0.530253 0.070304 -0.012959 0.997441 58.416141
0.997066 -0.028773 -0.070933 -3.616190 0.029780 0.999470 0.013177 -0.540356 0.070516 -0.015251 0.997394 59.367884
0.997040 -0.026484 -0.072179 -3.701807 0.027256 0.999581 0.009732 -0.554019 0.071891 -0.011670 0.997344 60.307528
0.997026 -0.023482 -0.073404 -3.774279 0.023681 0.999718 0.001855 -0.557913 0.073340 -0.003588 0.997301 61.232015
0.996979 -0.021735 -0.074566 -3.834583 0.021605 0.999763 -0.002543 -0.581901 0.074604 0.000924 0.997213 62.147274
0.997000 -0.016164 -0.075690 -3.904310 0.016130 0.999869 -0.001067 -0.604431 0.075697 -0.000157 0.997131 63.058144
0.996927 -0.013635 -0.077134 -3.947108 0.013794 0.999904 0.001527 -0.625098 0.077106 -0.002586 0.997020 63.958503
0.996881 -0.010424 -0.078231 -4.024363 0.010708 0.999937 0.003218 -0.631405 0.078193 -0.004046 0.996930 64.841067
0.996868 -0.007612 -0.078712 -4.112367 0.007863 0.999965 0.002868 -0.646489 0.078687 -0.003478 0.996893 65.708283
0.996737 -0.006897 -0.080426 -4.185774 0.007215 0.999967 0.003664 -0.651076 0.080398 -0.004233 0.996754 66.563210
0.996602 -0.006667 -0.082092 -4.245028 0.007048 0.999966 0.004358 -0.665097 0.082060 -0.004921 0.996615 67.407171
0.996507 -0.004299 -0.083400 -4.325736 0.004722 0.999977 0.004880 -0.680996 0.083378 -0.005257 0.996504 68.234869
0.996450 -0.004301 -0.084075 -4.414583 0.004814 0.999971 0.005900 -0.698112 0.084047 -0.006284 0.996442 69.049470
0.996422 -0.001566 -0.084499 -4.506948 0.002342 0.999956 0.009088 -0.716563 0.084481 -0.009254 0.996382 69.851515
0.996420 -0.000753 -0.084535 -4.593810 0.001908 0.999906 0.013587 -0.721387 0.084517 -0.013699 0.996328 70.643782
0.996272 0.002391 -0.086239 -4.665191 -0.001049 0.999878 0.015607 -0.730607 0.086265 -0.015458 0.996152 71.419861
0.996130 0.005385 -0.087722 -4.740849 -0.004395 0.999924 0.011475 -0.731252 0.087777 -0.011046 0.996079 72.172708
0.996197 0.004872 -0.086998 -4.885924 -0.004561 0.999982 0.003769 -0.716721 0.087015 -0.003358 0.996201 72.892078
0.996184 0.004442 -0.087161 -4.974374 -0.004660 0.999987 -0.002292 -0.718005 0.087150 0.002689 0.996192 73.602590
0.996131 0.007401 -0.087570 -5.031158 -0.007712 0.999965 -0.003203 -0.742289 0.087543 0.003866 0.996153 74.298146
0.996036 0.009482 -0.088450 -5.092543 -0.009459 0.999955 0.000686 -0.754939 0.088452 0.000153 0.996080 74.975264
0.995937 0.009684 -0.089528 -5.172453 -0.009440 0.999950 0.003154 -0.774252 0.089554 -0.002296 0.995979 75.629962
0.995853 0.006867 -0.090712 -5.223132 -0.006915 0.999976 -0.000213 -0.790398 0.090708 0.000839 0.995877 76.261649
0.996263 -0.001001 -0.086362 -5.373010 0.000246 0.999962 -0.008755 -0.748197 0.086367 0.008701 0.996225 76.855792
0.996564 -0.005407 -0.082655 -5.492928 0.004168 0.999876 -0.015164 -0.730908 0.082727 0.014768 0.996463 77.440123
0.996822 -0.003835 -0.079571 -5.542170 0.002634 0.999881 -0.015197 -0.737194 0.079619 0.014939 0.996713 78.022426
0.997149 0.001185 -0.075444 -5.600825 -0.002111 0.999924 -0.012185 -0.744984 0.075423 0.012310 0.997076 78.591955
0.997341 -0.000304 -0.072879 -5.604430 -0.000241 0.999972 -0.007469 -0.810257 0.072879 0.007467 0.997313 79.145127
0.997676 -0.003401 -0.068058 -5.579663 0.003126 0.999987 -0.004135 -0.820277 0.068071 0.003912 0.997673 79.688550
0.998156 -0.008122 -0.060153 -5.586114 0.008091 0.999967 -0.000763 -0.835696 0.060158 0.000275 0.998189 80.220268
0.998782 -0.004980 -0.049083 -5.643654 0.004944 0.999987 -0.000873 -0.842022 0.049087 0.000630 0.998794 80.729631
0.999425 -0.000303 -0.033915 -5.671344 0.000271 1.000000 -0.000939 -0.853527 0.033916 0.000930 0.999424 81.230759
0.999865 0.004542 -0.015822 -5.687923 -0.004543 0.999990 -0.000013 -0.862436 0.015822 0.000085 0.999875 81.718492
0.999980 0.002223 0.005920 -5.658165 -0.002229 0.999997 0.000992 -0.879882 -0.005918 -0.001005 0.999982 82.191874
0.999712 -0.000714 0.023998 -5.536663 0.000634 0.999994 0.003330 -0.904975 -0.024000 -0.003313 0.999706 82.635116
0.998535 -0.001931 0.054084 -5.496569 0.001571 0.999976 0.006702 -0.933510 -0.054095 -0.006607 0.998514 83.087479
0.996170 -0.001118 0.087436 -5.446570 0.000419 0.999968 0.008016 -0.925575 -0.087442 -0.007949 0.996138 83.534798
0.992189 -0.000231 0.124747 -5.365291 -0.000756 0.999969 0.007863 -0.909836 -0.124745 -0.007896 0.992157 83.964620
0.986412 -0.000824 0.164288 -5.249719 -0.000566 0.999964 0.008411 -0.916731 -0.164289 -0.008390 0.986377 84.387774
0.978246 -0.001448 0.207445 -5.113165 -0.000345 0.999963 0.008608 -0.917687 -0.207450 -0.008492 0.978209 84.797491
0.966380 0.000362 0.257117 -5.003287 -0.002129 0.999976 0.006595 -0.922099 -0.257108 -0.006921 0.966358 85.195736
0.958979 0.001131 0.283473 -4.622693 -0.002946 0.999978 0.005978 -0.946555 -0.283460 -0.006568 0.958962 85.363489
0.940080 0.001002 0.340954 -4.467691 -0.002573 0.999988 0.004156 -0.943300 -0.340946 -0.004784 0.940071 85.728909
0.917733 0.000754 0.397197 -4.262869 -0.002309 0.999991 0.003436 -0.952098 -0.397191 -0.004071 0.917727 86.076121
0.889020 -0.000445 0.457868 -4.067274 -0.001159 0.999994 0.003222 -0.960060 -0.457867 -0.003394 0.889014 86.421345
0.855915 -0.002579 0.517110 -3.855793 0.001518 0.999996 0.002474 -0.957598 -0.517114 -0.001332 0.855916 86.735350
0.820325 -0.003481 0.571888 -3.600341 0.002599 0.999994 0.002360 -0.961987 -0.571892 -0.000449 0.820329 87.026411
0.782407 -0.003869 0.622755 -3.328355 0.001847 0.999991 0.003893 -0.971285 -0.622765 -0.001896 0.782407 87.282333
0.740150 -0.001905 0.672439 -3.049451 -0.000939 0.999992 0.003867 -0.966280 -0.672441 -0.003493 0.740142 87.552267
0.695334 -0.002827 0.718681 -2.756132 -0.000828 0.999988 0.004736 -0.964214 -0.718686 -0.003888 0.695323 87.799385
0.649446 -0.005768 0.760386 -2.445364 0.001430 0.999979 0.006363 -0.970436 -0.760407 -0.003045 0.649440 88.011017
0.604548 -0.012244 0.796475 -2.106837 0.006368 0.999924 0.010538 -0.965730 -0.796544 -0.001299 0.604580 88.184325
0.558637 -0.009709 0.829356 -1.781231 0.005269 0.999953 0.008157 -0.976401 -0.829396 -0.000187 0.558662 88.361821
0.511506 -0.002225 0.859277 -1.448294 -0.001261 0.999994 0.003340 -1.019887 -0.859279 -0.002792 0.511500 88.540342
0.465197 -0.001525 0.885206 -1.102566 0.000046 0.999999 0.001698 -1.021600 -0.885207 -0.000749 0.465196 88.700759
0.423720 -0.007900 0.905759 -0.746646 0.002422 0.999968 0.007588 -1.029658 -0.905790 -0.001021 0.423725 88.823202
0.386495 -0.022835 0.922009 -0.364651 0.005602 0.999733 0.022412 -1.042007 -0.922274 -0.003497 0.386520 88.892441
0.352134 -0.028425 0.935518 0.011702 0.005893 0.999586 0.028154 -1.021277 -0.935931 -0.004401 0.352156 88.973780
0.319262 -0.024467 0.947351 0.386185 0.007247 0.999700 0.023376 -1.024176 -0.947639 -0.000598 0.319343 89.066053
0.289082 -0.012654 0.957221 0.759505 0.008288 0.999908 0.010715 -1.024237 -0.957269 0.004836 0.289160 89.173908
0.262410 -0.007410 0.964928 1.145481 0.009643 0.999941 0.005057 -1.031802 -0.964908 0.007978 0.262466 89.250943
0.236641 -0.008119 0.971563 1.538559 0.011825 0.999915 0.005476 -1.036777 -0.971525 0.010192 0.236717 89.344874
0.213591 -0.015268 0.976804 1.946270 0.016350 0.999794 0.012052 -1.033852 -0.976786 0.013397 0.213796 89.399444
0.193174 -0.020456 0.980951 2.366412 0.024743 0.999566 0.015972 -1.026866 -0.980852 0.021187 0.193597 89.457246
0.173147 -0.019889 0.984695 2.790736 0.031482 0.999397 0.014650 -1.019577 -0.984393 0.028463 0.173669 89.523835
0.156317 -0.015983 0.987578 3.237365 0.031215 0.999450 0.011235 -1.015389 -0.987214 0.029071 0.156730 89.581699
0.141431 -0.014788 0.989838 3.702534 0.026512 0.999586 0.011145 -1.013812 -0.989593 0.024667 0.141765 89.636726
0.127337 -0.015381 0.991740 4.176046 0.022675 0.999664 0.012592 -1.022291 -0.991600 0.020885 0.127643 89.679280
0.113815 -0.017268 0.993352 4.660870 0.020982 0.999668 0.014974 -1.017494 -0.993280 0.019138 0.114140 89.733326
0.102369 -0.020856 0.994528 5.158127 0.020694 0.999608 0.018832 -1.015163 -0.994531 0.018653 0.102760 89.764535
0.091958 -0.023946 0.995475 5.670178 0.021811 0.999519 0.022028 -1.007539 -0.995524 0.019686 0.092436 89.820081
0.084012 -0.024923 0.996153 6.198553 0.022106 0.999488 0.023142 -1.010934 -0.996220 0.020077 0.084520 89.868925
0.079956 -0.027785 0.996411 6.743705 0.024347 0.999368 0.025914 -0.982964 -0.996501 0.022187 0.080582 89.889890
0.074450 -0.028891 0.996806 7.306388 0.024963 0.999321 0.027099 -0.975002 -0.996912 0.022865 0.075121 89.930005
0.068409 -0.028861 0.997240 7.889310 0.025635 0.999302 0.027163 -0.961098 -0.997328 0.023706 0.069101 89.967130
0.064138 -0.031489 0.997444 8.491886 0.025801 0.999220 0.029886 -0.946173 -0.997607 0.023818 0.064900 89.993771
0.061244 -0.033022 0.997576 9.109939 0.026086 0.999164 0.031473 -0.927058 -0.997782 0.024096 0.062054 90.032458
0.056247 -0.033309 0.997861 9.747567 0.025200 0.999172 0.031932 -0.915285 -0.998099 0.023350 0.057040 90.084590
0.054051 -0.036061 0.997887 10.401853 0.024748 0.999089 0.034763 -0.899168 -0.998231 0.022817 0.054894 90.111482
0.053254 -0.041114 0.997734 11.074941 0.025155 0.998890 0.039819 -0.877794 -0.998264 0.022978 0.054229 90.139761
0.054152 -0.044208 0.997554 11.760193 0.024886 0.998769 0.042911 -0.860151 -0.998223 0.022501 0.055185 90.176216
0.056762 -0.045947 0.997330 12.466612 0.024544 0.998703 0.044613 -0.839381 -0.998086 0.021946 0.057816 90.210395
0.060538 -0.048489 0.996987 13.187802 0.024900 0.998582 0.047055 -0.805764 -0.997855 0.021976 0.061660 90.256881
0.064973 -0.050530 0.996607 13.923870 0.024609 0.998494 0.049022 -0.768067 -0.997584 0.021341 0.066119 90.315392
0.068465 -0.052924 0.996249 14.678220 0.023033 0.998410 0.051456 -0.736946 -0.997388 0.019424 0.069575 90.397542
0.072409 -0.053127 0.995959 15.447068 0.021618 0.998429 0.051687 -0.701156 -0.997141 0.017788 0.073444 90.458166
0.076671 -0.049915 0.995806 16.232117 0.019071 0.998637 0.048589 -0.672271 -0.996874 0.015266 0.077519 90.522034
0.080125 -0.048284 0.995615 17.022868 0.017740 0.998737 0.047008 -0.644547 -0.996627 0.013895 0.080880 90.604832
0.085005 -0.046739 0.995284 17.824697 0.018273 0.998804 0.045344 -0.616616 -0.996213 0.014333 0.085757 90.649087
0.089200 -0.046181 0.994943 18.627717 0.021278 0.998785 0.044452 -0.596425 -0.995786 0.017205 0.090075 90.709522
0.090625 -0.040453 0.995063 19.432395 0.025559 0.998940 0.038283 -0.571304 -0.995557 0.021963 0.091563 90.804770
0.091105 -0.038205 0.995108 20.244694 0.028536 0.998954 0.035740 -0.532722 -0.995432 0.025140 0.092100 90.869905
0.090733 -0.036315 0.995213 21.056205 0.028707 0.999015 0.033837 -0.499559 -0.995461 0.025499 0.091686 90.982554
0.092993 -0.033371 0.995107 21.875000 0.025793 0.999183 0.031097 -0.491666 -0.995333 0.022775 0.093778 91.034372
0.092114 -0.034530 0.995150 22.687004 0.025298 0.999157 0.032328 -0.464722 -0.995427 0.022197 0.092910 91.138882
0.093604 -0.032789 0.995069 23.501935 0.025534 0.999208 0.030523 -0.423099 -0.995282 0.022551 0.094367 91.213838
0.094794 -0.030999 0.995014 24.314895 0.025322 0.999267 0.028720 -0.409577 -0.995175 0.022473 0.095509 91.298084
0.095231 -0.027807 0.995067 25.122857 0.025727 0.999345 0.025464 -0.394673 -0.995123 0.023175 0.095884 91.397045
0.094132 -0.025446 0.995234 25.930805 0.026563 0.999382 0.023040 -0.386210 -0.995205 0.024268 0.094750 91.484453
0.089801 -0.019035 0.995778 26.737013 0.024762 0.999551 0.016874 -0.398057 -0.995652 0.023142 0.090232 91.592959
0.086342 -0.017078 0.996119 27.545819 0.023418 0.999612 0.015108 -0.383944 -0.995990 0.022023 0.086708 91.661602
0.081964 -0.014784 0.996526 28.357366 0.021619 0.999681 0.013053 -0.369173 -0.996401 0.020474 0.082258 91.719781
0.076254 -0.013406 0.996998 29.168256 0.019577 0.999737 0.011946 -0.367826 -0.996896 0.018607 0.076496 91.779980
0.068216 -0.011232 0.997607 29.972398 0.019284 0.999765 0.009937 -0.374236 -0.997484 0.018560 0.068416 91.858424
0.057387 -0.007963 0.998320 30.771467 0.020412 0.999769 0.006801 -0.387451 -0.998143 0.019988 0.057536 91.932246
0.048312 -0.007605 0.998803 31.573192 0.020479 0.999768 0.006622 -0.393696 -0.998622 0.020134 0.048457 91.948017
0.038405 -0.008861 0.999223 32.371083 0.019540 0.999776 0.008114 -0.396164 -0.999071 0.019213 0.038569 91.970332
0.027831 -0.006554 0.999591 33.163741 0.018228 0.999816 0.006048 -0.406974 -0.999446 0.018052 0.027945 91.980914
0.016869 -0.008275 0.999823 33.956099 0.016852 0.999826 0.007991 -0.411960 -0.999716 0.016714 0.017006 91.994479
0.004630 -0.006101 0.999971 34.742340 0.017651 0.999826 0.006018 -0.418716 -0.999833 0.017622 0.004737 92.036491
-0.007492 -0.006080 0.999953 35.522105 0.018473 0.999810 0.006218 -0.423435 -0.999801 0.018518 -0.007378 92.066460
-0.017349 -0.005492 0.999834 36.298554 0.019246 0.999798 0.005826 -0.430845 -0.999664 0.019344 -0.017240 92.063738
-0.027595 -0.005780 0.999602 37.067786 0.019265 0.999794 0.006313 -0.443327 -0.999434 0.019432 -0.027477 92.038316
-0.036959 -0.006418 0.999296 37.829060 0.019937 0.999776 0.007159 -0.450169 -0.999118 0.020188 -0.036823 92.007744
-0.047298 -0.007108 0.998856 38.583687 0.020595 0.999755 0.008090 -0.450474 -0.998668 0.020954 -0.047140 91.985887
-0.056195 -0.006473 0.998399 39.328397 0.020465 0.999761 0.007634 -0.467873 -0.998210 0.020861 -0.056049 91.924014
-0.065509 -0.007370 0.997825 40.068386 0.020162 0.999759 0.008708 -0.463861 -0.997648 0.020689 -0.065345 91.895819
-0.074302 -0.009370 0.997192 40.800885 0.019062 0.999760 0.010814 -0.461778 -0.997054 0.019812 -0.074106 91.870674
-0.079642 -0.011873 0.996753 41.521942 0.016819 0.999771 0.013253 -0.469778 -0.996682 0.017820 -0.079424 91.805369
-0.082660 -0.013758 0.996483 42.232826 0.014572 0.999781 0.015012 -0.484273 -0.996471 0.015762 -0.082441 91.703957
-0.084721 -0.016498 0.996268 42.934455 0.012558 0.999766 0.017624 -0.487403 -0.996326 0.014004 -0.084494 91.623568
-0.087048 -0.017215 0.996055 43.624117 0.011975 0.999760 0.018325 -0.478160 -0.996132 0.013522 -0.086821 91.580793
-0.088451 -0.018855 0.995902 44.299829 0.013589 0.999705 0.020134 -0.465412 -0.995988 0.015314 -0.088168 91.529277
-0.087689 -0.020510 0.995937 44.958300 0.014453 0.999657 0.021859 -0.462350 -0.996043 0.016311 -0.087363 91.486954
-0.082709 -0.023357 0.996300 45.594579 0.016011 0.999565 0.024763 -0.447659 -0.996445 0.018000 -0.082299 91.392636
-0.076495 -0.024021 0.996781 46.215947 0.015813 0.999555 0.025301 -0.454506 -0.996945 0.017697 -0.076081 91.332079
-0.068179 -0.024895 0.997362 46.819672 0.016580 0.999522 0.026082 -0.450790 -0.997535 0.018314 -0.067734 91.293318
-0.058513 -0.023727 0.998005 47.404675 0.016815 0.999552 0.024750 -0.444971 -0.998145 0.018230 -0.058087 91.299079
-0.048309 -0.024992 0.998520 47.966947 0.017604 0.999510 0.025869 -0.432043 -0.998677 0.018827 -0.047846 91.346668
-0.030681 -0.024899 0.999219 48.510536 0.019141 0.999492 0.025494 -0.425769 -0.999346 0.019908 -0.030188 91.333475
-0.010175 -0.024188 0.999656 49.045790 0.021588 0.999469 0.024403 -0.427991 -0.999715 0.021829 -0.009647 91.357074
0.014457 -0.023218 0.999626 49.573293 0.024588 0.999436 0.022858 -0.423002 -0.999593 0.024249 0.015020 91.382542
0.040491 -0.021687 0.998945 50.092583 0.025348 0.999465 0.020671 -0.421585 -0.998858 0.024484 0.041019 91.452096
0.072565 -0.022011 0.997121 50.612407 0.024949 0.999484 0.020247 -0.415318 -0.997052 0.023408 0.073076 91.526721
0.110503 -0.022745 0.993616 51.128854 0.022471 0.999540 0.020382 -0.411637 -0.993622 0.020075 0.110963 91.603142
0.152763 -0.023593 0.987981 51.634865 0.019548 0.999592 0.020848 -0.392138 -0.988070 0.016128 0.153161 91.691779
0.198233 -0.021884 0.979910 52.132785 0.013830 0.999714 0.019529 -0.396026 -0.980057 0.009681 0.198479 91.819860
0.247894 -0.019349 0.968594 52.629522 0.009594 0.999801 0.017517 -0.387202 -0.968740 0.004951 0.248031 91.961064
0.297362 -0.017076 0.954612 53.084512 0.007613 0.999851 0.015514 -0.373511 -0.954734 0.002654 0.297448 92.161467
0.343593 -0.013063 0.939028 53.501707 0.004500 0.999915 0.012263 -0.373827 -0.939108 0.000012 0.343623 92.435637
0.400491 -0.016863 0.916146 53.933908 0.008252 0.999856 0.014796 -0.367281 -0.916264 0.001634 0.400573 92.674930
0.459594 -0.021824 0.887861 54.319086 0.014963 0.999746 0.016829 -0.375452 -0.888003 0.005551 0.459804 92.936806
0.516588 -0.024994 0.855869 54.694268 0.021027 0.999643 0.016501 -0.375788 -0.855976 0.009472 0.516929 93.236379
0.574962 -0.024590 0.817810 55.052132 0.022369 0.999647 0.014332 -0.386702 -0.817874 0.010053 0.575309 93.518484
0.629007 -0.024469 0.777014 55.375576 0.023585 0.999645 0.012386 -0.386809 -0.777042 0.010535 0.629361 93.869724
0.680892 -0.029734 0.731780 55.691532 0.025793 0.999529 0.016614 -0.417788 -0.731930 0.007562 0.681338 94.224641
0.728578 -0.032942 0.684170 55.964917 0.026027 0.999453 0.020407 -0.434894 -0.684468 0.002939 0.729037 94.584685
0.772947 -0.031513 0.633687 56.227268 0.022114 0.999497 0.022731 -0.416719 -0.634085 -0.003556 0.773255 94.983208
0.813522 -0.035590 0.580444 56.470604 0.020845 0.999269 0.032055 -0.430438 -0.581160 -0.013979 0.813669 95.394366
0.850715 -0.033892 0.524534 56.693691 0.016736 0.999160 0.037416 -0.426275 -0.525361 -0.023052 0.850567 95.793322
0.881206 -0.032683 0.471601 56.882425 0.013870 0.998965 0.043314 -0.407256 -0.472528 -0.031628 0.880748 96.235596
0.906508 -0.027379 0.421301 57.045266 0.008822 0.998906 0.045933 -0.392165 -0.422097 -0.037922 0.905757 96.689289
0.926491 -0.021071 0.375727 57.195049 0.003821 0.998906 0.046599 -0.376118 -0.376298 -0.041738 0.925558 97.134552
0.941928 -0.011838 0.335607 57.335223 -0.003662 0.998957 0.045515 -0.355736 -0.335795 -0.044101 0.940902 97.604532
0.953588 -0.006309 0.301048 57.435568 -0.006764 0.999079 0.042363 -0.333568 -0.301038 -0.042433 0.952668 98.072730
0.962886 -0.005473 0.269854 57.551865 -0.006184 0.999084 0.042331 -0.334575 -0.269838 -0.042429 0.961970 98.550414
0.969047 -0.010942 0.246633 57.695285 0.000484 0.999100 0.042421 -0.307963 -0.246875 -0.040989 0.968180 99.020760
0.972867 -0.012058 0.231052 57.799045 0.002046 0.999050 0.043520 -0.302946 -0.231357 -0.041867 0.971968 99.505833
0.975784 -0.007695 0.218602 57.888703 -0.001521 0.999118 0.041958 -0.279364 -0.218732 -0.041274 0.974912 100.004616
0.977856 -0.001119 0.209276 57.981073 -0.007535 0.999149 0.040549 -0.251174 -0.209143 -0.041228 0.977016 100.513760
0.978950 0.008049 0.203940 58.068997 -0.016014 0.999171 0.037440 -0.238576 -0.203469 -0.039918 0.978267 101.031880
0.979523 0.012348 0.200954 58.169997 -0.019381 0.999265 0.033064 -0.228289 -0.200398 -0.036281 0.979042 101.558231
0.979633 0.013322 0.200356 58.275858 -0.019853 0.999334 0.030625 -0.223420 -0.199814 -0.033979 0.979244 102.093692
0.979295 0.010056 0.202188 58.395692 -0.015947 0.999494 0.027525 -0.209750 -0.201809 -0.030179 0.978960 102.636993
0.978381 0.007253 0.206683 58.511436 -0.012101 0.999680 0.022203 -0.199859 -0.206456 -0.024224 0.978156 103.189526
0.977473 0.006764 0.210953 58.639680 -0.010733 0.999786 0.017678 -0.183008 -0.210788 -0.019544 0.977336 103.751399
0.976391 0.012281 0.215661 58.754458 -0.016383 0.999717 0.017242 -0.168573 -0.215388 -0.020368 0.976316 104.337780
0.974985 0.016980 0.221621 58.871780 -0.022046 0.999549 0.020406 -0.161306 -0.221174 -0.024782 0.974919 104.935193
0.973765 0.015050 0.227056 59.000852 -0.021540 0.999426 0.026134 -0.160424 -0.226533 -0.030339 0.973531 105.545097
0.972879 0.012023 0.231004 59.130247 -0.019978 0.999284 0.032127 -0.137025 -0.230452 -0.035871 0.972422 106.164820
0.972285 0.010006 0.233583 59.302898 -0.019339 0.999102 0.037696 -0.133677 -0.232996 -0.041169 0.971606 106.788057
0.971934 0.004445 0.235214 59.490881 -0.014296 0.999090 0.040191 -0.117616 -0.234821 -0.042426 0.971112 107.413014
0.971946 0.000008 0.235204 59.656522 -0.009275 0.999223 0.038294 -0.103060 -0.235021 -0.039401 0.971191 108.053630
0.972052 -0.002978 0.234748 59.813605 -0.004733 0.999468 0.032276 -0.090742 -0.234719 -0.032485 0.971520 108.700801
0.972255 -0.003954 0.233891 59.976338 -0.002143 0.999665 0.025805 -0.074816 -0.233914 -0.025591 0.971920 109.359585
0.972846 -0.001696 0.231447 60.131408 -0.003426 0.999758 0.021727 -0.059036 -0.231428 -0.021930 0.972605 110.034774
0.973408 -0.003613 0.229050 60.296014 -0.002455 0.999654 0.026200 -0.042633 -0.229065 -0.026065 0.973062 110.728925
0.973785 -0.006168 0.227389 60.459958 -0.001609 0.999421 0.033999 -0.028038 -0.227467 -0.033474 0.973210 111.439950
0.974494 -0.006537 0.224320 60.636194 -0.002196 0.999250 0.038656 -0.004540 -0.224404 -0.038163 0.973749 112.157842
0.975141 -0.003876 0.221549 60.812070 -0.004437 0.999305 0.037015 0.013191 -0.221539 -0.037078 0.974446 112.879803
0.975651 0.000429 0.219330 60.972139 -0.007549 0.999471 0.031623 0.033112 -0.219201 -0.032509 0.975138 113.611280
0.976465 0.000171 0.215675 61.123790 -0.006047 0.999628 0.026584 0.048269 -0.215590 -0.027262 0.976103 114.357131
0.977236 -0.000771 0.212152 61.279516 -0.004361 0.999709 0.023722 0.070980 -0.212109 -0.024107 0.976949 115.114729
0.978006 -0.002147 0.208568 61.445390 -0.003190 0.999676 0.025251 0.090457 -0.208555 -0.025361 0.977682 115.886320
0.978423 -0.003744 0.206576 61.615121 -0.001870 0.999634 0.026974 0.110069 -0.206602 -0.026778 0.978059 116.665820
0.978845 -0.005421 0.204530 61.785215 -0.000654 0.999561 0.029623 0.128207 -0.204601 -0.029130 0.978412 117.459429
0.979204 -0.006574 0.202769 61.951685 -0.000190 0.999445 0.033322 0.135775 -0.202876 -0.032667 0.978659 118.273141
0.979379 -0.010527 0.201756 62.115357 0.003287 0.999340 0.036190 0.140930 -0.202004 -0.034780 0.978767 119.088099
0.979521 -0.009184 0.201134 62.291756 0.001695 0.999300 0.037375 0.168745 -0.201336 -0.036268 0.978851 119.909304
0.979669 -0.003783 0.200584 62.491585 -0.003247 0.999392 0.034705 0.189093 -0.200593 -0.034650 0.979062 120.724032
0.979134 0.001228 0.203214 62.635410 -0.007222 0.999560 0.028758 0.234394 -0.203090 -0.029626 0.978712 121.554378
0.978696 0.011009 0.205018 62.764661 -0.016587 0.999537 0.025508 0.253766 -0.204642 -0.028365 0.978426 122.393434
0.977831 0.016776 0.208723 62.908387 -0.022386 0.999448 0.024544 0.280199 -0.208196 -0.028673 0.977667 123.237288
0.977090 0.021382 0.211752 63.085096 -0.027524 0.999280 0.026100 0.277432 -0.211041 -0.031330 0.976975 124.080487
0.976492 0.021582 0.214470 63.256115 -0.027664 0.999295 0.025399 0.288615 -0.213770 -0.030735 0.976400 124.924857
0.976008 0.021125 0.216710 63.444409 -0.026876 0.999360 0.023627 0.275243 -0.216072 -0.028884 0.975950 125.767884
0.975733 0.015700 0.218401 63.616123 -0.022022 0.999405 0.026539 0.283833 -0.217854 -0.030705 0.975498 126.630945
0.975757 0.009613 0.218645 63.807766 -0.015894 0.999509 0.026985 0.287059 -0.218278 -0.029806 0.975431 127.482921
0.975647 0.008822 0.219167 64.039930 -0.015128 0.999518 0.027111 0.295384 -0.218822 -0.029766 0.975311 128.322851
0.975395 0.011282 0.220177 64.242488 -0.018252 0.999394 0.029647 0.314296 -0.219709 -0.032936 0.975009 129.173029
0.975130 0.013824 0.221204 64.425837 -0.022160 0.999133 0.035247 0.329644 -0.220525 -0.039272 0.974590 130.028427
0.974824 0.018829 0.222178 64.614774 -0.028245 0.998829 0.039277 0.323666 -0.221178 -0.044564 0.974215 130.877315
0.974063 0.018311 0.225533 64.770486 -0.026595 0.999076 0.033747 0.327492 -0.224707 -0.038870 0.973651 131.710044
0.974003 0.012037 0.226214 64.953239 -0.017446 0.999607 0.021926 0.325579 -0.225861 -0.025303 0.973831 132.526959
0.974206 0.006346 0.225572 65.170080 -0.009547 0.999869 0.013103 0.352974 -0.225459 -0.014919 0.974138 133.336840
0.974416 0.005743 0.224678 65.366511 -0.010958 0.999699 0.021972 0.368940 -0.224484 -0.023872 0.974185 134.167304
0.974835 0.003810 0.222895 65.568994 -0.013603 0.999007 0.042415 0.384080 -0.222512 -0.044380 0.973919 135.013204
0.975031 0.004372 0.222028 65.759869 -0.017488 0.998213 0.057142 0.391644 -0.221381 -0.059598 0.973364 135.853420
0.975220 0.005758 0.221161 65.953393 -0.017265 0.998593 0.050133 0.431034 -0.220561 -0.052709 0.973948 136.662689
0.975403 0.010595 0.220173 66.107879 -0.018518 0.999252 0.033951 0.448215 -0.219649 -0.037193 0.974870 137.467525
0.975344 0.009938 0.220465 66.268933 -0.016209 0.999513 0.026652 0.464405 -0.220093 -0.029568 0.975031 138.275030
0.975799 0.007347 0.218546 66.439713 -0.013374 0.999570 0.026111 0.472633 -0.218260 -0.028402 0.975477 139.087279
0.976347 0.007715 0.216073 66.611381 -0.013955 0.999528 0.027366 0.485230 -0.215760 -0.029734 0.975994 139.902091
0.977264 0.006466 0.211928 66.787926 -0.012306 0.999580 0.026251 0.501015 -0.211670 -0.028262 0.976933 140.704835
0.978518 0.007051 0.206043 66.973464 -0.012410 0.999617 0.024730 0.504246 -0.205790 -0.026755 0.978230 141.501077
0.979311 0.012234 0.201993 67.144818 -0.017502 0.999551 0.024315 0.498160 -0.201605 -0.027347 0.979085 142.315526
0.979503 0.019164 0.200516 67.278343 -0.024306 0.999435 0.023210 0.504712 -0.199958 -0.027608 0.979415 143.106875
0.979865 0.021256 0.198525 67.432106 -0.026619 0.999348 0.024388 0.514875 -0.197878 -0.029181 0.979792 143.912544
0.980131 0.020354 0.197302 67.581468 -0.026632 0.999218 0.029217 0.533303 -0.196553 -0.033891 0.979907 144.718420
0.980395 0.019284 0.196096 67.739173 -0.025469 0.999253 0.029066 0.543146 -0.195389 -0.033491 0.980154 145.516689
0.981086 0.017013 0.192822 67.910846 -0.022536 0.999395 0.026483 0.553093 -0.192255 -0.030328 0.980876 146.308460
0.981980 0.010741 0.188681 68.058597 -0.015395 0.999612 0.023216 0.568984 -0.188358 -0.025703 0.981764 147.097423
0.983715 0.007969 0.179561 68.268572 -0.012182 0.999676 0.022371 0.593163 -0.179325 -0.024194 0.983492 147.880075
0.984718 0.007254 0.174004 68.387455 -0.012119 0.999564 0.026913 0.621906 -0.173733 -0.028610 0.984377 148.686932
0.985818 0.006498 0.167694 68.527961 -0.012631 0.999289 0.035534 0.624022 -0.167344 -0.037148 0.985199 149.493376
0.986498 0.004445 0.163712 68.606583 -0.011791 0.998965 0.043923 0.670830 -0.163348 -0.045260 0.985530 150.305722
0.987054 0.012231 0.159919 68.727615 -0.019658 0.998796 0.044945 0.701304 -0.159176 -0.047507 0.986106 151.107378
0.987751 0.014133 0.155399 68.832554 -0.020588 0.998987 0.040009 0.717243 -0.154676 -0.042718 0.987041 151.902320
0.988961 0.013065 0.147600 68.949462 -0.017614 0.999408 0.029558 0.742569 -0.147126 -0.031831 0.988605 152.690833
0.989969 0.009423 0.140971 69.065248 -0.012945 0.999626 0.024089 0.767089 -0.140692 -0.025673 0.989721 153.487654
0.991058 0.008728 0.133149 69.188977 -0.012009 0.999643 0.023859 0.798613 -0.132894 -0.025245 0.990809 154.293519
0.992073 0.015756 0.124669 69.298324 -0.019109 0.999486 0.025746 0.812929 -0.124199 -0.027924 0.991864 155.108341
0.992783 0.022624 0.117773 69.366662 -0.025496 0.999412 0.022942 0.818857 -0.117184 -0.025779 0.992776 155.923383
0.993710 0.025002 0.109162 69.431462 -0.026958 0.999501 0.016483 0.830444 -0.108695 -0.019322 0.993887 156.733386
0.994625 0.023880 0.100750 69.513816 -0.025442 0.999575 0.014238 0.830729 -0.100367 -0.016725 0.994810 157.545219
0.995306 0.025855 0.093264 69.589949 -0.027444 0.999498 0.015800 0.850336 -0.092809 -0.018285 0.995516 158.364320
0.995763 0.029564 0.087077 69.643713 -0.031678 0.999234 0.022994 0.853752 -0.086331 -0.025655 0.995936 159.191002
0.996130 0.033268 0.081349 69.638928 -0.035709 0.998949 0.028732 0.854113 -0.080308 -0.031525 0.996271 160.021943
0.996681 0.032865 0.074479 69.680293 -0.035330 0.998863 0.032023 0.861924 -0.073341 -0.034548 0.996708 160.846180
0.997088 0.034190 0.068171 69.725270 -0.036597 0.998739 0.034367 0.874779 -0.066910 -0.036762 0.997082 161.668738
0.997364 0.033307 0.064468 69.771571 -0.035458 0.998842 0.032513 0.890862 -0.063311 -0.034713 0.997390 162.491255
0.997475 0.037815 0.060116 69.809350 -0.039479 0.998863 0.026739 0.906816 -0.059036 -0.029044 0.997833 163.310667
0.997424 0.043660 0.056908 69.839814 -0.044831 0.998805 0.019474 0.918819 -0.055990 -0.021975 0.998189 164.128891
0.997549 0.044779 0.053769 69.886824 -0.045742 0.998812 0.016814 0.932456 -0.052953 -0.019232 0.998412 164.945133
0.997903 0.043849 0.047614 69.959854 -0.044976 0.998727 0.022858 0.944086 -0.046551 -0.024951 0.998604 165.777247
0.997914 0.046001 0.045291 69.988590 -0.047518 0.998325 0.033002 0.962013 -0.043697 -0.035085 0.998429 166.616912
0.998116 0.045547 0.041106 70.024704 -0.047209 0.998067 0.040420 0.979534 -0.039186 -0.042285 0.998337 167.452106
0.998506 0.041434 0.035633 70.066303 -0.042757 0.998393 0.037194 0.991581 -0.034034 -0.038662 0.998673 168.274888
0.999057 0.031068 0.030339 70.118641 -0.031902 0.999115 0.027428 0.992706 -0.029460 -0.028370 0.999163 169.088753
0.999293 0.028822 0.024130 70.112073 -0.029325 0.999354 0.020771 1.035016 -0.023516 -0.021464 0.999493 169.906064
0.999170 0.036363 0.018343 70.113535 -0.036752 0.999097 0.021338 1.038845 -0.017550 -0.021994 0.999604 170.734042
0.999361 0.034129 0.010633 70.105970 -0.034410 0.999030 0.027482 1.050603 -0.009684 -0.027831 0.999566 171.568784
0.999565 0.029283 0.003538 70.089535 -0.029377 0.999108 0.030346 1.074880 -0.002646 -0.030436 0.999533 172.404756
0.999794 0.020132 -0.002569 70.079600 -0.020032 0.999212 0.034271 1.090822 0.003257 -0.034212 0.999409 173.245622
0.999810 0.016915 -0.009674 70.096542 -0.016576 0.999282 0.034059 1.100736 0.010244 -0.033892 0.999373 174.088543
0.999780 0.013458 -0.016096 70.072968 -0.013004 0.999524 0.027960 1.093603 0.016465 -0.027745 0.999479 174.925039
0.999728 0.003457 -0.023071 70.044548 -0.003080 0.999861 0.016378 1.123098 0.023124 -0.016303 0.999600 175.753250
0.999509 -0.007132 -0.030525 70.049978 0.007501 0.999900 0.011989 1.137407 0.030436 -0.012212 0.999462 176.585631
0.999331 -0.002802 -0.036463 70.040332 0.003537 0.999792 0.020099 1.133854 0.036399 -0.020215 0.999133 177.438483
0.999093 0.007256 -0.041948 70.004958 -0.005840 0.999413 0.033760 1.149325 0.042168 -0.033485 0.998549 178.298302
0.998853 0.012815 -0.046136 69.960272 -0.010887 0.999067 0.041785 1.155903 0.046628 -0.041234 0.998061 179.153287
0.998678 0.012925 -0.049749 69.905525 -0.011007 0.999192 0.038646 1.173249 0.050208 -0.038047 0.998014 179.996551
0.998576 0.014228 -0.051421 69.831834 -0.012809 0.999531 0.027821 1.198553 0.051793 -0.027122 0.998289 180.831314
0.998210 0.026615 -0.053564 69.766460 -0.025599 0.999481 0.019563 1.201251 0.054057 -0.018157 0.998373 181.668273
0.998159 0.024203 -0.055622 69.718058 -0.023363 0.999604 0.015715 1.208457 0.055980 -0.014387 0.998328 182.514568
0.998124 0.019093 -0.058163 69.675347 -0.017945 0.999635 0.020205 1.216688 0.058527 -0.019123 0.998103 183.372038
0.998152 0.018157 -0.057995 69.622139 -0.016571 0.999478 0.027723 1.242403 0.058468 -0.026711 0.997932 184.233112
0.998151 0.019909 -0.057429 69.551643 -0.017996 0.999272 0.033628 1.243989 0.058057 -0.032533 0.997783 185.094911
0.998042 0.020342 -0.059145 69.507511 -0.018419 0.999290 0.032882 1.254534 0.059772 -0.031729 0.997708 185.950388
0.998018 0.018745 -0.060068 69.426326 -0.017321 0.999558 0.024145 1.256084 0.060494 -0.023056 0.997902 186.796595
0.998057 0.009919 -0.061506 69.352739 -0.009188 0.999884 0.012150 1.254911 0.061620 -0.011561 0.998033 187.639152
0.998008 0.000696 -0.063091 69.331788 -0.000201 0.999969 0.007854 1.254074 0.063094 -0.007826 0.997977 188.488085
0.997928 0.003641 -0.064240 69.291898 -0.002834 0.999916 0.012644 1.249662 0.064281 -0.012436 0.997854 189.349421
0.997867 0.008657 -0.064711 69.192265 -0.007133 0.999692 0.023753 1.250214 0.064896 -0.023241 0.997621 190.208020
0.997588 0.009068 -0.068811 69.139475 -0.007261 0.999623 0.026470 1.264279 0.069025 -0.025906 0.997278 191.057124
0.997545 0.007648 -0.069613 69.079873 -0.006081 0.999724 0.022703 1.271838 0.069768 -0.022224 0.997316 191.895029
0.997519 0.006029 -0.070146 69.030012 -0.004865 0.999848 0.016763 1.280485 0.070236 -0.016380 0.997396 192.731084
0.997465 0.012212 -0.070097 68.957245 -0.011128 0.999813 0.015833 1.299245 0.070277 -0.015013 0.997415 193.568811
0.997419 0.013490 -0.070525 68.885434 -0.012203 0.999752 0.018650 1.308647 0.070759 -0.017742 0.997336 194.409005
0.997225 0.015103 -0.072898 68.827233 -0.013567 0.999676 0.021527 1.311200 0.073199 -0.020479 0.997107 195.246784
0.997159 0.017737 -0.073208 68.761287 -0.015969 0.999568 0.024668 1.315134 0.073614 -0.023429 0.997012 196.081446
0.997091 0.020364 -0.073449 68.684324 -0.018609 0.999527 0.024494 1.315660 0.073913 -0.023056 0.996998 196.912116
0.997168 0.019793 -0.072550 68.616229 -0.018333 0.999617 0.020730 1.321396 0.072933 -0.019341 0.997149 197.735032
0.997066 0.021964 -0.073327 68.545713 -0.020871 0.999660 0.015649 1.326296 0.073646 -0.014072 0.997185 198.547169
0.996930 0.022619 -0.074957 68.478673 -0.021509 0.999647 0.015580 1.337629 0.075283 -0.013920 0.997065 199.360237
0.996779 0.021540 -0.077253 68.420023 -0.019638 0.999487 0.025293 1.339784 0.077758 -0.023694 0.996691 200.065192
0.996655 0.018535 -0.079595 68.357874 -0.015828 0.999279 0.034515 1.341185 0.080177 -0.033140 0.996230 200.770754
0.996741 0.011913 -0.079785 68.301350 -0.009118 0.999335 0.035306 1.355496 0.080152 -0.034464 0.996187 201.476244
0.996764 0.011618 -0.079535 68.231406 -0.009385 0.999553 0.028401 1.361799 0.079830 -0.027563 0.996427 202.180748
0.996804 0.013389 -0.078755 68.163350 -0.011552 0.999652 0.023726 1.371871 0.079045 -0.022740 0.996612 202.885293
