1.000000 -0.000027 -0.000965 0.000000 0.000027 1.000000 -0.000175 0.000000 0.000965 0.000175 1.000000 0.000000
0.999996 -0.002464 -0.001235 0.000000 0.002465 0.999997 0.000377 0.000000 0.001234 -0.000380 0.999999 0.000000
0.999985 -0.003898 -0.003943 0.009496 0.003898 0.999992 -0.000020 -0.079974 0.003943 0.000005 0.999992 3.629860
0.999977 -0.003668 -0.005770 0.036972 0.003662 0.999993 -0.000943 -0.090383 0.005773 0.000922 0.999983 4.949001
0.999972 -0.004502 -0.006002 0.017783 0.004504 0.999990 0.000260 -0.105633 0.006000 -0.000287 0.999982 6.269500
0.999951 -0.007548 -0.006445 0.017796 0.007554 0.999971 0.000812 -0.114651 0.006438 -0.000860 0.999979 7.596696
0.999943 -0.009187 -0.005409 0.009063 0.009202 0.999954 0.002745 -0.156592 0.005383 -0.002795 0.999982 8.926292
0.999938 -0.008438 -0.007260 -0.002804 0.008446 0.999964 0.001063 -0.187785 0.007251 -0.001124 0.999973 10.256650
0.999976 -0.005080 -0.004706 -0.050851 0.005069 0.999984 -0.002434 -0.206905 0.004718 0.002410 0.999986 11.590348
0.999972 -0.003085 -0.006790 -0.025495 0.003063 0.999990 -0.003207 -0.239925 0.006800 0.003186 0.999972 12.927591
0.999980 -0.000621 -0.006259 -0.061818 0.000599 0.999994 -0.003527 -0.282971 0.006261 0.003523 0.999974 14.264953
0.999981 0.000341 -0.006118 -0.089683 -0.000362 0.999994 -0.003448 -0.292108 0.006116 0.003451 0.999975 15.614997
0.999983 -0.001676 -0.005653 -0.114637 0.001673 0.999998 -0.000496 -0.328276 0.005654 0.000486 0.999984 16.965972
0.999968 -0.005787 -0.005611 -0.160007 0.005791 0.999983 0.000744 -0.342071 0.005606 -0.000776 0.999984 18.317730
0.999946 -0.006407 -0.008214 -0.179783 0.006394 0.999978 -0.001666 -0.364234 0.008225 0.001613 0.999965 19.669518
0.999913 -0.008498 -0.010057 -0.150634 0.008472 0.999961 -0.002592 -0.408939 0.010079 0.002506 0.999946 21.023235
0.999926 -0.005293 -0.010973 -0.189087 0.005252 0.999979 -0.003773 -0.455187 0.010992 0.003716 0.999933 22.386709
0.999937 -0.003330 -0.010705 -0.251446 0.003309 0.999992 -0.002064 -0.475698 0.010712 0.002028 0.999941 23.751719
0.999932 -0.002494 -0.011423 -0.228423 0.002485 0.999997 -0.000814 -0.457409 0.011425 0.000785 0.999934 25.128161
0.999922 -0.004241 -0.011766 -0.264620 0.004253 0.999990 0.001048 -0.492517 0.011761 -0.001098 0.999930 26.498985
0.999861 -0.006812 -0.015197 -0.243963 0.006778 0.999975 -0.002230 -0.490270 0.015212 0.002127 0.999882 27.873455
0.999876 -0.007931 -0.013607 -0.275863 0.007876 0.999961 -0.004097 -0.524473 0.013639 0.003989 0.999899 29.248256
0.999910 -0.006368 -0.011803 -0.328854 0.006282 0.999954 -0.007277 -0.545161 0.011849 0.007202 0.999904 30.627054
0.999938 -0.002640 -0.010783 -0.393109 0.002550 0.999961 -0.008432 -0.568579 0.010805 0.008404 0.999906 32.011078
0.999941 -0.001284 -0.010823 -0.428386 0.001178 0.999952 -0.009731 -0.619505 0.010835 0.009718 0.999894 33.392448
0.999944 -0.001519 -0.010463 -0.488206 0.001427 0.999961 -0.008729 -0.677589 0.010476 0.008714 0.999907 34.783325
0.999958 0.000036 -0.009121 -0.541918 -0.000105 0.999972 -0.007545 -0.709638 0.009120 0.007546 0.999930 36.179341
0.999950 0.001396 -0.009867 -0.601433 -0.001442 0.999988 -0.004629 -0.760467 0.009860 0.004643 0.999941 37.575381
0.999958 0.005177 -0.007514 -0.675451 -0.005220 0.999970 -0.005673 -0.772030 0.007484 0.005712 0.999956 38.969245
0.999946 0.007604 -0.007117 -0.723635 -0.007648 0.999952 -0.006168 -0.819662 0.007070 0.006222 0.999956 40.370561
0.999929 0.008146 -0.008667 -0.713518 -0.008199 0.999948 -0.006017 -0.848404 0.008618 0.006088 0.999944 41.777121
0.999895 0.010049 -0.010454 -0.729620 -0.010112 0.999931 -0.005971 -0.885881 0.010393 0.006076 0.999928 43.184306
0.999885 0.009257 -0.012010 -0.754420 -0.009324 0.999941 -0.005570 -0.939396 0.011958 0.005681 0.999912 44.592910
0.999870 0.009497 -0.012999 -0.776773 -0.009595 0.999926 -0.007536 -0.946478 0.012927 0.007660 0.999887 46.005941
0.999843 0.009032 -0.015255 -0.763782 -0.009168 0.999918 -0.008915 -0.941404 0.015173 0.009054 0.999844 47.421817
0.999807 0.010492 -0.016590 -0.814098 -0.010615 0.999917 -0.007368 -0.989011 0.016511 0.007543 0.999835 48.842905
0.999774 0.012126 -0.017440 -0.834081 -0.012277 0.999888 -0.008563 -1.002152 0.017334 0.008775 0.999811 50.265420
0.999757 0.013322 -0.017539 -0.865971 -0.013453 0.999882 -0.007359 -1.061359 0.017439 0.007593 0.999819 51.690120
0.999727 0.013455 -0.019089 -0.888417 -0.013608 0.999876 -0.007935 -1.079297 0.018980 0.008192 0.999786 53.118810
0.999748 0.011222 -0.019445 -0.918815 -0.011374 0.999906 -0.007685 -1.102240 0.019357 0.007904 0.999781 54.545950
0.999769 0.009993 -0.019005 -0.963694 -0.010137 0.999921 -0.007467 -1.147117 0.018929 0.007658 0.999792 55.976649
0.999793 0.005728 -0.019531 -0.975985 -0.005867 0.999958 -0.007051 -1.203297 0.019490 0.007164 0.999784 57.404541
0.999789 0.006290 -0.019575 -1.022027 -0.006437 0.999951 -0.007478 -1.228118 0.019528 0.007602 0.999780 58.831846
0.999820 0.004642 -0.018403 -1.091297 -0.004751 0.999971 -0.005869 -1.263472 0.018375 0.005955 0.999813 60.259399
0.999833 0.004493 -0.017691 -1.144909 -0.004618 0.999965 -0.007020 -1.279179 0.017659 0.007101 0.999819 61.683220
0.999817 0.002415 -0.018999 -1.156581 -0.002562 0.999967 -0.007755 -1.324884 0.018980 0.007802 0.999789 63.106662
0.999825 0.002523 -0.018516 -1.202644 -0.002699 0.999951 -0.009488 -1.363758 0.018491 0.009536 0.999784 64.525419
0.999815 0.002661 -0.019075 -1.238830 -0.002856 0.999944 -0.010208 -1.391817 0.019046 0.010261 0.999766 65.942376
0.999811 0.006024 -0.018469 -1.286730 -0.006227 0.999921 -0.010931 -1.424261 0.018402 0.011044 0.999770 67.355056
0.999822 0.010468 -0.015692 -1.357092 -0.010635 0.999887 -0.010637 -1.461459 0.015579 0.010802 0.999820 68.765901
0.999802 0.013206 -0.014877 -1.380183 -0.013338 0.999872 -0.008814 -1.512789 0.014758 0.009010 0.999850 70.179038
0.999746 0.017248 -0.014527 -1.414827 -0.017366 0.999817 -0.008057 -1.567312 0.014386 0.008308 0.999862 71.587509
0.999687 0.020687 -0.014043 -1.453529 -0.020805 0.999749 -0.008346 -1.623590 0.013867 0.008636 0.999867 72.986052
0.999666 0.023050 -0.011712 -1.524789 -0.023149 0.999697 -0.008341 -1.692345 0.011516 0.008610 0.999897 74.385257
0.999699 0.022043 -0.010742 -1.545493 -0.022118 0.999732 -0.006870 -1.758672 0.010587 0.007106 0.999919 75.785804
0.999712 0.021214 -0.011254 -1.570191 -0.021285 0.999754 -0.006195 -1.796828 0.011120 0.006433 0.999917 77.181508
0.999733 0.020836 -0.010023 -1.621313 -0.020898 0.999763 -0.006105 -1.855578 0.009893 0.006313 0.999931 78.573647
0.999786 0.017846 -0.010436 -1.649859 -0.017922 0.999813 -0.007282 -1.886407 0.010304 0.007468 0.999919 79.963631
0.999763 0.017851 -0.012447 -1.604137 -0.017938 0.999815 -0.006915 -1.944646 0.012321 0.007136 0.999899 81.347321
0.999787 0.014923 -0.014224 -1.590356 -0.015004 0.999872 -0.005573 -2.003303 0.014139 0.005785 0.999883 82.732421
0.999749 0.016277 -0.015375 -1.619292 -0.016391 0.999839 -0.007313 -2.007471 0.015254 0.007563 0.999855 84.118743
0.999738 0.017025 -0.015306 -1.642365 -0.017119 0.999835 -0.006023 -2.074975 0.015201 0.006283 0.999865 85.499022
0.999717 0.017978 -0.015562 -1.700586 -0.018070 0.999820 -0.005825 -2.091473 0.015455 0.006104 0.999862 86.882504
0.999751 0.015893 -0.015632 -1.719104 -0.015956 0.999865 -0.003913 -2.147403 0.015568 0.004161 0.999870 88.260350
0.999764 0.015289 -0.015432 -1.770163 -0.015337 0.999878 -0.002996 -2.201593 0.015384 0.003232 0.999876 89.635795
0.999815 0.012454 -0.014647 -1.818185 -0.012491 0.999919 -0.002434 -2.253638 0.014615 0.002616 0.999890 91.003031
0.999844 0.009995 -0.014593 -1.888676 -0.010007 0.999950 -0.000803 -2.325018 0.014584 0.000949 0.999893 92.365615
0.999845 0.008941 -0.015143 -1.901789 -0.008969 0.999958 -0.001777 -2.375068 0.015126 0.001913 0.999884 93.726967
0.999764 0.009250 -0.019675 -1.895992 -0.009291 0.999955 -0.002007 -2.400990 0.019656 0.002189 0.999804 95.084444
0.999713 0.009360 -0.022069 -1.848104 -0.009412 0.999953 -0.002226 -2.460249 0.022048 0.002433 0.999754 96.435679
0.999677 0.012154 -0.022308 -1.940131 -0.012250 0.999916 -0.004164 -2.469050 0.022255 0.004436 0.999742 97.784455
0.999705 0.012896 -0.020604 -2.037926 -0.012961 0.999911 -0.003042 -2.504368 0.020563 0.003308 0.999783 99.130477
0.999682 0.015873 -0.019581 -2.089259 -0.015947 0.999866 -0.003649 -2.505693 0.019520 0.003960 0.999802 100.474853
0.999677 0.017774 -0.018147 -2.207791 -0.017801 0.999841 -0.001342 -2.552072 0.018120 0.001665 0.999834 101.814244
0.999706 0.017061 -0.017254 -2.277135 -0.017097 0.999852 -0.001984 -2.596048 0.017218 0.002279 0.999849 103.152477
0.999713 0.018195 -0.015555 -2.319355 -0.018272 0.999821 -0.004818 -2.617991 0.015464 0.005101 0.999867 104.490522
0.999739 0.017309 -0.014883 -2.376605 -0.017397 0.999832 -0.005759 -2.661971 0.014781 0.006016 0.999873 105.825020
0.999776 0.015109 -0.014804 -2.384129 -0.015177 0.999875 -0.004521 -2.697393 0.014734 0.004745 0.999880 107.169400
0.999819 0.013226 -0.013673 -2.431511 -0.013255 0.999910 -0.002031 -2.741648 0.013645 0.002212 0.999904 108.509228
0.999824 0.013111 -0.013411 -2.458384 -0.013139 0.999912 -0.002008 -2.772913 0.013383 0.002183 0.999908 109.847233
0.999841 0.010977 -0.014069 -2.429227 -0.011025 0.999934 -0.003336 -2.816863 0.014031 0.003491 0.999895 111.178551
0.999807 0.013626 -0.014160 -2.448512 -0.013701 0.999893 -0.005212 -2.850707 0.014088 0.005405 0.999886 112.506737
0.999784 0.014944 -0.014436 -2.439244 -0.015055 0.999858 -0.007582 -2.869170 0.014320 0.007798 0.999867 113.830352
0.999769 0.017245 -0.012809 -2.479988 -0.017348 0.999817 -0.008029 -2.889997 0.012668 0.008250 0.999886 115.161254
0.999766 0.019140 -0.010120 -2.513696 -0.019212 0.999790 -0.007063 -2.914761 0.009982 0.007256 0.999924 116.493642
0.999783 0.018515 -0.009545 -2.549878 -0.018567 0.999813 -0.005367 -2.940894 0.009444 0.005543 0.999940 117.827411
0.999855 0.014888 -0.008303 -2.573459 -0.014922 0.999881 -0.004015 -2.986249 0.008242 0.004138 0.999957 119.160408
0.999870 0.014197 -0.007603 -2.586709 -0.014230 0.999889 -0.004328 -3.030486 0.007541 0.004436 0.999962 120.502973
0.999867 0.014502 -0.007446 -2.600568 -0.014534 0.999885 -0.004297 -3.059195 0.007383 0.004404 0.999963 121.867010
0.999843 0.016674 -0.005965 -2.651889 -0.016708 0.999844 -0.005703 -3.078663 0.005869 0.005802 0.999966 123.222039
0.999861 0.015923 -0.004887 -2.672914 -0.015951 0.999857 -0.005665 -3.128357 0.004796 0.005742 0.999972 124.580620
0.999872 0.015600 -0.003480 -2.697955 -0.015621 0.999860 -0.006080 -3.163589 0.003385 0.006133 0.999975 125.933780
0.999870 0.015842 -0.002980 -2.711955 -0.015864 0.999846 -0.007539 -3.192414 0.002861 0.007586 0.999967 127.289400
0.999895 0.014418 -0.001209 -2.747049 -0.014425 0.999881 -0.005393 -3.247565 0.001131 0.005409 0.999985 128.645310
0.999917 0.012754 -0.001830 -2.747033 -0.012764 0.999904 -0.005391 -3.271999 0.001761 0.005414 0.999984 130.002940
0.999930 0.011688 -0.002061 -2.759174 -0.011698 0.999920 -0.004785 -3.297384 0.002005 0.004809 0.999986 131.351609
0.999958 0.009154 -0.000469 -2.790573 -0.009157 0.999944 -0.005325 -3.333132 0.000421 0.005329 0.999986 132.705074
0.999953 0.009718 -0.000669 -2.814241 -0.009721 0.999943 -0.004343 -3.366460 0.000626 0.004350 0.999990 134.056616
0.999943 0.010535 -0.001610 -2.841372 -0.010542 0.999935 -0.004332 -3.402794 0.001565 0.004349 0.999989 135.409521
0.999962 0.007796 -0.003778 -2.856119 -0.007814 0.999958 -0.004757 -3.438966 0.003741 0.004786 0.999982 136.755244
0.999959 0.007675 -0.004825 -2.874006 -0.007691 0.999965 -0.003398 -3.475874 0.004799 0.003435 0.999983 138.106723
0.999967 0.006277 -0.005148 -2.907033 -0.006290 0.999977 -0.002546 -3.521552 0.005132 0.002579 0.999984 139.456015
0.999954 0.004018 -0.008688 -2.902182 -0.004042 0.999988 -0.002743 -3.556590 0.008677 0.002778 0.999958 140.806261
0.999949 0.002363 -0.009853 -2.911392 -0.002384 0.999995 -0.002171 -3.609572 0.009848 0.002195 0.999949 142.154763
0.999917 0.003551 -0.012345 -2.939462 -0.003595 0.999987 -0.003547 -3.627955 0.012332 0.003591 0.999918 143.502295
0.999901 -0.000334 -0.014045 -2.952408 0.000262 0.999987 -0.005159 -3.678251 0.014047 0.005155 0.999888 144.849483
0.999867 -0.004297 -0.015707 -2.987179 0.004207 0.999975 -0.005717 -3.710125 0.015731 0.005650 0.999860 146.192328
0.999839 -0.011276 -0.013937 -3.051314 0.011227 0.999931 -0.003525 -3.751978 0.013976 0.003368 0.999897 147.543351
0.999756 -0.017371 -0.013664 -3.103661 0.017360 0.999849 -0.000945 -3.802433 0.013678 0.000708 0.999906 148.890850
0.999665 -0.021523 -0.014354 -3.118139 0.021473 0.999763 -0.003609 -3.842544 0.014429 0.003300 0.999890 150.235603
0.999668 -0.020579 -0.015489 -3.135939 0.020470 0.999765 -0.007186 -3.866911 0.015633 0.006867 0.999854 151.579167
0.999734 -0.018531 -0.013763 -3.214444 0.018427 0.999801 -0.007611 -3.953264 0.013901 0.007355 0.999876 152.920280
0.999723 -0.020055 -0.012324 -3.273314 0.019957 0.999769 -0.007992 -3.996359 0.012482 0.007744 0.999892 154.265654
0.999639 -0.024901 -0.010047 -3.317554 0.024857 0.999681 -0.004434 -4.040309 0.010155 0.004183 0.999940 155.613137
0.999452 -0.032030 -0.008299 -3.365184 0.032018 0.999486 -0.001559 -4.088322 0.008345 0.001292 0.999964 156.961694
0.999287 -0.036953 -0.007784 -3.397243 0.036966 0.999315 0.001524 -4.137283 0.007722 -0.001811 0.999969 158.309664
0.999248 -0.038247 -0.006407 -3.415144 0.038250 0.999268 0.000390 -4.156765 0.006387 -0.000634 0.999979 159.656316
0.999353 -0.035459 -0.006019 -3.431068 0.035463 0.999371 0.000492 -4.182532 0.005998 -0.000706 0.999982 161.006628
0.999579 -0.028563 -0.005105 -3.478351 0.028554 0.999590 -0.001870 -4.192905 0.005157 0.001723 0.999985 162.355771
0.999746 -0.022348 -0.003056 -3.512500 0.022330 0.999734 -0.005823 -4.202891 0.003185 0.005753 0.999978 163.706283
0.999778 -0.021086 0.000034 -3.603212 0.021086 0.999768 -0.004490 -4.274683 0.000061 0.004490 0.999990 165.052749
0.999825 -0.018575 0.002292 -3.632770 0.018581 0.999824 -0.002626 -4.315678 -0.002243 0.002668 0.999994 166.410365
0.999872 -0.015773 0.002510 -3.642627 0.015782 0.999868 -0.003923 -4.334792 -0.002448 0.003962 0.999989 167.771492
0.999892 -0.014681 0.001072 -3.636653 0.014689 0.999867 -0.007131 -4.348619 -0.000968 0.007146 0.999974 169.131849
0.999925 -0.012201 -0.000688 -3.606414 0.012194 0.999880 -0.009554 -4.392462 0.000804 0.009545 0.999954 170.490692
0.999951 -0.009838 -0.000580 -3.650331 0.009832 0.999902 -0.009969 -4.461281 0.000678 0.009963 0.999950 171.852957
0.999981 -0.006209 -0.000444 -3.662302 0.006205 0.999943 -0.008661 -4.490987 0.000498 0.008658 0.999962 173.221763
0.999988 -0.003941 0.003045 -3.712871 0.003958 0.999977 -0.005512 -4.544164 -0.003023 0.005524 0.999980 174.596383
0.999987 -0.001898 0.004773 -3.739894 0.001915 0.999992 -0.003468 -4.572890 -0.004766 0.003477 0.999983 175.975627
0.999992 -0.001863 0.003478 -3.737332 0.001875 0.999992 -0.003444 -4.589629 -0.003472 0.003451 0.999988 177.352256
0.999991 -0.003034 0.002937 -3.768333 0.003047 0.999985 -0.004456 -4.593812 -0.002923 0.004465 0.999986 178.727563
0.999992 -0.003720 0.001681 -3.762164 0.003734 0.999960 -0.008103 -4.640226 -0.001651 0.008110 0.999966 180.108211
0.999998 -0.001878 -0.000588 -3.759181 0.001871 0.999932 -0.011473 -4.689695 0.000610 0.011471 0.999934 181.486887
0.999990 0.003764 -0.002408 -3.766439 -0.003795 0.999911 -0.012758 -4.713667 0.002359 0.012767 0.999916 182.875315
0.999983 0.004158 -0.004083 -3.776348 -0.004196 0.999948 -0.009334 -4.777413 0.004044 0.009351 0.999948 184.268178
0.999968 0.006867 -0.004058 -3.817655 -0.006887 0.999964 -0.005019 -4.823639 0.004024 0.005047 0.999979 185.662499
0.999956 0.006482 -0.006715 -3.809532 -0.006502 0.999974 -0.003065 -4.852691 0.006695 0.003108 0.999973 187.061843
0.999973 0.006075 -0.004146 -3.855142 -0.006087 0.999978 -0.002784 -4.863300 0.004129 0.002809 0.999988 188.462870
0.999990 0.003451 -0.002827 -3.890482 -0.003454 0.999993 -0.001204 -4.901029 0.002823 0.001213 0.999995 189.866698
0.999994 0.001716 -0.002974 -3.905112 -0.001717 0.999998 -0.000355 -4.938123 0.002974 0.000360 0.999996 191.274431
0.999999 -0.000344 -0.001231 -3.936391 0.000343 1.000000 -0.000828 -4.972258 0.001232 0.000828 0.999999 192.682504
0.999989 -0.004271 -0.001876 -3.952801 0.004273 0.999990 0.001228 -5.029802 0.001871 -0.001236 0.999997 194.100028
0.999958 -0.009169 -0.000219 -4.000327 0.009169 0.999956 0.001755 -5.051158 0.000203 -0.001757 0.999998 195.518898
0.999951 -0.009828 0.000957 -4.035019 0.009827 0.999951 0.001127 -5.069880 -0.000968 -0.001117 0.999999 196.940620
0.999971 -0.007412 0.001498 -4.062879 0.007416 0.999968 -0.003118 -5.093501 -0.001475 0.003129 0.999994 198.360783
0.999999 0.000968 0.000991 -4.042211 -0.000959 0.999954 -0.009539 -5.100218 -0.001001 0.009538 0.999954 199.784747
0.999964 0.008188 0.002215 -4.099209 -0.008167 0.999922 -0.009480 -5.151986 -0.002293 0.009461 0.999953 201.216548
0.999861 0.016311 0.003369 -4.134572 -0.016290 0.999849 -0.006084 -5.190588 -0.003468 0.006028 0.999976 202.653759
0.999851 0.017168 0.002044 -4.131819 -0.017160 0.999845 -0.003901 -5.222666 -0.002111 0.003865 0.999990 204.091315
0.999893 0.014613 0.000346 -4.093387 -0.014612 0.999889 -0.002788 -5.270367 -0.000387 0.002783 0.999996 205.528111
0.999935 0.011362 0.000597 -4.109695 -0.011361 0.999934 -0.001760 -5.308417 -0.000617 0.001753 0.999998 206.975634
0.999922 0.012324 0.001839 -4.151341 -0.012318 0.999919 -0.003106 -5.322101 -0.001877 0.003083 0.999993 208.424742
0.999869 0.016013 0.002350 -4.193350 -0.016003 0.999862 -0.004400 -5.334700 -0.002420 0.004362 0.999988 209.879571
0.999828 0.018297 0.003065 -4.223451 -0.018281 0.999820 -0.005138 -5.360471 -0.003158 0.005082 0.999982 211.341151
0.999808 0.019496 0.001784 -4.185866 -0.019490 0.999804 -0.003378 -5.410486 -0.001849 0.003343 0.999993 212.800590
0.999818 0.018922 0.002360 -4.202714 -0.018910 0.999810 -0.004795 -5.434054 -0.002451 0.004750 0.999986 214.269659
0.999820 0.018843 0.002212 -4.207401 -0.018829 0.999802 -0.006368 -5.456933 -0.002332 0.006325 0.999977 215.742020
0.999828 0.018337 0.002817 -4.248321 -0.018321 0.999817 -0.005554 -5.525102 -0.002919 0.005501 0.999981 217.215225
0.999834 0.018020 0.002532 -4.258190 -0.018007 0.999825 -0.004977 -5.570122 -0.002621 0.004931 0.999984 218.695230
0.999840 0.017790 0.001758 -4.247365 -0.017782 0.999830 -0.004800 -5.603571 -0.001843 0.004768 0.999987 220.172473
0.999832 0.018107 0.002867 -4.281920 -0.018093 0.999826 -0.004541 -5.635489 -0.002949 0.004488 0.999986 221.658212
0.999805 0.019330 0.003953 -4.369832 -0.019313 0.999805 -0.004170 -5.706230 -0.004033 0.004093 0.999983 223.138297
0.999818 0.018594 0.004305 -4.378841 -0.018580 0.999822 -0.003191 -5.769563 -0.004364 0.003110 0.999986 224.626703
0.999865 0.016337 0.001953 -4.367564 -0.016329 0.999859 -0.003936 -5.793612 -0.002017 0.003904 0.999990 226.116904
0.999863 0.016213 0.003343 -4.445304 -0.016201 0.999862 -0.003737 -5.837040 -0.003403 0.003682 0.999987 227.605667
0.999906 0.013402 0.002826 -4.462572 -0.013392 0.999904 -0.003601 -5.885013 -0.002874 0.003563 0.999990 229.095938
0.999934 0.010949 0.003569 -4.486320 -0.010941 0.999937 -0.002318 -5.939002 -0.003594 0.002279 0.999991 230.589267
0.999950 0.008775 0.004736 -4.504124 -0.008768 0.999961 -0.001393 -5.964559 -0.004748 0.001352 0.999988 232.085870
0.999934 0.010307 0.005111 -4.522982 -0.010294 0.999943 -0.002709 -5.979592 -0.005138 0.002656 0.999983 233.581649
0.999922 0.011172 0.005672 -4.543932 -0.011149 0.999929 -0.004136 -5.999217 -0.005718 0.004073 0.999975 235.082933
0.999908 0.012458 0.005274 -4.591412 -0.012426 0.999905 -0.006023 -6.031312 -0.005348 0.005957 0.999968 236.587825
0.999906 0.012504 0.005631 -4.587546 -0.012470 0.999904 -0.006043 -6.046862 -0.005706 0.005972 0.999966 238.093407
0.999891 0.012629 0.007618 -4.678782 -0.012607 0.999916 -0.002983 -6.112014 -0.007655 0.002886 0.999967 239.599982
0.999880 0.013077 0.008277 -4.683102 -0.013058 0.999912 -0.002394 -6.160912 -0.008308 0.002286 0.999963 241.110377
0.999847 0.014053 0.010451 -4.715383 -0.013994 0.999886 -0.005728 -6.157913 -0.010530 0.005581 0.999929 242.626469
0.999795 0.015927 0.012481 -4.746261 -0.015824 0.999840 -0.008311 -6.186423 -0.012611 0.008112 0.999888 244.140895
0.999795 0.015889 0.012570 -4.746015 -0.015781 0.999838 -0.008665 -6.222614 -0.012706 0.008465 0.999883 245.661807
0.999781 0.016119 0.013352 -4.745294 -0.016006 0.999835 -0.008539 -6.249449 -0.013487 0.008324 0.999874 247.186423
0.999752 0.017109 0.014271 -4.769043 -0.016999 0.999825 -0.007823 -6.297388 -0.014402 0.007579 0.999868 248.706212
0.999798 0.014962 0.013451 -4.764066 -0.014853 0.999857 -0.008131 -6.338428 -0.013571 0.007930 0.999876 250.234127
0.999813 0.013132 0.014171 -4.763560 -0.013017 0.999882 -0.008189 -6.366726 -0.014276 0.008003 0.999866 251.761760
0.999757 0.014923 0.016254 -4.788835 -0.014790 0.999856 -0.008282 -6.414679 -0.016376 0.008039 0.999834 253.293900
0.999740 0.016001 0.016263 -4.774051 -0.015842 0.999826 -0.009876 -6.422246 -0.016418 0.009616 0.999819 254.825481
0.999726 0.014618 0.018308 -4.764931 -0.014438 0.999847 -0.009907 -6.471452 -0.018450 0.009640 0.999783 256.359401
0.999768 0.012869 0.017245 -4.780334 -0.012717 0.999880 -0.008888 -6.523674 -0.017357 0.008667 0.999812 257.896874
0.999807 0.011139 0.016191 -4.744224 -0.010990 0.999897 -0.009241 -6.551197 -0.016292 0.009061 0.999826 259.435539
0.999861 0.009528 0.013668 -4.677004 -0.009396 0.999909 -0.009669 -6.606466 -0.013759 0.009539 0.999860 260.968180
0.999874 0.009459 0.012717 -4.669683 -0.009299 0.999878 -0.012535 -6.621578 -0.012834 0.012415 0.999841 262.506191
0.999886 0.008015 0.012768 -4.623416 -0.007880 0.999913 -0.010583 -6.673575 -0.012851 0.010481 0.999862 264.043097
0.999895 0.006223 0.013103 -4.615041 -0.006110 0.999944 -0.008607 -6.725812 -0.013156 0.008526 0.999877 265.588432
0.999906 0.005623 0.012511 -4.631453 -0.005524 0.999953 -0.007949 -6.783015 -0.012555 0.007880 0.999890 267.128713
0.999872 0.005815 0.014882 -4.646759 -0.005687 0.999947 -0.008641 -6.835094 -0.014932 0.008555 0.999852 268.667788
0.999850 0.007534 0.015580 -4.621275 -0.007373 0.999919 -0.010356 -6.843824 -0.015657 0.010240 0.999825 270.207508
0.999798 0.010331 0.017249 -4.627951 -0.010161 0.999899 -0.009905 -6.918929 -0.017349 0.009728 0.999802 271.747596
0.999789 0.011191 0.017202 -4.611449 -0.011021 0.999890 -0.009944 -6.962512 -0.017311 0.009752 0.999803 273.293911
0.999719 0.013781 0.019292 -4.609263 -0.013569 0.999846 -0.011087 -6.990816 -0.019442 0.010822 0.999752 274.836406
0.999689 0.015571 0.019465 -4.598535 -0.015320 0.999798 -0.012994 -7.007523 -0.019664 0.012692 0.999726 276.383459
0.999682 0.016198 0.019326 -4.549354 -0.015929 0.999775 -0.013981 -7.069219 -0.019548 0.013668 0.999715 277.923746
0.999659 0.015910 0.020708 -4.511976 -0.015628 0.999783 -0.013739 -7.147177 -0.020922 0.013410 0.999691 279.472094
0.999643 0.014656 0.022356 -4.513564 -0.014387 0.999823 -0.012165 -7.222187 -0.022530 0.011839 0.999676 281.021483
0.999700 0.012937 0.020800 -4.486578 -0.012712 0.999860 -0.010917 -7.261257 -0.020938 0.010649 0.999724 282.575279
0.999752 0.008558 0.020539 -4.464677 -0.008350 0.999913 -0.010205 -7.312651 -0.020624 0.010031 0.999737 284.125384
0.999770 0.006374 0.020482 -4.440599 -0.006136 0.999913 -0.011674 -7.377617 -0.020554 0.011546 0.999722 285.669222
0.999740 0.008598 0.021134 -4.434964 -0.008296 0.999863 -0.014342 -7.433665 -0.021254 0.014163 0.999674 287.223250
0.999756 0.010252 0.019550 -4.381157 -0.009960 0.999838 -0.014995 -7.475214 -0.019701 0.014796 0.999696 288.776005
0.999760 0.008840 0.020060 -4.377579 -0.008547 0.999856 -0.014679 -7.525041 -0.020187 0.014504 0.999691 290.332354
0.999801 0.008086 0.018231 -4.354732 -0.007814 0.999858 -0.014921 -7.577947 -0.018349 0.014775 0.999722 291.890614
0.999828 0.007311 0.017043 -4.330326 -0.007063 0.999869 -0.014569 -7.634753 -0.017147 0.014446 0.999749 293.452276
0.999870 0.005777 0.015083 -4.299235 -0.005585 0.999904 -0.012713 -7.716652 -0.015155 0.012627 0.999805 295.019447
0.999882 0.005874 0.014201 -4.314442 -0.005699 0.999908 -0.012339 -7.761334 -0.014272 0.012256 0.999823 296.590876
0.999892 0.004134 0.014077 -4.333501 -0.003974 0.999927 -0.011386 -7.814135 -0.014123 0.011329 0.999836 298.168112
0.999916 0.004311 0.012243 -4.327614 -0.004176 0.999931 -0.010993 -7.855969 -0.012289 0.010941 0.999865 299.754398
0.999908 0.006119 0.012113 -4.306874 -0.005980 0.999916 -0.011477 -7.900125 -0.012182 0.011403 0.999861 301.338390
0.999874 0.007147 0.014143 -4.322338 -0.006978 0.999904 -0.011945 -7.947187 -0.014227 0.011845 0.999829 302.929943
0.999903 0.004568 0.013140 -4.308415 -0.004409 0.999917 -0.012133 -8.003018 -0.013195 0.012074 0.999840 304.525748
0.999915 0.002725 0.012762 -4.313562 -0.002550 0.999903 -0.013713 -8.023621 -0.012798 0.013680 0.999825 306.125159
0.999902 0.001611 0.013928 -4.316664 -0.001388 0.999870 -0.016044 -8.041726 -0.013952 0.016023 0.999774 307.728477
0.999897 0.003299 0.013986 -4.285663 -0.003057 0.999845 -0.017314 -8.053151 -0.014041 0.017269 0.999752 309.336078
0.999906 0.003716 0.013203 -4.273010 -0.003470 0.999821 -0.018605 -8.107317 -0.013270 0.018557 0.999740 310.949868
0.999928 0.004899 0.010933 -4.284561 -0.004718 0.999854 -0.016450 -8.174957 -0.011012 0.016397 0.999805 312.560431
0.999946 0.004884 0.009166 -4.244693 -0.004775 0.999918 -0.011919 -8.258459 -0.009224 0.011875 0.999887 314.182127
0.999957 0.001343 0.009229 -4.242335 -0.001260 0.999959 -0.008976 -8.322421 -0.009240 0.008964 0.999917 315.808427
0.999935 0.001791 0.011260 -4.273897 -0.001689 0.999957 -0.009065 -8.344546 -0.011276 0.009046 0.999896 317.437306
0.999954 -0.001047 0.009514 -4.227666 0.001135 0.999956 -0.009290 -8.398185 -0.009504 0.009301 0.999912 319.064565
0.999977 -0.000950 0.006730 -4.195405 0.001013 0.999955 -0.009414 -8.434383 -0.006721 0.009421 0.999933 320.694099
0.999976 -0.003242 0.006192 -4.184874 0.003301 0.999949 -0.009532 -8.471576 -0.006161 0.009552 0.999935 322.325654
0.999979 -0.002967 0.005683 -4.171968 0.003020 0.999953 -0.009248 -8.516098 -0.005656 0.009265 0.999941 323.951334
0.999980 -0.000189 0.006323 -4.157213 0.000247 0.999957 -0.009288 -8.587395 -0.006321 0.009290 0.999937 325.578670
0.999980 0.000677 0.006312 -4.169646 -0.000615 0.999952 -0.009778 -8.631864 -0.006318 0.009774 0.999932 327.208031
0.999947 -0.000013 0.010328 -4.307888 0.000102 0.999963 -0.008613 -8.652167 -0.010328 0.008613 0.999910 328.829058
0.999936 -0.000497 0.011326 -4.354443 0.000593 0.999964 -0.008466 -8.691319 -0.011322 0.008472 0.999900 330.454968
0.999943 -0.001779 0.010519 -4.358765 0.001876 0.999956 -0.009199 -8.741669 -0.010503 0.009218 0.999902 332.073092
0.999935 -0.000827 0.011383 -4.370555 0.000927 0.999961 -0.008788 -8.786753 -0.011375 0.008798 0.999897 333.692857
0.999945 -0.000008 0.010501 -4.388279 0.000127 0.999936 -0.011272 -8.834755 -0.010500 0.011273 0.999881 335.305582
0.999949 0.001018 0.010004 -4.385566 -0.000878 0.999902 -0.013942 -8.872298 -0.010018 0.013932 0.999853 336.912991
0.999965 0.001416 0.008290 -4.363032 -0.001315 0.999925 -0.012183 -8.957357 -0.008307 0.012172 0.999891 338.522480
0.999977 0.002574 0.006236 -4.336726 -0.002513 0.999949 -0.009736 -8.982418 -0.006261 0.009720 0.999933 340.130150
0.999975 0.003565 0.006096 -4.361359 -0.003527 0.999974 -0.006267 -9.041402 -0.006118 0.006245 0.999962 341.746676
0.999974 0.004905 0.005330 -4.416903 -0.004871 0.999967 -0.006526 -9.100980 -0.005362 0.006500 0.999964 343.351441
0.999983 0.003202 0.004966 -4.451594 -0.003169 0.999973 -0.006606 -9.162524 -0.004987 0.006590 0.999966 344.949759
0.999991 0.002159 0.003687 -4.459101 -0.002141 0.999985 -0.004981 -9.210354 -0.003697 0.004973 0.999981 346.552121
0.999998 0.001098 0.001695 -4.452738 -0.001089 0.999985 -0.005304 -9.224158 -0.001701 0.005302 0.999984 348.152041
1.000000 0.000251 0.000810 -4.458640 -0.000245 0.999974 -0.007232 -9.253706 -0.000812 0.007231 0.999974 349.750128
0.999999 -0.000913 -0.000584 -4.449110 0.000909 0.999976 -0.006911 -9.319563 0.000590 0.006910 0.999976 351.343780
0.999998 -0.000393 -0.001809 -4.447385 0.000380 0.999974 -0.007157 -9.371941 0.001811 0.007156 0.999973 352.941890
0.999994 -0.002160 -0.002705 -4.437689 0.002139 0.999968 -0.007735 -9.421143 0.002722 0.007729 0.999966 354.533094
0.999984 -0.004277 -0.003588 -4.444899 0.004245 0.999951 -0.008906 -9.474878 0.003626 0.008891 0.999954 356.125584
0.999992 -0.003852 -0.000836 -4.506768 0.003843 0.999941 -0.010174 -9.516334 0.000875 0.010171 0.999948 357.715366
0.999979 -0.006238 -0.001949 -4.515211 0.006217 0.999922 -0.010800 -9.548360 0.002017 0.010788 0.999940 359.306194
0.999980 -0.006246 -0.001208 -4.532333 0.006233 0.999926 -0.010401 -9.603966 0.001273 0.010393 0.999945 360.896820
0.999977 -0.006548 0.001525 -4.606978 0.006563 0.999925 -0.010367 -9.675859 -0.001458 0.010377 0.999945 362.479219
0.999959 -0.008836 0.001761 -4.634728 0.008851 0.999927 -0.008208 -9.718663 -0.001689 0.008223 0.999965 364.076603
0.999935 -0.011421 0.000616 -4.625573 0.011425 0.999902 -0.008133 -9.754829 -0.000523 0.008139 0.999967 365.673815
0.999928 -0.011956 0.000437 -4.664043 0.011960 0.999887 -0.009100 -9.799071 -0.000328 0.009105 0.999958 367.270453
0.999939 -0.011019 0.000315 -4.672854 0.011022 0.999892 -0.009770 -9.842599 -0.000207 0.009773 0.999952 368.875986
0.999945 -0.010422 0.000645 -4.693238 0.010428 0.999903 -0.009255 -9.884523 -0.000548 0.009261 0.999957 370.464519
0.999975 -0.007067 0.000595 -4.646928 0.007072 0.999924 -0.010071 -9.889915 -0.000524 0.010075 0.999949 372.104663
0.999959 -0.009061 0.000579 -4.673394 0.009067 0.999901 -0.010746 -9.942557 -0.000481 0.010751 0.999942 373.714001
0.999965 -0.008309 0.000757 -4.682412 0.008317 0.999906 -0.010944 -10.002319 -0.000666 0.010950 0.999940 375.269158
0.999924 -0.012313 -0.000360 -4.655890 0.012309 0.999869 -0.010523 -10.077224 0.000490 0.010518 0.999945 376.873795
0.999902 -0.013973 -0.001203 -4.677580 0.013960 0.999853 -0.009979 -10.121997 0.001343 0.009961 0.999949 378.479027
0.999920 -0.012378 -0.002661 -4.641071 0.012353 0.999879 -0.009410 -10.181638 0.002777 0.009376 0.999952 380.092089
0.999945 -0.010241 -0.002110 -4.679776 0.010222 0.999908 -0.008972 -10.238980 0.002202 0.008950 0.999958 381.704149
0.999958 -0.009126 0.001020 -4.765428 0.009135 0.999914 -0.009419 -10.292617 -0.000934 0.009428 0.999955 383.322040
0.999960 -0.008469 0.002790 -4.798288 0.008497 0.999912 -0.010174 -10.329108 -0.002704 0.010197 0.999944 384.932127
0.999956 -0.008601 0.003844 -4.818460 0.008638 0.999915 -0.009765 -10.377309 -0.003760 0.009798 0.999945 386.548346
0.999972 -0.007320 0.001616 -4.818723 0.007337 0.999915 -0.010798 -10.392205 -0.001536 0.010809 0.999940 388.166562
0.999978 -0.006176 0.002337 -4.840501 0.006203 0.999911 -0.011781 -10.410004 -0.002264 0.011795 0.999928 389.786856
0.999989 -0.004280 0.001741 -4.845619 0.004301 0.999916 -0.012258 -10.460164 -0.001689 0.012265 0.999923 391.416388
0.999987 -0.004759 0.001621 -4.852842 0.004779 0.999904 -0.013020 -10.500379 -0.001558 0.013028 0.999914 393.038262
