0.999997 0.002382 0.000868 0.000000 -0.002378 0.999983 -0.005354 0.000000 -0.000881 0.005352 0.999985 0.000000
0.999998 -0.001305 0.001148 0.000000 0.001311 0.999987 -0.004916 0.000000 -0.001141 0.004918 0.999987 0.000000
0.999996 -0.002813 0.000383 0.001050 0.002813 0.999996 -0.000446 -0.053135 -0.000382 0.000447 1.000000 2.926238
0.999980 -0.006292 0.000052 0.020189 0.006291 0.999962 0.006082 -0.071913 -0.000090 -0.006082 0.999982 3.886738
0.999942 -0.010303 -0.003000 0.042134 0.010320 0.999932 0.005440 -0.079377 0.002944 -0.005470 0.999981 4.845122
0.999895 -0.013199 -0.005906 0.055740 0.013218 0.999907 0.003240 -0.098306 0.005863 -0.003317 0.999977 5.777581
0.999869 -0.014463 -0.007207 0.069574 0.014462 0.999895 -0.000183 -0.107843 0.007209 0.000078 0.999974 6.714970
0.999852 -0.015509 -0.007469 0.051791 0.015499 0.999879 -0.001419 -0.113352 0.007490 0.001303 0.999971 7.644760
0.999825 -0.016559 -0.008745 0.049602 0.016562 0.999863 0.000348 -0.120366 0.008738 -0.000493 0.999962 8.574205
0.999776 -0.015937 -0.013941 0.070902 0.015988 0.999866 0.003577 -0.140609 0.013882 -0.003799 0.999896 9.504241
0.999765 -0.016959 -0.013516 0.049236 0.017022 0.999845 0.004564 -0.148219 0.013437 -0.004793 0.999898 10.427119
0.999755 -0.018245 -0.012569 0.026019 0.018307 0.999821 0.004783 -0.154209 0.012480 -0.005012 0.999910 11.377564
0.999728 -0.018741 -0.013874 0.015982 0.018813 0.999810 0.005093 -0.170157 0.013776 -0.005352 0.999891 12.261526
0.999675 -0.019351 -0.016588 0.008480 0.019417 0.999804 0.003827 -0.193646 0.016510 -0.004148 0.999855 13.171324
0.999672 -0.017697 -0.018518 0.000235 0.017754 0.999838 0.002926 -0.213029 0.018463 -0.003254 0.999824 14.079662
0.999619 -0.019552 -0.019458 -0.035493 0.019575 0.999808 0.001014 -0.226757 0.019435 -0.001395 0.999810 14.983264
0.999498 -0.019690 -0.024804 0.023727 0.019695 0.999806 -0.000023 -0.233933 0.024800 -0.000465 0.999692 15.882256
0.999469 -0.017055 -0.027747 0.045499 0.017020 0.999854 -0.001510 -0.220500 0.027768 0.001037 0.999614 16.778966
0.999505 -0.014246 -0.028050 -0.017496 0.014211 0.999898 -0.001453 -0.244028 0.028067 0.001054 0.999605 17.668376
0.999538 -0.015040 -0.026412 -0.082826 0.015056 0.999887 0.000410 -0.272838 0.026403 -0.000807 0.999651 18.557722
0.999465 -0.013462 -0.029803 -0.110561 0.013569 0.999902 0.003401 -0.308912 0.029754 -0.003803 0.999550 19.444195
0.999465 -0.013681 -0.029720 -0.153596 0.013789 0.999899 0.003427 -0.317906 0.029671 -0.003835 0.999552 20.323990
0.999397 -0.015462 -0.031093 -0.171337 0.015590 0.999871 0.003897 -0.335877 0.031029 -0.004380 0.999509 21.197952
0.999223 -0.017379 -0.035376 -0.174551 0.017512 0.999841 0.003448 -0.349915 0.035310 -0.004065 0.999368 22.067055
0.999066 -0.016437 -0.039970 -0.170421 0.016626 0.999852 0.004396 -0.359753 0.039892 -0.005056 0.999191 22.930205
0.999085 -0.016652 -0.039382 -0.220494 0.016953 0.999830 0.007310 -0.376966 0.039253 -0.007971 0.999198 23.785662
0.999040 -0.018405 -0.039742 -0.256485 0.018853 0.999763 0.010931 -0.395283 0.039531 -0.011669 0.999150 24.642618
0.999052 -0.017400 -0.039905 -0.300455 0.017880 0.999772 0.011712 -0.390527 0.039692 -0.012415 0.999135 25.468379
0.999062 -0.017748 -0.039510 -0.334388 0.018172 0.999781 0.010395 -0.398825 0.039317 -0.011103 0.999165 26.291925
0.998984 -0.016063 -0.042097 -0.351311 0.016413 0.999834 0.007968 -0.415398 0.041962 -0.008650 0.999082 27.106050
0.999012 -0.016370 -0.041317 -0.391271 0.016642 0.999842 0.006261 -0.428120 0.041208 -0.006942 0.999126 27.901865
0.999021 -0.014666 -0.041729 -0.445455 0.014959 0.999866 0.006714 -0.451197 0.041624 -0.007332 0.999106 28.692626
0.998844 -0.015486 -0.045508 -0.469826 0.015812 0.999852 0.006803 -0.463425 0.045395 -0.007515 0.998941 29.477644
0.998742 -0.015783 -0.047598 -0.503809 0.016149 0.999843 0.007297 -0.484307 0.047476 -0.008056 0.998840 30.248906
0.998673 -0.014271 -0.049481 -0.554400 0.014606 0.999873 0.006403 -0.472869 0.049383 -0.007117 0.998755 31.014197
0.998500 -0.016414 -0.052234 -0.583935 0.016837 0.999829 0.007672 -0.487167 0.052099 -0.008539 0.998605 31.774012
0.998398 -0.017188 -0.053900 -0.631158 0.017769 0.999789 0.010331 -0.508857 0.053711 -0.011272 0.998493 32.516844
0.998398 -0.014360 -0.054724 -0.696611 0.015048 0.999813 0.012182 -0.526665 0.054539 -0.012986 0.998427 33.251891
0.998388 -0.012409 -0.055382 -0.738719 0.013129 0.999834 0.012650 -0.534005 0.055216 -0.013357 0.998385 33.979015
0.998379 -0.008710 -0.056243 -0.814010 0.009376 0.999889 0.011578 -0.532296 0.056136 -0.012086 0.998350 34.717551
0.998151 -0.007092 -0.060364 -0.830606 0.007740 0.999915 0.010514 -0.530986 0.060284 -0.010961 0.998121 35.408065
0.998052 -0.007746 -0.061905 -0.859939 0.008442 0.999904 0.010989 -0.525505 0.061814 -0.011490 0.998022 36.100982
0.997940 -0.004994 -0.063960 -0.905845 0.005811 0.999904 0.012606 -0.515494 0.063891 -0.012952 0.997873 36.787999
0.998001 -0.002549 -0.063140 -0.965737 0.003440 0.999896 0.014007 -0.527708 0.063098 -0.014197 0.997906 37.462250
0.997856 0.000773 -0.065446 -0.978179 -0.000010 0.999932 0.011659 -0.528185 0.065451 -0.011633 0.997788 38.125279
0.998054 0.004032 -0.062221 -1.038440 -0.003482 0.999954 0.008935 -0.539785 0.062254 -0.008701 0.998022 38.775506
0.998179 0.004655 -0.060145 -1.087813 -0.004167 0.999957 0.008249 -0.558184 0.060181 -0.007984 0.998156 39.411036
0.998285 0.006281 -0.058204 -1.113217 -0.005793 0.999947 0.008558 -0.552125 0.058254 -0.008206 0.998268 40.048021
0.998515 0.010860 -0.053379 -1.163827 -0.010285 0.999886 0.011024 -0.550306 0.053492 -0.010459 0.998513 40.696166
0.998476 0.014326 -0.053288 -1.172720 -0.013531 0.999792 0.015241 -0.559382 0.053495 -0.014497 0.998463 41.301969
0.998684 0.018824 -0.047712 -1.203640 -0.018065 0.999704 0.016290 -0.559371 0.048004 -0.015406 0.998728 41.900457
0.998924 0.023565 -0.039948 -1.259920 -0.022935 0.999607 0.016149 -0.554723 0.040313 -0.015215 0.999071 42.482884
0.999079 0.027039 -0.033324 -1.288358 -0.026385 0.999453 0.019916 -0.562096 0.033844 -0.019018 0.999246 43.050912
0.999182 0.033455 -0.022710 -1.341085 -0.032977 0.999233 0.021126 -0.553776 0.023399 -0.020360 0.999519 43.596610
0.999185 0.037399 -0.015155 -1.379898 -0.037066 0.999078 0.021683 -0.560868 0.015952 -0.021103 0.999650 44.122261
0.999174 0.039900 -0.007750 -1.382105 -0.039725 0.998977 0.021591 -0.557193 0.008603 -0.021265 0.999737 44.629825
0.999070 0.043020 0.002731 -1.403473 -0.043068 0.998850 0.021090 -0.561576 -0.001820 -0.021188 0.999774 45.112788
0.998792 0.047923 0.010828 -1.407834 -0.048121 0.998663 0.018879 -0.566046 -0.009909 -0.019377 0.999763 45.576788
0.998692 0.047320 0.019345 -1.398705 -0.047632 0.998736 0.016026 -0.572736 -0.018562 -0.016927 0.999684 46.016203
0.998525 0.047100 0.027024 -1.374298 -0.047541 0.998743 0.015907 -0.565352 -0.026240 -0.017168 0.999508 46.437343
0.998385 0.046535 0.032588 -1.335265 -0.047104 0.998747 0.016911 -0.554363 -0.031760 -0.018419 0.999326 46.832856
0.997921 0.048920 0.041957 -1.335430 -0.049728 0.998593 0.018431 -0.559363 -0.040997 -0.020479 0.998949 47.205302
0.997558 0.051879 0.046765 -1.287243 -0.052809 0.998426 0.018868 -0.569821 -0.045713 -0.021292 0.998728 47.565275
0.996900 0.055691 0.055579 -1.268031 -0.056861 0.998188 0.019679 -0.580141 -0.054382 -0.022778 0.998260 47.876131
0.996007 0.059717 0.066366 -1.270057 -0.061103 0.997950 0.019053 -0.580287 -0.065092 -0.023032 0.997613 48.175303
0.995190 0.059228 0.078038 -1.283011 -0.060867 0.997969 0.018796 -0.568751 -0.076766 -0.023455 0.996773 48.450762
0.994437 0.057574 0.088202 -1.250565 -0.059418 0.998063 0.018418 -0.584750 -0.086971 -0.023557 0.995932 48.716155
0.993509 0.055597 0.099243 -1.215666 -0.057383 0.998236 0.015229 -0.594903 -0.098221 -0.020825 0.994947 48.975246
0.992153 0.056243 0.111661 -1.159026 -0.057974 0.998242 0.012307 -0.610276 -0.110773 -0.018684 0.993670 49.228374
0.989888 0.057707 0.129580 -1.146414 -0.059740 0.998144 0.011854 -0.634330 -0.128655 -0.019475 0.991498 49.485009
0.987510 0.058084 0.146460 -1.135618 -0.060280 0.998125 0.010596 -0.619547 -0.145570 -0.019292 0.989160 49.751464
0.985028 0.057510 0.162516 -1.064449 -0.060036 0.998139 0.010667 -0.616966 -0.161600 -0.020264 0.986648 49.982634
0.982290 0.055457 0.178969 -0.993294 -0.058119 0.998263 0.009661 -0.605209 -0.178123 -0.019892 0.983807 50.223960
0.978362 0.054218 0.199668 -0.946045 -0.057507 0.998288 0.010709 -0.602855 -0.198746 -0.021960 0.979805 50.475426
0.974640 0.052676 0.217490 -0.871370 -0.056311 0.998358 0.010547 -0.597046 -0.216577 -0.022527 0.976006 50.702968
0.969945 0.053807 0.237299 -0.789082 -0.057655 0.998293 0.009301 -0.597293 -0.236394 -0.022703 0.971392 50.938220
0.964516 0.054322 0.258377 -0.681913 -0.058666 0.998236 0.009124 -0.618303 -0.257426 -0.023958 0.966001 51.163004
0.956527 0.054216 0.286561 -0.607241 -0.059474 0.998183 0.009672 -0.619525 -0.285516 -0.026294 0.958013 51.407160
0.947974 0.055825 0.313416 -0.527379 -0.061819 0.998045 0.009213 -0.609079 -0.312289 -0.028109 0.949571 51.652041
0.938276 0.056973 0.341164 -0.437922 -0.063971 0.997909 0.009289 -0.606958 -0.339921 -0.030540 0.939958 51.900511
0.927557 0.055632 0.369516 -0.325944 -0.063893 0.997905 0.010145 -0.609449 -0.368178 -0.033019 0.929169 52.131294
0.914810 0.052530 0.400453 -0.198609 -0.062065 0.998013 0.010868 -0.619951 -0.399086 -0.034796 0.916253 52.359292
0.898269 0.047952 0.436823 -0.098558 -0.058958 0.998192 0.011664 -0.612190 -0.435474 -0.036232 0.899472 52.607205
0.880493 0.043865 0.472025 0.032800 -0.054933 0.998443 0.009685 -0.584361 -0.470865 -0.034458 0.881532 52.838459
0.861855 0.042092 0.505405 0.202694 -0.053302 0.998549 0.007731 -0.597119 -0.504346 -0.033602 0.862847 53.051534
0.841271 0.041199 0.539041 0.381048 -0.052421 0.998610 0.005489 -0.597063 -0.538065 -0.032875 0.842262 53.277650
0.817732 0.041329 0.574113 0.590588 -0.053285 0.998571 0.004010 -0.597343 -0.573127 -0.033871 0.818766 53.493556
0.792887 0.042968 0.607851 0.834775 -0.055766 0.998442 0.002164 -0.608567 -0.606811 -0.035614 0.794048 53.674192
0.764123 0.046869 0.643365 1.068672 -0.060751 0.998153 -0.000561 -0.618855 -0.642203 -0.038656 0.765559 53.902072
0.730676 0.046236 0.681157 1.311720 -0.063216 0.998000 0.000069 -0.638753 -0.679791 -0.043110 0.732138 54.142974
0.697600 0.041171 0.715304 1.627598 -0.062818 0.998018 0.003820 -0.651983 -0.713728 -0.047599 0.698803 54.314734
0.659484 0.038382 0.750738 1.948929 -0.064178 0.997924 0.005357 -0.661486 -0.748974 -0.051714 0.660578 54.534198
0.616287 0.035802 0.786708 2.254735 -0.065337 0.997847 0.005772 -0.659467 -0.784807 -0.054959 0.617299 54.791146
0.568880 0.032130 0.821793 2.597876 -0.064870 0.997876 0.005892 -0.662709 -0.819858 -0.056662 0.569756 55.015325
0.522478 0.028302 0.852183 2.994001 -0.066049 0.997789 0.007357 -0.689744 -0.850091 -0.060129 0.523192 55.175044
0.474924 0.025989 0.879643 3.403757 -0.068919 0.997592 0.007736 -0.687386 -0.877324 -0.064298 0.475572 55.333722
0.427269 0.023915 0.903808 3.837608 -0.074184 0.997207 0.008684 -0.699386 -0.901076 -0.070758 0.427850 55.479129
0.375984 0.026164 0.926257 4.270259 -0.080012 0.996785 0.004322 -0.705163 -0.923165 -0.075737 0.376869 55.645543
0.327559 0.021564 0.944585 4.723682 -0.080000 0.996782 0.004987 -0.719110 -0.941438 -0.077201 0.328230 55.783985
0.278722 0.009283 0.960327 5.193140 -0.078277 0.996846 0.013082 -0.713076 -0.957177 -0.078818 0.278569 55.922648
0.238060 -0.005786 0.971233 5.697839 -0.078286 0.996614 0.025126 -0.716788 -0.968090 -0.082015 0.236801 55.968672
0.193076 -0.015848 0.981056 6.213904 -0.075941 0.996629 0.031046 -0.696845 -0.978241 -0.080497 0.191222 56.071532
0.157179 -0.019945 0.987369 6.728744 -0.073872 0.996758 0.031894 -0.690217 -0.984803 -0.077952 0.155196 56.105644
0.125776 -0.029643 0.991616 7.262780 -0.071154 0.996710 0.038821 -0.690044 -0.989504 -0.075440 0.123253 56.117526
0.100558 -0.037603 0.994220 7.816105 -0.071666 0.996416 0.044935 -0.679099 -0.992347 -0.075770 0.097503 56.119262
0.074879 -0.045450 0.996156 8.382169 -0.072714 0.996053 0.050911 -0.659313 -0.994538 -0.076247 0.071279 56.098010
0.055692 -0.049410 0.997225 8.960360 -0.075167 0.995733 0.053534 -0.662443 -0.995615 -0.077940 0.051740 56.112950
0.041896 -0.051848 0.997776 9.536267 -0.073649 0.995775 0.054836 -0.643229 -0.996404 -0.075783 0.037900 56.022385
0.028141 -0.053384 0.998177 10.141426 -0.073617 0.995751 0.055330 -0.613304 -0.996890 -0.075040 0.024091 56.038887
0.016869 -0.051783 0.998516 10.742392 -0.072468 0.995968 0.052875 -0.583341 -0.997228 -0.073252 0.013048 56.024585
0.006819 -0.056179 0.998397 11.361221 -0.068254 0.996066 0.056514 -0.539622 -0.997645 -0.068530 0.002958 56.035106
-0.001551 -0.060638 0.998159 11.991272 -0.065821 0.996001 0.060405 -0.507275 -0.997830 -0.065607 -0.005536 56.067015
-0.008833 -0.060818 0.998110 12.630236 -0.067119 0.995934 0.060091 -0.485225 -0.997706 -0.066462 -0.012879 56.097647
-0.010542 -0.058446 0.998235 13.283645 -0.069416 0.995925 0.057577 -0.444603 -0.997532 -0.068687 -0.014556 56.077321
-0.013155 -0.056886 0.998294 13.945704 -0.076942 0.995478 0.055711 -0.410026 -0.996949 -0.076078 -0.017473 56.070364
-0.016763 -0.058500 0.998147 14.625252 -0.081835 0.995018 0.056942 -0.352561 -0.996505 -0.080729 -0.021467 56.092453
-0.017418 -0.061649 0.997946 15.312460 -0.085246 0.994555 0.059952 -0.334716 -0.996208 -0.084027 -0.022578 56.069852
-0.018018 -0.065308 0.997702 16.002255 -0.082372 0.994569 0.063616 -0.279355 -0.996439 -0.081036 -0.023300 56.083096
-0.018594 -0.064907 0.997718 16.698297 -0.075091 0.995163 0.063341 -0.240550 -0.997003 -0.073742 -0.023377 56.114381
-0.014922 -0.064854 0.997783 17.395736 -0.065903 0.995788 0.063739 -0.183357 -0.997714 -0.064806 -0.019134 56.037145
-0.012243 -0.064743 0.997827 18.115300 -0.065189 0.995830 0.063813 -0.134926 -0.997798 -0.064266 -0.016413 56.006359
-0.010967 -0.063191 0.997941 18.852431 -0.069083 0.995664 0.062288 -0.083498 -0.997551 -0.068258 -0.015285 55.997887
-0.006828 -0.063326 0.997970 19.586536 -0.074666 0.995239 0.062641 -0.024490 -0.997185 -0.074087 -0.011524 55.936002
-0.002456 -0.061464 0.998106 20.318741 -0.074586 0.995340 0.061110 0.031098 -0.997212 -0.074295 -0.007029 55.879163
-0.000485 -0.068092 0.997679 21.040563 -0.069785 0.995249 0.067892 0.048755 -0.997562 -0.069590 -0.005234 55.970503
0.003074 -0.069267 0.997593 21.769311 -0.062689 0.995623 0.069323 0.097578 -0.998028 -0.062751 -0.001282 55.952802
0.006007 -0.062445 0.998030 22.506152 -0.062301 0.996086 0.062698 0.138353 -0.998039 -0.062554 0.002093 55.954185
0.009869 -0.059080 0.998204 23.235581 -0.066866 0.995980 0.059610 0.169321 -0.997713 -0.067334 0.005879 55.991754
0.014326 -0.062087 0.997968 23.978313 -0.069521 0.995593 0.062937 0.208577 -0.997478 -0.070281 0.009947 55.989145
0.017581 -0.066797 0.997612 24.715834 -0.066012 0.995511 0.067820 0.274633 -0.997664 -0.067046 0.013093 55.995600
0.020537 -0.066332 0.997586 25.438686 -0.060168 0.995906 0.067459 0.323265 -0.997977 -0.061408 0.016462 56.027833
0.025231 -0.062989 0.997695 26.172107 -0.059455 0.996152 0.064395 0.371070 -0.997912 -0.060942 0.021389 56.041158
0.032362 -0.063540 0.997454 26.906738 -0.058941 0.996119 0.065368 0.422580 -0.997737 -0.060906 0.028491 55.979322
0.037209 -0.066519 0.997091 27.646293 -0.060767 0.995785 0.068700 0.477387 -0.997458 -0.063146 0.033010 55.974481
0.043556 -0.071465 0.996492 28.378651 -0.059992 0.995451 0.074012 0.517966 -0.997248 -0.063005 0.039070 55.910652
0.050724 -0.074618 0.995921 29.109063 -0.058994 0.995240 0.077572 0.565353 -0.996969 -0.062689 0.046081 55.825870
0.056448 -0.074266 0.995640 29.839042 -0.057895 0.995308 0.077523 0.627363 -0.996726 -0.062019 0.051883 55.756178
0.059758 -0.076315 0.995291 30.576664 -0.059461 0.995031 0.079865 0.678995 -0.996440 -0.063954 0.054923 55.805509
0.060814 -0.076943 0.995179 31.313385 -0.061218 0.994860 0.080660 0.729029 -0.996270 -0.065828 0.055792 55.883976
0.062922 -0.073872 0.995281 32.048412 -0.061039 0.995105 0.077718 0.785614 -0.996150 -0.065641 0.058105 55.950040
0.067897 -0.070508 0.995198 32.789662 -0.059278 0.995452 0.074570 0.839409 -0.995930 -0.064056 0.063409 55.987195
0.071745 -0.071668 0.994845 33.530884 -0.056651 0.995512 0.075802 0.916202 -0.995813 -0.061797 0.067363 55.998742
0.075094 -0.068626 0.994812 34.275784 -0.057115 0.995695 0.072999 0.968693 -0.995539 -0.062301 0.070851 56.064413
0.077739 -0.067757 0.994669 35.018310 -0.057081 0.995749 0.072292 1.002071 -0.995338 -0.062397 0.073541 56.131478
0.079355 -0.065481 0.994693 35.765438 -0.057232 0.995895 0.070126 1.051248 -0.995202 -0.062494 0.075281 56.249356
0.082618 -0.062780 0.994602 36.517393 -0.054822 0.996216 0.067436 1.106247 -0.995072 -0.060097 0.078864 56.301815
0.081332 -0.061331 0.994798 37.258752 -0.050374 0.996576 0.065559 1.161965 -0.995413 -0.055444 0.077964 56.443655
0.088447 -0.061771 0.994164 38.022064 -0.048718 0.996613 0.066257 1.197731 -0.994889 -0.054294 0.085138 56.436953
0.092283 -0.053826 0.994277 38.783559 -0.048612 0.997104 0.058491 1.238763 -0.994545 -0.053732 0.089399 56.525989
0.097479 -0.049452 0.994008 39.557750 -0.049482 0.997289 0.054468 1.288294 -0.994007 -0.054495 0.094768 56.527756
0.101877 -0.051313 0.993473 40.333164 -0.048067 0.997248 0.056437 1.329799 -0.993635 -0.053503 0.099131 56.597837
0.106167 -0.051959 0.992990 41.110605 -0.047411 0.997233 0.057250 1.359283 -0.993217 -0.053157 0.103410 56.665535
0.110525 -0.049672 0.992631 41.894044 -0.046583 0.997394 0.055097 1.399911 -0.992781 -0.052329 0.107923 56.743376
0.115679 -0.048953 0.992080 42.682994 -0.050706 0.997192 0.055118 1.420043 -0.991992 -0.056681 0.112872 56.840598
0.121700 -0.048514 0.991381 43.489720 -0.049715 0.997253 0.054904 1.466952 -0.991321 -0.055968 0.118954 56.921069
0.125838 -0.044015 0.991074 44.262038 -0.047524 0.997601 0.050339 1.498928 -0.990912 -0.053434 0.123445 57.034602
0.131647 -0.042667 0.990378 45.052425 -0.040721 0.997997 0.048408 1.525669 -0.990460 -0.046702 0.129646 57.126815
0.140739 -0.041937 0.989158 45.856882 -0.034651 0.998282 0.047254 1.576309 -0.989440 -0.040926 0.139044 57.204520
0.145143 -0.039912 0.988605 46.647881 -0.032045 0.998472 0.045015 1.611287 -0.988892 -0.038214 0.143642 57.428920
0.153674 -0.035909 0.987469 47.437414 -0.036861 0.998436 0.042045 1.618650 -0.987434 -0.042860 0.152110 57.564631
0.162574 -0.035951 0.986041 48.247326 -0.037373 0.998395 0.042563 1.662881 -0.985988 -0.043771 0.160969 57.701085
0.170299 -0.034689 0.984782 49.060513 -0.041115 0.998260 0.042274 1.693788 -0.984534 -0.047689 0.168576 57.829032
0.176646 -0.031970 0.983755 49.873706 -0.046108 0.998106 0.040716 1.728294 -0.983194 -0.052552 0.174837 57.977735
0.183530 -0.030700 0.982535 50.674273 -0.055472 0.997596 0.041533 1.727393 -0.981448 -0.062126 0.181385 58.168234
0.189008 -0.029723 0.981526 51.488516 -0.056589 0.997551 0.041105 1.764205 -0.980344 -0.063313 0.186863 58.343287
0.195495 -0.030822 0.980220 52.267645 -0.053812 0.997663 0.042102 1.788557 -0.979227 -0.060979 0.193379 58.509179
0.201100 -0.031486 0.979065 53.055910 -0.046810 0.998033 0.041710 1.820301 -0.978452 -0.054218 0.199231 58.648990
0.204788 -0.030797 0.978322 53.827693 -0.042814 0.998266 0.040387 1.858659 -0.977870 -0.050157 0.203114 58.839972
0.208456 -0.028987 0.977602 54.582272 -0.040362 0.998454 0.038212 1.879928 -0.977198 -0.047423 0.206964 59.020708
0.213060 -0.026493 0.976680 55.348453 -0.041922 0.998464 0.036229 1.886020 -0.976139 -0.048663 0.211622 59.174795
0.216770 -0.032962 0.975666 56.114953 -0.041573 0.998211 0.042960 1.912941 -0.975337 -0.049874 0.215012 59.363032
0.220797 -0.035352 0.974679 56.852788 -0.046564 0.997821 0.046739 1.958268 -0.974208 -0.055704 0.218669 59.536046
0.223567 -0.034683 0.974071 57.589998 -0.051186 0.997570 0.047268 2.003434 -0.973344 -0.060427 0.221248 59.732887
0.228460 -0.031555 0.973042 58.333321 -0.053586 0.997552 0.044931 2.050999 -0.972077 -0.062406 0.226210 59.867451
0.233035 -0.029951 0.972007 59.054917 -0.053534 0.997615 0.043575 2.071851 -0.970994 -0.062190 0.230876 60.031183
0.234603 -0.028859 0.971663 59.760022 -0.051156 0.997808 0.041987 2.099948 -0.970744 -0.059557 0.232612 60.218395
0.237374 -0.024235 0.971116 60.458363 -0.049036 0.998115 0.036895 2.117746 -0.970180 -0.056378 0.235738 60.389802
0.238981 -0.022171 0.970771 61.136210 -0.047603 0.998270 0.034517 2.104890 -0.969857 -0.054461 0.237512 60.598349
0.240895 -0.022838 0.970282 61.810601 -0.041365 0.998573 0.033774 2.129032 -0.969669 -0.048272 0.239606 60.764752
0.244855 -0.023825 0.969267 62.490829 -0.039130 0.998641 0.034432 2.143761 -0.968770 -0.046358 0.243590 60.888888
0.245630 -0.020213 0.969153 63.146228 -0.039963 0.998721 0.030958 2.165953 -0.968539 -0.046334 0.244509 61.085881
0.246464 -0.019020 0.968965 63.804507 -0.042585 0.998629 0.030434 2.183520 -0.968216 -0.048764 0.245317 61.243007
0.246727 -0.019563 0.968888 64.451950 -0.045034 0.998485 0.031628 2.200805 -0.968038 -0.051436 0.245472 61.409071
0.243818 -0.020414 0.969606 65.075992 -0.046067 0.998406 0.032604 2.206018 -0.968726 -0.052617 0.242489 61.605446
0.241205 -0.019599 0.970276 65.694328 -0.047245 0.998373 0.031911 2.214661 -0.969324 -0.053538 0.239886 61.789216
0.238447 -0.018029 0.970988 66.315916 -0.046185 0.998486 0.029881 2.235470 -0.970057 -0.051970 0.237254 61.926455
0.237627 -0.017165 0.971205 66.939467 -0.043035 0.998676 0.028180 2.243042 -0.970403 -0.048492 0.236574 62.072742
0.234932 -0.017263 0.971858 67.515798 -0.039267 0.998858 0.027235 2.238980 -0.971218 -0.044561 0.233986 62.197673
0.230906 -0.018395 0.972802 68.115014 -0.039555 0.998817 0.028276 2.234633 -0.972172 -0.045008 0.229906 62.353660
0.229233 -0.018751 0.973191 68.685761 -0.039640 0.998805 0.028581 2.271841 -0.972564 -0.045129 0.228215 62.513345
0.225807 -0.017060 0.974023 69.265240 -0.042413 0.998726 0.027325 2.293367 -0.973248 -0.047481 0.224796 62.641174
0.223346 -0.019515 0.974544 69.833538 -0.044787 0.998538 0.030260 2.302217 -0.973710 -0.050406 0.222145 62.762390
0.220540 -0.022416 0.975120 70.382586 -0.044995 0.998438 0.033128 2.296887 -0.974340 -0.051182 0.219187 62.888335
0.219823 -0.025663 0.975202 70.929646 -0.040720 0.998541 0.035456 2.317868 -0.974690 -0.047504 0.218458 62.988262
0.217642 -0.029861 0.975572 71.467342 -0.036393 0.998589 0.038684 2.359061 -0.975350 -0.043924 0.216249 63.109152
0.215188 -0.029345 0.976132 72.002195 -0.034980 0.998675 0.037735 2.373716 -0.975946 -0.042265 0.213876 63.229105
0.211633 -0.028584 0.976931 72.526513 -0.031953 0.998836 0.036147 2.401722 -0.976827 -0.038865 0.210473 63.384581
0.209525 -0.031826 0.977285 73.068036 -0.033190 0.998663 0.039638 2.405556 -0.977240 -0.040741 0.208188 63.504186
0.211124 -0.036595 0.976774 73.609992 -0.031659 0.998519 0.044252 2.447325 -0.976946 -0.040266 0.209653 63.596329
0.211719 -0.041378 0.976454 74.144526 -0.031754 0.998285 0.049188 2.462915 -0.976815 -0.041421 0.210042 63.742788
0.213461 -0.043795 0.975970 74.684720 -0.031618 0.998162 0.051706 2.477643 -0.976440 -0.041895 0.211684 63.886807
0.218204 -0.041065 0.975039 75.237761 -0.034425 0.998169 0.049743 2.474731 -0.975296 -0.044420 0.216391 64.003220
0.225077 -0.040180 0.973512 75.788348 -0.034173 0.998209 0.049100 2.493440 -0.973742 -0.044319 0.223301 64.109716
0.233326 -0.043066 0.971445 76.350033 -0.034531 0.998022 0.052538 2.509807 -0.971785 -0.045804 0.231377 64.222271
0.241361 -0.042323 0.969512 76.925248 -0.034437 0.998046 0.052141 2.545355 -0.969824 -0.045972 0.239432 64.361596
0.249210 -0.044067 0.967446 77.482516 -0.036859 0.997809 0.054945 2.545770 -0.967748 -0.049352 0.247039 64.510825
0.257943 -0.040517 0.965310 78.039797 -0.038712 0.997885 0.052229 2.568324 -0.965384 -0.050841 0.255829 64.680616
0.265352 -0.040409 0.963305 78.625109 -0.038788 0.997865 0.052543 2.599848 -0.963371 -0.051308 0.263218 64.863271
0.273159 -0.035092 0.961329 79.184068 -0.036468 0.998238 0.046802 2.637062 -0.961277 -0.047842 0.271398 65.046430
0.282057 -0.031867 0.958868 79.779709 -0.035380 0.998423 0.043589 2.671346 -0.958745 -0.046219 0.280485 65.244983
0.292294 -0.028651 0.955899 80.370265 -0.034206 0.998598 0.040391 2.688115 -0.955717 -0.044504 0.290904 65.440971
0.301209 -0.026212 0.953198 80.964690 -0.032641 0.998753 0.037779 2.719262 -0.952999 -0.042493 0.299977 65.663308
0.311481 -0.024441 0.949938 81.583358 -0.032552 0.998808 0.036372 2.732290 -0.949695 -0.042252 0.310314 65.841721
0.320528 -0.021410 0.946997 82.198517 -0.031460 0.998952 0.033233 2.783472 -0.946716 -0.040444 0.319519 66.087094
0.329600 -0.015556 0.943993 82.826026 -0.032532 0.999083 0.027823 2.811126 -0.943560 -0.039880 0.328791 66.340827
0.342741 -0.016030 0.939293 83.492456 -0.036222 0.998885 0.030264 2.837108 -0.938732 -0.044395 0.341778 66.555392
0.352465 -0.020304 0.935605 84.142528 -0.038700 0.998593 0.036250 2.869116 -0.935024 -0.048985 0.351184 66.837862
0.362882 -0.022988 0.931551 84.815804 -0.041753 0.998290 0.040900 2.883975 -0.930899 -0.053737 0.361302 67.103112
0.374874 -0.024760 0.926745 85.501916 -0.045806 0.997928 0.045190 2.881434 -0.925943 -0.059391 0.372963 67.370730
0.384499 -0.031482 0.922589 86.201818 -0.042640 0.997746 0.051817 2.915254 -0.922140 -0.059262 0.382290 67.651832
0.392315 -0.038155 0.919039 86.894042 -0.043535 0.997249 0.059986 2.944573 -0.918800 -0.063544 0.389574 67.954832
0.398220 -0.045525 0.916160 87.609856 -0.044778 0.996612 0.068987 2.997775 -0.916196 -0.068496 0.394832 68.265966
0.405939 -0.052333 0.912401 88.326710 -0.044274 0.996061 0.076829 3.034426 -0.912827 -0.071583 0.402023 68.566948
0.414034 -0.053579 0.908683 89.055910 -0.042933 0.996006 0.078290 3.059729 -0.909248 -0.071427 0.410080 68.845682
0.422047 -0.054409 0.904940 89.765955 -0.034860 0.996485 0.076171 3.106667 -0.905903 -0.063694 0.418667 69.152054
0.429003 -0.056748 0.901519 90.478777 -0.027224 0.996759 0.075698 3.172947 -0.902893 -0.057018 0.426067 69.476918
0.434899 -0.054878 0.898805 91.179926 -0.025342 0.997000 0.073135 3.242491 -0.900122 -0.054584 0.432204 69.810686
0.441415 -0.046608 0.896092 91.871232 -0.030240 0.997310 0.066769 3.280103 -0.896793 -0.056571 0.438818 70.147493
0.444303 -0.040609 0.894956 92.536590 -0.031447 0.997650 0.060881 3.318004 -0.895324 -0.055193 0.441982 70.521551
0.448218 -0.041246 0.892972 93.204682 -0.028438 0.997771 0.060361 3.356565 -0.893472 -0.052450 0.446047 70.866535
0.453832 -0.039149 0.890227 93.883844 -0.026852 0.997980 0.057576 3.383675 -0.890683 -0.050034 0.451864 71.198374
0.457270 -0.033993 0.888678 94.523608 -0.026635 0.998297 0.051892 3.429533 -0.888929 -0.047398 0.455586 71.536246
0.460792 -0.030873 0.886971 95.169190 -0.029372 0.998317 0.050008 3.474690 -0.887022 -0.049095 0.459110 71.888233
0.464145 -0.032068 0.885179 95.826831 -0.031418 0.998120 0.052633 3.503104 -0.885202 -0.052240 0.462264 72.221515
0.469162 -0.031569 0.882548 96.463307 -0.034245 0.997959 0.053902 3.529023 -0.882448 -0.055512 0.467123 72.524228
0.472823 -0.031058 0.880610 97.091885 -0.034467 0.997962 0.053703 3.581422 -0.880483 -0.055744 0.470789 72.880583
0.476513 -0.029217 0.878682 97.685546 -0.034430 0.998061 0.051857 3.601275 -0.878493 -0.054963 0.474583 73.192581
0.479468 -0.028380 0.877101 98.286324 -0.034657 0.998085 0.051240 3.610830 -0.876875 -0.054966 0.477566 73.506785
0.482581 -0.030257 0.875329 98.886132 -0.034648 0.997961 0.053598 3.623839 -0.875166 -0.056194 0.480549 73.813258
0.483180 -0.032620 0.874913 99.461480 -0.034331 0.997831 0.056163 3.636984 -0.874848 -0.057173 0.481012 74.142201
0.483401 -0.030492 0.874868 100.026357 -0.033856 0.997994 0.053490 3.682071 -0.874744 -0.055476 0.481399 74.470918
0.486134 -0.031097 0.873331 100.598923 -0.033970 0.997939 0.054443 3.714728 -0.873224 -0.056134 0.484076 74.769503
0.488310 -0.028201 0.872215 101.138465 -0.035136 0.998032 0.051940 3.714272 -0.871963 -0.056009 0.486358 75.100620
0.492155 -0.031026 0.869955 101.688109 -0.031947 0.998048 0.053668 3.740657 -0.869921 -0.054206 0.490203 75.382465
0.495396 -0.032378 0.868064 102.229295 -0.031391 0.997985 0.055139 3.760260 -0.868100 -0.054565 0.493382 75.678624
0.497271 -0.034529 0.866908 102.747476 -0.030890 0.997870 0.057464 3.779531 -0.867045 -0.055354 0.495145 75.992575
0.498638 -0.035835 0.866070 103.257339 -0.029499 0.997865 0.058272 3.817850 -0.866308 -0.054605 0.496516 76.307359
0.502991 -0.037915 0.863459 103.774000 -0.027909 0.997804 0.060071 3.851395 -0.863841 -0.054313 0.500829 76.590556
0.507731 -0.037831 0.860685 104.285340 -0.028618 0.997743 0.060738 3.874278 -0.861040 -0.055469 0.505502 76.876177
0.511527 -0.037855 0.858433 104.788417 -0.027903 0.997770 0.060627 3.898058 -0.858814 -0.054965 0.509331 77.163615
0.514851 -0.037334 0.856466 105.279680 -0.026968 0.997851 0.059709 3.932979 -0.856855 -0.053839 0.512738 77.467027
0.517014 -0.039107 0.855083 105.770776 -0.024086 0.997896 0.060202 3.966179 -0.855638 -0.051721 0.514984 77.773730
0.522613 -0.036409 0.851792 106.270730 -0.023168 0.998112 0.056878 3.982058 -0.852255 -0.049460 0.520783 78.060190
0.527795 -0.030401 0.848828 106.745091 -0.023815 0.998437 0.050567 3.971366 -0.849038 -0.046904 0.526246 78.366935
0.531217 -0.024661 0.846877 107.206650 -0.021425 0.998866 0.042527 3.998180 -0.846965 -0.040735 0.530086 78.713536
0.537093 -0.019306 0.843302 107.670248 -0.021066 0.999119 0.036290 4.006061 -0.843260 -0.037257 0.536214 79.044468
0.543539 -0.014556 0.839258 108.144910 -0.022129 0.999254 0.031663 4.003337 -0.839092 -0.035782 0.542811 79.374727
0.546979 -0.011028 0.837073 108.615510 -0.025333 0.999237 0.029718 4.017860 -0.836763 -0.037461 0.546283 79.728064
0.549886 -0.005858 0.835219 109.081093 -0.031179 0.999134 0.027535 4.050278 -0.834657 -0.041182 0.549228 80.109571
0.557652 -0.001858 0.830073 109.585325 -0.038220 0.998879 0.027913 4.083370 -0.829194 -0.047291 0.556956 80.457014
0.564481 0.005659 0.825427 110.110044 -0.048444 0.998480 0.026283 4.068361 -0.824024 -0.054823 0.563897 80.794534
0.571922 0.008579 0.820263 110.626230 -0.052763 0.998259 0.026348 4.073848 -0.818610 -0.058349 0.571379 81.158207
0.578827 0.014045 0.815329 111.135097 -0.053925 0.998322 0.021086 4.087328 -0.813665 -0.056172 0.578614 81.531853
0.584988 0.016701 0.810870 111.641837 -0.053336 0.998416 0.017914 4.102936 -0.809286 -0.053728 0.584952 81.932579
0.590445 0.020689 0.806813 112.152112 -0.054532 0.998410 0.014306 4.093395 -0.805234 -0.052444 0.590634 82.346398
0.597779 0.021706 0.801367 112.700181 -0.052668 0.998537 0.012242 4.118252 -0.799929 -0.049524 0.598048 82.745622
0.603160 0.026274 0.797187 113.226780 -0.056070 0.998381 0.009519 4.116474 -0.795647 -0.050440 0.603657 83.197590
0.608613 0.030730 0.792872 113.774715 -0.058827 0.998247 0.006465 4.127973 -0.791283 -0.050577 0.609354 83.644881
0.616380 0.030791 0.786847 114.333667 -0.060716 0.998119 0.008503 4.114123 -0.785105 -0.053016 0.617090 84.103175
0.623718 0.028954 0.781113 114.880433 -0.059653 0.998163 0.010634 4.138936 -0.779370 -0.053228 0.624299 84.591462
0.631294 0.029289 0.774990 115.453638 -0.059569 0.998166 0.010800 4.137628 -0.773252 -0.052983 0.631881 85.064711
0.639545 0.034929 0.767960 116.034089 -0.063619 0.997945 0.007592 4.136121 -0.766117 -0.053713 0.640453 85.540476
0.647554 0.037463 0.761098 116.616609 -0.065744 0.997813 0.006821 4.115053 -0.759179 -0.054454 0.648600 86.039194
0.654421 0.037665 0.755192 117.180833 -0.065029 0.997862 0.006583 4.120133 -0.753329 -0.053418 0.655471 86.580808
0.656219 0.037511 0.753637 117.716534 -0.065479 0.997827 0.007349 4.123825 -0.751724 -0.054170 0.657249 87.170006
0.657573 0.036349 0.752513 118.277045 -0.065716 0.997796 0.009228 4.109784 -0.750519 -0.055520 0.658512 87.752064
0.664389 0.031834 0.746709 118.945575 -0.061363 0.998043 0.012049 4.131243 -0.744864 -0.053825 0.665042 88.256821
0.667621 0.027975 0.743975 119.545419 -0.059844 0.998077 0.016172 4.114111 -0.742092 -0.055319 0.668012 88.798677
0.670563 0.020343 0.741574 120.204639 -0.055517 0.998197 0.022818 4.123757 -0.739772 -0.056471 0.670483 89.341141
0.672965 0.015482 0.739512 120.832797 -0.053408 0.998188 0.027704 4.150951 -0.737744 -0.058139 0.672573 89.927395
0.675434 0.009305 0.737362 121.461164 -0.050823 0.998130 0.033958 4.179146 -0.735667 -0.060411 0.674644 90.500771
0.679471 0.009362 0.733643 122.119606 -0.051036 0.998100 0.034531 4.207836 -0.731925 -0.060905 0.678658 91.062793
0.683461 0.010539 0.729911 122.754385 -0.050338 0.998196 0.032722 4.232011 -0.728249 -0.059106 0.682759 91.649464
0.686398 0.015830 0.727053 123.381879 -0.052239 0.998254 0.027584 4.263575 -0.725347 -0.056914 0.686026 92.286143
0.690251 0.020041 0.723293 124.010990 -0.055291 0.998155 0.025109 4.290617 -0.721455 -0.057323 0.690085 92.886115
0.693971 0.019659 0.719735 124.661758 -0.058175 0.997890 0.028836 4.297135 -0.717649 -0.061882 0.693650 93.496247
0.694208 0.023987 0.719374 125.278442 -0.064881 0.997461 0.029352 4.333101 -0.716844 -0.067050 0.694002 94.152279
0.695584 0.022343 0.718097 125.887075 -0.068291 0.997047 0.035128 4.352372 -0.715192 -0.073474 0.695056 94.820633
0.702384 0.019956 0.711518 126.542616 -0.068243 0.996890 0.039407 4.373204 -0.708519 -0.076235 0.701562 95.438758
0.705930 0.013361 0.708155 127.181870 -0.061944 0.997156 0.042935 4.394396 -0.705567 -0.074175 0.704750 96.077892
0.709900 0.003792 0.704292 127.802248 -0.049792 0.997754 0.044817 4.440005 -0.702540 -0.066884 0.708494 96.723802
0.712943 -0.000173 0.701222 128.421929 -0.040397 0.998329 0.041318 4.488310 -0.700058 -0.057785 0.711745 97.400125
0.719309 -0.002303 0.694687 129.061777 -0.036945 0.998453 0.041564 4.496689 -0.693707 -0.055562 0.718111 98.028071
0.723629 -0.004269 0.690176 129.672747 -0.037302 0.998277 0.045285 4.535116 -0.689181 -0.058515 0.722223 98.717917
0.731092 -0.009268 0.682216 130.320582 -0.036529 0.997942 0.052704 4.537776 -0.681300 -0.063453 0.729249 99.382318
0.735022 -0.013896 0.677900 130.926762 -0.031680 0.997994 0.054807 4.590368 -0.677302 -0.061760 0.733108 100.080323
0.735741 -0.016175 0.677070 131.500485 -0.026483 0.998263 0.052626 4.620325 -0.676745 -0.056650 0.734035 100.808355
0.737531 -0.016628 0.675109 132.073883 -0.024950 0.998343 0.051847 4.652618 -0.674853 -0.055082 0.735894 101.538945
0.739741 -0.017847 0.672655 132.682694 -0.024605 0.998262 0.053545 4.687098 -0.672442 -0.056160 0.738016 102.254824
0.744345 -0.021111 0.667461 133.342439 -0.024323 0.997980 0.058689 4.731975 -0.667352 -0.059919 0.742328 102.924137
0.746499 -0.023947 0.664955 133.999510 -0.024448 0.997690 0.063375 4.774351 -0.664937 -0.063566 0.744189 103.623671
0.743539 -0.026500 0.668167 134.579632 -0.024876 0.997427 0.067241 4.824616 -0.668230 -0.066618 0.740966 104.341082
0.743060 -0.026991 0.668680 135.194608 -0.025851 0.997283 0.068982 4.873151 -0.668725 -0.068543 0.740344 105.055161
0.743585 -0.025673 0.668148 135.840421 -0.027784 0.997213 0.069238 4.930291 -0.668064 -0.070048 0.740799 105.742744
0.743523 -0.024487 0.668262 136.470982 -0.027783 0.997335 0.067456 4.979847 -0.668133 -0.068721 0.740861 106.452930
0.743422 -0.019631 0.668534 137.134610 -0.030724 0.997512 0.063456 5.026311 -0.668117 -0.067715 0.740969 107.153983
0.740487 -0.014999 0.671903 137.735186 -0.033251 0.997709 0.058917 5.069572 -0.671247 -0.065969 0.738292 107.855081
0.739155 -0.010596 0.673452 138.348965 -0.036831 0.997744 0.056123 5.114392 -0.672527 -0.066288 0.737098 108.560686
0.736759 -0.010338 0.676077 138.991338 -0.037157 0.997753 0.055749 5.172141 -0.675134 -0.066195 0.734719 109.263356
0.734511 -0.010734 0.678512 139.619755 -0.036698 0.997783 0.055512 5.236155 -0.677604 -0.065674 0.732489 109.959352
0.732989 -0.009900 0.680169 140.285554 -0.038904 0.997647 0.056446 5.292487 -0.679127 -0.067835 0.730879 110.607225
0.729520 -0.015401 0.683786 140.921519 -0.036372 0.997458 0.061270 5.327215 -0.682992 -0.069568 0.727105 111.289805
0.726658 -0.014502 0.686847 141.549315 -0.034129 0.997781 0.057174 5.351172 -0.686151 -0.064988 0.724550 111.958475
0.723804 -0.008801 0.689950 142.176307 -0.032293 0.998391 0.046613 5.384955 -0.689250 -0.056019 0.722355 112.621470
0.721045 -0.006477 0.692858 142.842942 -0.029615 0.998754 0.040156 5.422309 -0.692255 -0.049473 0.719955 113.255565
0.718468 -0.004567 0.695545 143.508059 -0.033647 0.998580 0.041313 5.460026 -0.694746 -0.053085 0.717294 113.911704
0.716182 -0.002311 0.697910 144.148894 -0.038723 0.998323 0.043043 5.489633 -0.696839 -0.057852 0.714891 114.555368
0.713632 -0.000736 0.700520 144.808239 -0.042637 0.998100 0.044483 5.525263 -0.699222 -0.061613 0.712245 115.214158
0.709758 0.000162 0.704445 145.425178 -0.042637 0.998176 0.042729 5.569159 -0.703154 -0.060363 0.708471 115.855798
0.706835 -0.002244 0.707375 146.069947 -0.040763 0.998204 0.043899 5.606946 -0.706203 -0.059864 0.705474 116.492082
0.701641 -0.004787 0.712515 146.698132 -0.036072 0.998457 0.042230 5.659442 -0.711617 -0.055332 0.700385 117.158465
0.698435 -0.008517 0.715623 147.349961 -0.031203 0.998616 0.042339 5.698003 -0.714993 -0.051901 0.697202 117.774599
0.697655 -0.011675 0.716339 148.026834 -0.027235 0.998712 0.042801 5.719584 -0.715916 -0.049370 0.696439 118.343655
0.693294 -0.010107 0.720584 148.667815 -0.029134 0.998691 0.042038 5.739105 -0.720066 -0.050138 0.692092 118.970668
0.688807 -0.008916 0.724890 149.308394 -0.030360 0.998692 0.041132 5.769325 -0.724309 -0.050340 0.687636 119.603321
0.682182 -0.010488 0.731107 149.962958 -0.028706 0.998742 0.041112 5.800764 -0.730619 -0.049033 0.681023 120.228746
0.676518 -0.006791 0.736395 150.630929 -0.030627 0.998833 0.037347 5.831161 -0.735789 -0.047819 0.675521 120.828214
0.670490 -0.002933 0.741912 151.302830 -0.027564 0.999203 0.028860 5.883809 -0.741406 -0.039800 0.669876 121.432941
0.665711 -0.000283 0.746210 151.990304 -0.025998 0.999384 0.023572 5.896221 -0.745757 -0.035092 0.665293 122.019233
0.657904 -0.000799 0.753101 152.665955 -0.023529 0.999489 0.021614 5.914228 -0.752734 -0.031940 0.657550 122.644909
0.651891 -0.000721 0.758312 153.361376 -0.029781 0.999204 0.026551 5.929947 -0.757727 -0.039892 0.651351 123.242662
0.647292 0.002882 0.762236 154.086916 -0.039799 0.998757 0.030021 5.960319 -0.761202 -0.049769 0.646602 123.829119
0.639950 0.001411 0.768415 154.809740 -0.044403 0.998395 0.035147 5.968572 -0.767133 -0.056612 0.638985 124.417198
0.631994 0.005953 0.774950 155.531793 -0.048916 0.998283 0.032223 6.002916 -0.773428 -0.058273 0.631200 125.012545
0.623673 0.003403 0.781678 156.263196 -0.044369 0.998532 0.031053 6.043699 -0.780425 -0.054049 0.622908 125.606678
0.617170 -0.001046 0.786829 157.027060 -0.039391 0.998704 0.032225 6.053217 -0.785843 -0.050882 0.616329 126.184582
0.610226 -0.003739 0.792218 157.758178 -0.029631 0.999181 0.027540 6.062945 -0.791673 -0.040280 0.609616 126.738938
0.601628 -0.008045 0.798736 158.482139 -0.024337 0.999300 0.028397 6.089333 -0.798405 -0.036524 0.601012 127.320387
0.595016 -0.011907 0.803626 159.276440 -0.024778 0.999143 0.033150 6.102596 -0.803332 -0.039637 0.594211 127.878973
0.587293 -0.016459 0.809207 160.029120 -0.024271 0.998985 0.037933 6.146961 -0.809011 -0.041918 0.586297 128.424968
0.580595 -0.015276 0.814049 160.793344 -0.025702 0.998982 0.037077 6.182385 -0.813787 -0.042450 0.579611 128.937910
0.573544 -0.013632 0.819061 161.551738 -0.026868 0.999011 0.035441 6.195412 -0.818734 -0.042334 0.572611 129.469585
0.568748 -0.018080 0.822313 162.331592 -0.023628 0.998987 0.038306 6.243070 -0.822173 -0.041217 0.567744 129.970403
0.561844 -0.022594 0.826935 163.063137 -0.024221 0.998749 0.043746 6.289836 -0.826889 -0.044608 0.560594 130.521279
0.558590 -0.024678 0.829077 163.838134 -0.025874 0.998552 0.047155 6.305372 -0.829041 -0.047792 0.557142 130.987106
0.553915 -0.023823 0.832232 164.568508 -0.028212 0.998479 0.047359 6.329929 -0.832095 -0.049712 0.552401 131.507049
0.550878 -0.024164 0.834236 165.316848 -0.025747 0.998613 0.045927 6.360856 -0.834188 -0.046780 0.549492 131.969543
0.547689 -0.024818 0.836314 166.065841 -0.022142 0.998780 0.044139 6.389424 -0.836389 -0.042692 0.546471 132.457727
0.543468 -0.023035 0.839114 166.763892 -0.018214 0.999065 0.039222 6.414854 -0.839232 -0.036599 0.542540 132.941779
