0.999999 0.000337 0.001257 0.000000 -0.000335 1.000000 -0.000841 0.000000 -0.001257 0.000840 0.999999 0.000000
0.999996 0.000211 0.002805 0.000000 -0.000210 1.000000 -0.000323 0.000000 -0.002805 0.000322 0.999996 0.000000
0.999990 -0.000384 0.004398 -0.050755 0.000384 1.000000 -0.000131 -0.054899 -0.004398 0.000133 0.999990 3.376563
0.999974 -0.000506 0.007166 -0.075293 0.000510 1.000000 -0.000571 -0.068627 -0.007165 0.000575 0.999974 4.568305
0.999966 -0.001402 0.008102 -0.095758 0.001405 0.999999 -0.000308 -0.104997 -0.008102 0.000319 0.999967 5.762981
0.999961 -0.000004 0.008858 -0.088058 0.000015 0.999999 -0.001244 -0.129278 -0.008858 0.001244 0.999960 6.953605
0.999948 -0.001232 0.010133 -0.108344 0.001251 0.999998 -0.001827 -0.153188 -0.010131 0.001839 0.999947 8.146235
0.999943 -0.000688 0.010635 -0.119069 0.000693 1.000000 -0.000412 -0.173751 -0.010635 0.000419 0.999943 9.337782
0.999968 -0.002284 0.007641 -0.064155 0.002272 0.999996 0.001610 -0.237570 -0.007644 -0.001593 0.999970 10.526774
0.999983 -0.001738 0.005476 -0.036949 0.001736 0.999998 0.000415 -0.244692 -0.005477 -0.000406 0.999985 11.718363
0.999993 -0.001735 0.003257 -0.053360 0.001734 0.999998 0.000290 -0.277962 -0.003258 -0.000284 0.999995 12.910277
0.999998 -0.001754 0.000098 -0.031309 0.001754 0.999998 -0.000084 -0.296084 -0.000098 0.000084 1.000000 14.101912
0.999999 -0.000412 -0.000962 -0.041268 0.000411 1.000000 -0.000401 -0.315729 0.000962 0.000400 0.999999 15.295265
0.999998 -0.000613 -0.001979 -0.045693 0.000613 1.000000 -0.000145 -0.346248 0.001979 0.000144 0.999998 16.486236
0.999993 -0.001738 -0.003228 -0.057812 0.001740 0.999998 0.000706 -0.376442 0.003227 -0.000712 0.999995 17.679623
0.999990 -0.002340 -0.003885 -0.075837 0.002343 0.999997 0.000780 -0.402835 0.003884 -0.000789 0.999992 18.875148
0.999987 -0.002352 -0.004444 -0.113619 0.002353 0.999997 0.000139 -0.439915 0.004444 -0.000150 0.999990 20.067923
0.999985 -0.002704 -0.004796 -0.132989 0.002701 0.999996 -0.000763 -0.460519 0.004799 0.000750 0.999988 21.262473
0.999985 -0.002478 -0.004909 -0.181498 0.002476 0.999997 -0.000529 -0.481839 0.004911 0.000517 0.999988 22.455881
0.999986 -0.002052 -0.004783 -0.248520 0.002050 0.999998 -0.000454 -0.505332 0.004783 0.000444 0.999988 23.648362
0.999975 -0.002427 -0.006680 -0.198779 0.002418 0.999996 -0.001311 -0.523407 0.006683 0.001295 0.999977 24.841550
0.999978 -0.002739 -0.006077 -0.286662 0.002736 0.999996 -0.000360 -0.565017 0.006078 0.000343 0.999981 26.034301
0.999967 -0.004185 -0.006930 -0.299204 0.004195 0.999990 0.001426 -0.590182 0.006924 -0.001455 0.999975 27.232997
0.999982 -0.001643 -0.005774 -0.308304 0.001649 0.999998 0.001020 -0.603104 0.005772 -0.001029 0.999983 28.428743
0.999975 -0.000758 -0.006996 -0.285052 0.000759 1.000000 0.000154 -0.621616 0.006996 -0.000159 0.999976 29.620025
0.999967 -0.000537 -0.008160 -0.282543 0.000530 1.000000 -0.000843 -0.639524 0.008161 0.000839 0.999966 30.820020
0.999946 0.000393 -0.010354 -0.260213 -0.000402 0.999999 -0.000935 -0.655646 0.010354 0.000939 0.999946 32.024244
0.999961 -0.001398 -0.008736 -0.333552 0.001392 0.999999 -0.000724 -0.682669 0.008737 0.000712 0.999962 33.210544
0.999954 -0.001142 -0.009502 -0.342378 0.001139 0.999999 -0.000358 -0.706603 0.009502 0.000347 0.999955 34.405430
0.999949 -0.000880 -0.010024 -0.363902 0.000867 0.999999 -0.001333 -0.694628 0.010025 0.001324 0.999949 35.603497
0.999922 0.000055 -0.012503 -0.315971 -0.000076 0.999999 -0.001625 -0.730467 0.012503 0.001626 0.999921 36.799339
0.999902 -0.001436 -0.013912 -0.306084 0.001443 0.999999 0.000522 -0.806749 0.013911 -0.000542 0.999903 37.995090
0.999882 -0.001162 -0.015308 -0.318109 0.001185 0.999998 0.001454 -0.833600 0.015306 -0.001472 0.999882 39.193936
0.999870 -0.001855 -0.015987 -0.355582 0.001883 0.999997 0.001740 -0.853967 0.015984 -0.001770 0.999871 40.390745
0.999826 -0.000633 -0.018656 -0.323321 0.000657 0.999999 0.001272 -0.874806 0.018655 -0.001284 0.999825 41.587026
0.999833 -0.000364 -0.018261 -0.376428 0.000393 0.999999 0.001559 -0.908149 0.018260 -0.001566 0.999832 42.783196
0.999821 0.003591 -0.018582 -0.356689 -0.003539 0.999990 0.002823 -0.916255 0.018592 -0.002757 0.999823 43.983369
0.999879 0.003611 -0.015116 -0.432798 -0.003496 0.999965 0.007637 -0.978933 0.015143 -0.007583 0.999857 45.179802
0.999920 0.005253 -0.011544 -0.460611 -0.005140 0.999939 0.009790 -0.987156 0.011595 -0.009730 0.999885 46.380342
0.999940 0.005716 -0.009323 -0.508934 -0.005594 0.999899 0.013086 -1.003436 0.009397 -0.013033 0.999871 47.584926
0.999944 0.007391 -0.007579 -0.519106 -0.007287 0.999879 0.013736 -0.988962 0.007680 -0.013680 0.999877 48.788090
0.999964 0.005396 -0.006477 -0.546733 -0.005312 0.999902 0.012951 -1.015099 0.006547 -0.012916 0.999895 49.986587
0.999954 0.007520 -0.006025 -0.552188 -0.007453 0.999910 0.011123 -1.016513 0.006108 -0.011078 0.999920 51.187858
0.999940 0.009511 -0.005353 -0.560179 -0.009460 0.999912 0.009339 -0.995163 0.005441 -0.009288 0.999942 52.389125
0.999935 0.009778 -0.005792 -0.562696 -0.009726 0.999912 0.008994 -1.016231 0.005880 -0.008937 0.999943 53.594548
0.999937 0.009034 -0.006622 -0.555850 -0.008980 0.999927 0.008095 -1.023083 0.006694 -0.008035 0.999945 54.798683
0.999949 0.007950 -0.006280 -0.625713 -0.007892 0.999926 0.009287 -1.061756 0.006353 -0.009237 0.999937 56.001351
0.999941 0.008266 -0.007078 -0.657356 -0.008192 0.999913 0.010317 -1.084598 0.007163 -0.010258 0.999922 57.208537
0.999936 0.007896 -0.008157 -0.668413 -0.007809 0.999912 0.010692 -1.101419 0.008240 -0.010627 0.999910 58.413531
0.999958 0.006784 -0.006170 -0.741891 -0.006718 0.999921 0.010584 -1.125583 0.006241 -0.010542 0.999925 59.617351
0.999927 0.010645 -0.005763 -0.702061 -0.010597 0.999909 0.008343 -1.088834 0.005851 -0.008281 0.999949 60.820014
0.999965 0.007650 -0.003486 -0.741807 -0.007626 0.999947 0.006909 -1.100954 0.003539 -0.006882 0.999970 62.023186
0.999984 0.005595 -0.000843 -0.843623 -0.005589 0.999965 0.006211 -1.140974 0.000878 -0.006206 0.999980 63.220362
0.999990 0.004363 -0.001139 -0.869552 -0.004354 0.999960 0.007867 -1.174463 0.001173 -0.007862 0.999968 64.420031
0.999993 0.003620 -0.001314 -0.889131 -0.003607 0.999947 0.009630 -1.199085 0.001349 -0.009625 0.999953 65.622822
0.999995 0.003140 -0.000735 -0.961705 -0.003133 0.999947 0.009849 -1.249514 0.000765 -0.009847 0.999951 66.817139
0.999992 0.004025 -0.000413 -0.942710 -0.004021 0.999955 0.008608 -1.261691 0.000448 -0.008606 0.999963 68.010786
0.999981 0.006080 -0.000369 -0.960120 -0.006077 0.999943 0.008831 -1.270414 0.000423 -0.008828 0.999961 69.205286
0.999972 0.007441 0.000093 -0.991030 -0.007442 0.999933 0.008862 -1.281977 -0.000027 -0.008863 0.999961 70.396155
0.999958 0.008960 -0.001834 -0.966450 -0.008941 0.999908 0.010217 -1.299363 0.001926 -0.010200 0.999946 71.586033
0.999951 0.008270 0.005403 -1.049148 -0.008334 0.999894 0.011901 -1.332306 -0.005304 -0.011946 0.999915 72.769262
0.999921 0.009320 0.008443 -1.101050 -0.009428 0.999873 0.012813 -1.350417 -0.008323 -0.012892 0.999882 73.953640
0.999920 0.008633 0.009232 -1.072563 -0.008740 0.999893 0.011701 -1.364515 -0.009130 -0.011780 0.999889 75.131537
0.999908 0.006058 0.012169 -1.068280 -0.006135 0.999961 0.006337 -1.367227 -0.012130 -0.006411 0.999906 76.306947
0.999850 0.008640 0.015026 -1.070899 -0.008721 0.999948 0.005336 -1.385249 -0.014980 -0.005467 0.999873 77.482528
0.999811 0.007712 0.017826 -1.071275 -0.007873 0.999929 0.008983 -1.409198 -0.017755 -0.009122 0.999801 78.660805
0.999722 0.008160 0.022128 -1.077187 -0.008391 0.999911 0.010368 -1.420472 -0.022041 -0.010551 0.999701 79.834736
0.999624 0.008080 0.026217 -1.055830 -0.008305 0.999929 0.008487 -1.430644 -0.026146 -0.008702 0.999620 81.000735
0.999478 0.006289 0.031701 -1.063100 -0.006495 0.999959 0.006385 -1.449356 -0.031659 -0.006588 0.999477 82.165347
0.999440 0.004444 0.033177 -1.020804 -0.004551 0.999985 0.003173 -1.474895 -0.033162 -0.003322 0.999444 83.323487
0.999327 0.003742 0.036504 -0.988775 -0.003830 0.999990 0.002341 -1.501512 -0.036495 -0.002479 0.999331 84.482544
0.999174 0.001757 0.040603 -0.970679 -0.001896 0.999992 0.003378 -1.495928 -0.040597 -0.003452 0.999170 85.642285
0.999065 0.003596 0.043090 -0.922759 -0.003759 0.999986 0.003700 -1.516369 -0.043076 -0.003859 0.999064 86.795720
0.998876 0.003618 0.047262 -0.901365 -0.003722 0.999991 0.002115 -1.547939 -0.047254 -0.002288 0.998880 87.948357
0.998677 0.003712 0.051287 -0.849309 -0.003676 0.999993 -0.000781 -1.549892 -0.051289 0.000591 0.998684 89.097392
0.998497 0.004196 0.054645 -0.820686 -0.004154 0.999991 -0.000888 -1.588073 -0.054648 0.000659 0.998505 90.247300
0.998359 0.002766 0.057204 -0.761024 -0.002803 0.999996 0.000564 -1.616390 -0.057203 -0.000723 0.998362 91.399487
0.998232 0.002929 0.059371 -0.664266 -0.003054 0.999993 0.002011 -1.632713 -0.059365 -0.002188 0.998234 92.551116
0.998085 0.001993 0.061832 -0.604317 -0.002238 0.999990 0.003894 -1.662001 -0.061823 -0.004025 0.998079 93.706196
0.998027 -0.000134 0.062791 -0.509491 -0.000187 0.999987 0.005108 -1.686413 -0.062791 -0.005110 0.998014 94.858869
0.997925 -0.001527 0.064364 -0.458924 0.001307 0.999993 0.003463 -1.713715 -0.064369 -0.003372 0.997920 96.011636
0.997703 -0.002810 0.067678 -0.417205 0.002839 0.999996 -0.000330 -1.725952 -0.067677 0.000521 0.997707 97.170262
0.997629 -0.002544 0.068774 -0.328032 0.002762 0.999991 -0.003084 -1.753427 -0.068765 0.003267 0.997628 98.327249
0.997319 -0.001872 0.073158 -0.312006 0.002212 0.999987 -0.004562 -1.755580 -0.073149 0.004711 0.997310 99.496462
0.997309 -0.001695 0.073291 -0.280841 0.001952 0.999992 -0.003434 -1.802336 -0.073285 0.003568 0.997305 100.671409
0.997367 -0.001638 0.072502 -0.225129 0.001744 0.999997 -0.001402 -1.835131 -0.072499 0.001524 0.997367 101.852051
0.997410 -0.002170 0.071900 -0.204490 0.002157 0.999998 0.000260 -1.861457 -0.071900 -0.000104 0.997412 103.037470
0.997599 -0.001747 0.069236 -0.126097 0.001630 0.999997 0.001734 -1.900959 -0.069239 -0.001617 0.997599 104.227178
0.997793 -0.000951 0.066400 -0.048682 0.000828 0.999998 0.001875 -1.912980 -0.066401 -0.001816 0.997791 105.424013
0.997808 -0.000028 0.066174 -0.099016 -0.000032 1.000000 0.000910 -1.918112 -0.066174 -0.000910 0.997808 106.623606
0.998061 0.000746 0.062245 -0.042340 -0.000784 1.000000 0.000586 -1.942765 -0.062245 -0.000633 0.998061 107.827824
0.998383 0.000389 0.056840 0.042597 -0.000433 1.000000 0.000759 -1.962723 -0.056839 -0.000782 0.998383 109.032382
0.998599 0.001579 0.052888 0.078601 -0.001662 0.999997 0.001525 -1.983937 -0.052885 -0.001611 0.998599 110.245564
0.998836 0.001626 0.048198 0.147882 -0.001763 0.999994 0.002809 -2.004595 -0.048193 -0.002891 0.998834 111.459839
0.999049 0.001194 0.043582 0.165090 -0.001361 0.999992 0.003798 -2.039032 -0.043577 -0.003853 0.999043 112.676221
0.999342 0.000790 0.036269 0.237332 -0.000935 0.999992 0.004003 -2.061590 -0.036266 -0.004035 0.999334 113.893109
0.999508 0.001077 0.031356 0.269413 -0.001200 0.999992 0.003902 -2.087338 -0.031351 -0.003938 0.999501 115.113091
0.999641 0.001855 0.026712 0.285187 -0.001942 0.999993 0.003204 -2.088920 -0.026706 -0.003255 0.999638 116.336555
0.999760 0.002508 0.021773 0.229648 -0.002579 0.999991 0.003251 -2.129750 -0.021765 -0.003306 0.999758 117.560602
0.999777 0.003583 0.020826 0.179298 -0.003684 0.999982 0.004832 -2.181860 -0.020808 -0.004907 0.999771 118.787150
0.999801 0.005355 0.019227 0.172114 -0.005447 0.999974 0.004735 -2.200170 -0.019201 -0.004839 0.999804 120.018895
0.999848 0.006012 0.016375 0.223886 -0.006092 0.999970 0.004817 -2.225723 -0.016346 -0.004916 0.999854 121.247827
0.999866 0.008030 0.014275 0.267732 -0.008095 0.999957 0.004502 -2.229592 -0.014238 -0.004617 0.999888 122.488518
0.999865 0.009083 0.013711 0.261692 -0.009152 0.999946 0.004945 -2.235619 -0.013665 -0.005070 0.999894 123.729357
0.999882 0.008781 0.012630 0.274408 -0.008851 0.999946 0.005433 -2.251154 -0.012582 -0.005544 0.999905 124.970771
0.999836 0.014183 0.011292 0.292876 -0.014253 0.999880 0.006086 -2.249093 -0.011204 -0.006246 0.999918 126.217096
0.999828 0.015422 0.010321 0.305617 -0.015519 0.999836 0.009348 -2.257078 -0.010175 -0.009507 0.999903 127.467342
0.999843 0.014910 0.009565 0.328740 -0.014993 0.999849 0.008731 -2.252807 -0.009433 -0.008873 0.999916 128.717068
0.999844 0.015093 0.009200 0.347720 -0.015163 0.999856 0.007594 -2.272831 -0.009084 -0.007733 0.999929 129.967195
0.999891 0.012006 0.008622 0.341035 -0.012077 0.999893 0.008231 -2.271287 -0.008522 -0.008334 0.999929 131.222885
0.999921 0.009753 0.007965 0.340900 -0.009830 0.999904 0.009783 -2.276421 -0.007869 -0.009860 0.999920 132.480981
0.999952 0.006003 0.007742 0.336160 -0.006092 0.999916 0.011474 -2.288946 -0.007672 -0.011520 0.999904 133.743517
0.999960 0.005032 0.007369 0.353082 -0.005124 0.999907 0.012618 -2.295045 -0.007305 -0.012656 0.999893 135.006983
0.999973 0.000588 0.007298 0.366995 -0.000668 0.999939 0.010986 -2.304626 -0.007291 -0.010990 0.999913 136.270324
0.999969 -0.001442 0.007712 0.353591 0.001368 0.999954 0.009512 -2.304313 -0.007725 -0.009501 0.999925 137.537322
0.999969 -0.001935 0.007631 0.388659 0.001864 0.999955 0.009340 -2.318121 -0.007649 -0.009325 0.999927 138.804267
0.999965 -0.001928 0.008181 0.373652 0.001852 0.999954 0.009385 -2.325531 -0.008199 -0.009369 0.999922 140.078224
0.999975 -0.001748 0.006830 0.400500 0.001667 0.999927 0.011940 -2.353016 -0.006850 -0.011928 0.999905 141.353300
0.999966 0.001727 0.008107 0.383426 -0.001835 0.999910 0.013290 -2.363862 -0.008083 -0.013305 0.999879 142.627625
0.999940 0.000353 0.010993 0.281091 -0.000491 0.999920 0.012606 -2.420423 -0.010988 -0.012611 0.999860 143.895271
0.999949 -0.000350 0.010088 0.303151 0.000245 0.999946 0.010423 -2.416586 -0.010091 -0.010420 0.999895 145.166399
0.999935 0.000075 0.011358 0.302495 -0.000159 0.999973 0.007363 -2.421487 -0.011357 -0.007365 0.999908 146.436568
0.999930 -0.001048 0.011781 0.291508 0.001008 0.999994 0.003397 -2.440239 -0.011784 -0.003385 0.999925 147.703802
0.999923 -0.001163 0.012349 0.280720 0.001165 0.999999 -0.000160 -2.454597 -0.012349 0.000174 0.999924 148.969947
0.999922 -0.001598 0.012351 0.285653 0.001610 0.999998 -0.000944 -2.484607 -0.012350 0.000964 0.999923 150.235452
0.999924 -0.001946 0.012207 0.277871 0.001953 0.999998 -0.000591 -2.516495 -0.012206 0.000614 0.999925 151.499362
0.999910 -0.000890 0.013424 0.258921 0.000894 1.000000 -0.000272 -2.550084 -0.013423 0.000284 0.999910 152.767876
0.999926 -0.000470 0.012123 0.260121 0.000455 0.999999 0.001256 -2.580969 -0.012124 -0.001250 0.999926 154.031476
0.999931 0.001650 0.011664 0.329780 -0.001668 0.999998 0.001478 -2.589938 -0.011661 -0.001497 0.999931 155.294976
0.999932 0.001603 0.011513 0.307588 -0.001607 0.999999 0.000340 -2.600101 -0.011513 -0.000358 0.999934 156.558760
0.999942 0.000766 0.010760 0.297204 -0.000770 1.000000 0.000365 -2.624073 -0.010759 -0.000373 0.999942 157.819816
0.999951 0.001162 0.009852 0.319904 -0.001176 0.999998 0.001377 -2.639907 -0.009850 -0.001388 0.999951 159.084343
0.999949 0.001982 0.009945 0.300210 -0.002001 0.999996 0.001896 -2.672112 -0.009941 -0.001916 0.999949 160.345753
0.999937 0.004463 0.010327 0.315864 -0.004474 0.999990 0.000973 -2.686604 -0.010322 -0.001019 0.999946 161.606448
0.999957 0.003801 0.008457 0.342511 -0.003797 0.999993 -0.000440 -2.720045 -0.008459 0.000408 0.999964 162.868307
0.999966 0.004092 0.007137 0.325433 -0.004091 0.999992 -0.000116 -2.752880 -0.007138 0.000087 0.999975 164.132420
0.999966 0.004800 0.006690 0.336971 -0.004788 0.999987 -0.001813 -2.761399 -0.006699 0.001781 0.999976 165.394515
0.999972 0.006119 0.004322 0.367461 -0.006107 0.999978 -0.002773 -2.781868 -0.004339 0.002747 0.999987 166.656977
0.999962 0.006143 0.006120 0.295522 -0.006129 0.999979 -0.002283 -2.822808 -0.006134 0.002245 0.999979 167.917061
0.999954 0.006546 0.006962 0.264046 -0.006543 0.999978 -0.000435 -2.858512 -0.006965 0.000390 0.999976 169.181716
0.999960 0.006469 0.006248 0.253198 -0.006470 0.999979 0.000103 -2.890278 -0.006247 -0.000143 0.999980 170.445219
0.999964 0.006471 0.005541 0.243761 -0.006474 0.999979 0.000570 -2.924971 -0.005537 -0.000606 0.999984 171.711345
0.999957 0.007307 0.005636 0.213893 -0.007311 0.999973 0.000824 -2.954635 -0.005630 -0.000865 0.999984 172.974890
0.999945 0.008547 0.006093 0.199588 -0.008548 0.999963 0.000203 -2.976187 -0.006091 -0.000255 0.999981 174.239309
0.999946 0.008689 0.005713 0.170493 -0.008685 0.999962 -0.000587 -3.005730 -0.005718 0.000537 0.999984 175.500014
0.999923 0.009890 0.007477 0.112237 -0.009885 0.999951 -0.000778 -3.032445 -0.007484 0.000704 0.999972 176.766492
0.999933 0.009020 0.007188 0.109366 -0.009008 0.999958 -0.001694 -3.065200 -0.007203 0.001629 0.999973 178.029492
0.999956 0.006915 0.006385 0.108039 -0.006893 0.999971 -0.003380 -3.091438 -0.006408 0.003336 0.999974 179.290002
0.999975 0.003495 0.006184 0.105718 -0.003474 0.999988 -0.003358 -3.116440 -0.006195 0.003336 0.999975 180.551914
0.999978 0.003984 0.005349 0.129743 -0.003986 0.999992 0.000292 -3.140629 -0.005348 -0.000313 0.999986 181.813614
0.999985 0.002729 0.004797 0.127555 -0.002749 0.999988 0.004062 -3.171394 -0.004786 -0.004075 0.999980 183.078366
0.999977 0.005317 0.004312 0.147189 -0.005330 0.999982 0.002852 -3.182464 -0.004297 -0.002875 0.999987 184.335471
0.999964 0.007371 0.004319 0.138886 -0.007371 0.999973 -0.000066 -3.211290 -0.004319 0.000034 0.999991 185.585463
0.999962 0.008168 0.003133 0.150818 -0.008163 0.999965 -0.001589 -3.239060 -0.003146 0.001563 0.999994 186.834996
0.999960 0.008547 0.002626 0.141431 -0.008543 0.999962 -0.001694 -3.257491 -0.002640 0.001672 0.999995 188.082023
0.999949 0.009052 0.004458 0.107878 -0.009049 0.999959 -0.000576 -3.287778 -0.004463 0.000536 0.999990 189.328692
0.999955 0.008738 0.003659 0.105296 -0.008744 0.999960 0.001614 -3.321978 -0.003645 -0.001646 0.999992 190.574100
0.999961 0.008261 0.003136 0.125813 -0.008267 0.999964 0.002072 -3.333802 -0.003119 -0.002098 0.999993 191.813401
0.999949 0.008436 0.005604 0.095167 -0.008446 0.999963 0.001821 -3.364756 -0.005589 -0.001868 0.999983 193.047037
0.999954 0.007254 0.006287 0.088710 -0.007256 0.999974 0.000285 -3.387326 -0.006285 -0.000331 0.999980 194.278245
0.999959 0.006548 0.006180 0.113176 -0.006541 0.999978 -0.001275 -3.403984 -0.006189 0.001235 0.999980 195.505079
0.999951 0.006275 0.007689 0.121112 -0.006260 0.999978 -0.002070 -3.431151 -0.007702 0.002022 0.999968 196.725924
0.999930 0.007785 0.008870 0.139445 -0.007773 0.999969 -0.001443 -3.451420 -0.008881 0.001374 0.999960 197.943281
0.999916 0.007152 0.010819 0.135275 -0.007146 0.999974 -0.000558 -3.472459 -0.010823 0.000481 0.999941 199.156389
0.999903 0.007401 0.011790 0.137093 -0.007396 0.999973 -0.000454 -3.498351 -0.011793 0.000366 0.999930 200.364296
0.999893 0.007316 0.012636 0.149546 -0.007316 0.999973 -0.000109 -3.530610 -0.012636 0.000017 0.999920 201.565723
0.999873 0.008144 0.013717 0.150739 -0.008144 0.999967 -0.000061 -3.556956 -0.013717 -0.000051 0.999906 202.760628
0.999853 0.008271 0.015000 0.157317 -0.008271 0.999966 -0.000079 -3.578390 -0.015000 -0.000045 0.999887 203.948629
0.999811 0.008551 0.017457 0.133095 -0.008545 0.999963 -0.000397 -3.608451 -0.017459 0.000248 0.999848 205.127143
0.999817 0.009007 0.016857 0.180577 -0.009010 0.999959 0.000111 -3.643034 -0.016855 -0.000263 0.999858 206.296422
0.999849 0.007781 0.015564 0.200030 -0.007797 0.999969 0.000974 -3.689871 -0.015556 -0.001095 0.999878 207.452554
0.999792 0.008088 0.018731 0.154717 -0.008120 0.999966 0.001625 -3.724768 -0.018717 -0.001777 0.999823 208.594256
0.999805 0.006555 0.018639 0.143024 -0.006608 0.999974 0.002770 -3.760784 -0.018620 -0.002893 0.999822 209.723564
0.999826 0.006496 0.017463 0.169745 -0.006541 0.999975 0.002515 -3.779376 -0.017446 -0.002629 0.999844 210.835312
0.999812 0.006890 0.018145 0.148547 -0.006928 0.999974 0.002041 -3.815839 -0.018131 -0.002166 0.999833 211.931849
0.999811 0.006972 0.018156 0.144978 -0.006995 0.999975 0.001192 -3.839089 -0.018148 -0.001319 0.999834 213.016152
0.999797 0.009377 0.017844 0.138715 -0.009420 0.999953 0.002301 -3.880253 -0.017821 -0.002468 0.999838 214.086109
0.999787 0.009209 0.018486 0.112678 -0.009251 0.999955 0.002163 -3.902943 -0.018466 -0.002333 0.999827 215.145227
0.999878 0.008358 0.013231 0.176633 -0.008392 0.999962 0.002517 -3.914360 -0.013209 -0.002628 0.999909 216.187186
0.999905 0.007789 0.011339 0.192771 -0.007840 0.999959 0.004445 -3.933170 -0.011304 -0.004533 0.999926 217.224451
0.999939 0.007285 0.008361 0.220005 -0.007331 0.999958 0.005457 -3.949941 -0.008321 -0.005518 0.999950 218.246645
0.999917 0.009217 0.008956 0.161248 -0.009263 0.999944 0.005129 -3.954695 -0.008909 -0.005211 0.999947 219.249059
0.999932 0.009331 0.007029 0.135697 -0.009359 0.999948 0.004057 -3.968833 -0.006991 -0.004122 0.999967 220.232691
0.999947 0.009238 0.004484 0.112471 -0.009255 0.999950 0.003778 -3.984122 -0.004449 -0.003819 0.999983 221.198991
0.999949 0.010105 0.000478 0.114857 -0.010107 0.999937 0.004807 -4.019500 -0.000429 -0.004812 0.999988 222.140343
0.999942 0.010493 -0.002505 0.110177 -0.010482 0.999935 0.004457 -4.034273 0.002552 -0.004430 0.999987 223.061107
0.999935 0.009382 -0.006426 0.092033 -0.009356 0.999948 0.003988 -4.065225 0.006463 -0.003927 0.999971 223.957530
0.999898 0.009009 -0.011041 0.093890 -0.008973 0.999954 0.003274 -4.081480 0.011070 -0.003175 0.999934 224.832190
0.999853 0.010625 -0.013488 0.058103 -0.010589 0.999940 0.002684 -4.093603 0.013516 -0.002541 0.999905 225.685362
0.999796 0.011391 -0.016676 0.025996 -0.011355 0.999933 0.002258 -4.117294 0.016701 -0.002068 0.999858 226.515088
0.999711 0.013145 -0.020126 0.006083 -0.013102 0.999912 0.002255 -4.135293 0.020154 -0.001991 0.999795 227.328540
0.999694 0.014237 -0.020242 -0.052909 -0.014178 0.999895 0.003046 -4.166223 0.020283 -0.002758 0.999790 228.120355
0.999713 0.013879 -0.019524 -0.074547 -0.013812 0.999898 0.003548 -4.181494 0.019571 -0.003277 0.999803 228.897928
0.999719 0.013801 -0.019266 -0.092841 -0.013723 0.999897 0.004149 -4.195977 0.019321 -0.003884 0.999806 229.656128
0.999685 0.013678 -0.021046 -0.057638 -0.013608 0.999901 0.003436 -4.205509 0.021091 -0.003149 0.999773 230.397245
0.999677 0.013793 -0.021352 -0.072358 -0.013764 0.999904 0.001535 -4.222169 0.021371 -0.001241 0.999771 231.128313
0.999694 0.013468 -0.020755 -0.087609 -0.013482 0.999909 -0.000561 -4.240860 0.020746 0.000840 0.999784 231.856156
0.999717 0.013423 -0.019659 -0.096130 -0.013458 0.999908 -0.001675 -4.261951 0.019634 0.001939 0.999805 232.579328
0.999733 0.013120 -0.019019 -0.112844 -0.013164 0.999911 -0.002148 -4.281241 0.018989 0.002398 0.999817 233.301389
0.999757 0.012576 -0.018089 -0.122496 -0.012621 0.999917 -0.002413 -4.296940 0.018057 0.002640 0.999833 234.019442
0.999794 0.014327 -0.014353 -0.155748 -0.014366 0.999893 -0.002631 -4.298774 0.014313 0.002836 0.999894 234.733208
0.999824 0.014227 -0.012193 -0.164316 -0.014262 0.999894 -0.002833 -4.316649 0.012151 0.003006 0.999922 235.444177
0.999859 0.013503 -0.009977 -0.193306 -0.013530 0.999905 -0.002653 -4.352892 0.009940 0.002788 0.999947 236.149606
0.999875 0.013159 -0.008784 -0.187442 -0.013184 0.999909 -0.002770 -4.360700 0.008747 0.002886 0.999958 236.853122
0.999889 0.012723 -0.007793 -0.169236 -0.012744 0.999915 -0.002657 -4.371018 0.007759 0.002756 0.999966 237.552980
0.999901 0.013240 -0.004762 -0.173062 -0.013251 0.999910 -0.002306 -4.382025 0.004731 0.002369 0.999986 238.249444
0.999911 0.013166 -0.002185 -0.181677 -0.013171 0.999911 -0.002291 -4.401435 0.002155 0.002319 0.999995 238.941759
0.999916 0.012967 0.000813 -0.189339 -0.012965 0.999913 -0.002626 -4.419611 -0.000847 0.002616 0.999996 239.629691
0.999908 0.012997 0.003806 -0.198131 -0.012985 0.999911 -0.003118 -4.429268 -0.003847 0.003068 0.999988 240.317308
0.999899 0.012905 0.005918 -0.200606 -0.012883 0.999911 -0.003600 -4.451166 -0.005964 0.003523 0.999976 241.005797
0.999914 0.010509 0.007900 -0.190968 -0.010473 0.999935 -0.004535 -4.456793 -0.007947 0.004452 0.999959 241.699354
0.999887 0.009276 0.011794 -0.229456 -0.009247 0.999954 -0.002526 -4.483140 -0.011817 0.002417 0.999927 242.394195
0.999851 0.009660 0.014323 -0.225461 -0.009628 0.999951 -0.002298 -4.495887 -0.014345 0.002160 0.999895 243.096671
0.999817 0.009813 0.016399 -0.201608 -0.009768 0.999948 -0.002814 -4.507006 -0.016426 0.002653 0.999862 243.799467
0.999765 0.010580 0.018902 -0.200110 -0.010499 0.999935 -0.004352 -4.522095 -0.018947 0.004152 0.999812 244.503886
0.999731 0.010149 0.020870 -0.200511 -0.010022 0.999931 -0.006200 -4.537284 -0.020931 0.005989 0.999763 245.211972
0.999698 0.009698 0.022566 -0.192792 -0.009520 0.999923 -0.007949 -4.549867 -0.022641 0.007731 0.999714 245.926762
0.999780 0.006622 0.019894 -0.158182 -0.006456 0.999944 -0.008363 -4.569965 -0.019948 0.008232 0.999767 246.647657
0.999796 0.006256 0.019179 -0.139832 -0.006085 0.999941 -0.008970 -4.586632 -0.019234 0.008852 0.999776 247.375286
0.999781 0.007274 0.019613 -0.129793 -0.007100 0.999935 -0.008917 -4.608631 -0.019676 0.008775 0.999768 248.108744
0.999805 0.005719 0.018917 -0.118090 -0.005555 0.999947 -0.008674 -4.632669 -0.018965 0.008567 0.999783 248.850454
0.999811 0.004649 0.018864 -0.110655 -0.004458 0.999938 -0.010174 -4.654079 -0.018910 0.010088 0.999770 249.596295
0.999779 0.000346 0.021042 -0.133042 -0.000095 0.999929 -0.011904 -4.679725 -0.021044 0.011899 0.999708 250.348549
0.999766 -0.005261 0.021000 -0.127194 0.005520 0.999909 -0.012271 -4.703298 -0.020934 0.012384 0.999704 251.109222
0.999746 -0.003733 0.022227 -0.139374 0.003932 0.999953 -0.008897 -4.718553 -0.022193 0.008982 0.999713 251.883375
0.999744 -0.001892 0.022564 -0.145263 0.001941 0.999996 -0.002143 -4.765349 -0.022560 0.002186 0.999743 252.666103
0.999728 -0.001330 0.023287 -0.132555 0.001315 0.999999 0.000681 -4.773221 -0.023288 -0.000651 0.999729 253.453255
0.999688 -0.001594 0.024935 -0.089257 0.001652 0.999996 -0.002340 -4.769250 -0.024931 0.002381 0.999686 254.246975
0.999592 -0.000032 0.028561 -0.066679 0.000277 0.999963 -0.008565 -4.783541 -0.028559 0.008569 0.999555 255.041548
0.999465 0.002158 0.032644 -0.057508 -0.001779 0.999931 -0.011624 -4.809809 -0.032667 0.011560 0.999399 255.847577
0.999361 0.004021 0.035505 -0.032704 -0.003596 0.999921 -0.012024 -4.821430 -0.035551 0.011888 0.999297 256.665145
0.999266 0.002148 0.038256 -0.014886 -0.001793 0.999955 -0.009298 -4.849029 -0.038275 0.009222 0.999225 257.493197
0.999132 -0.000136 0.041667 0.020085 0.000384 0.999982 -0.005959 -4.866708 -0.041665 0.005970 0.999114 258.327904
0.999006 -0.002385 0.044503 0.049388 0.002623 0.999983 -0.005294 -4.874945 -0.044489 0.005406 0.998995 259.164641
0.998782 -0.001800 0.049299 0.063763 0.002024 0.999988 -0.004498 -4.900854 -0.049290 0.004592 0.998774 260.003718
0.998621 0.000538 0.052500 0.064357 -0.000181 0.999977 -0.006807 -4.931401 -0.052502 0.006788 0.998598 260.838109
0.998549 -0.000923 0.053836 0.109813 0.001430 0.999955 -0.009382 -4.961023 -0.053825 0.009445 0.998506 261.674136
0.998392 -0.000229 0.056685 0.136159 0.000776 0.999953 -0.009627 -4.985803 -0.056681 0.009655 0.998346 262.513144
0.998278 0.001641 0.058633 0.191329 -0.001167 0.999966 -0.008112 -4.998104 -0.058644 0.008029 0.998247 263.354721
0.997999 0.006182 0.062934 0.203532 -0.005738 0.999957 -0.007245 -5.005511 -0.062976 0.006869 0.997991 264.197514
0.997796 0.006631 0.066022 0.238217 -0.006143 0.999952 -0.007598 -5.028713 -0.066070 0.007175 0.997789 265.037124
0.997649 0.005644 0.068303 0.266291 -0.005110 0.999955 -0.007993 -5.057803 -0.068345 0.007625 0.997633 265.880504
0.997472 0.004122 0.070941 0.321567 -0.003531 0.999958 -0.008441 -5.070266 -0.070973 0.008169 0.997445 266.723257
0.997168 0.002725 0.075152 0.367998 -0.002205 0.999973 -0.006999 -5.088803 -0.075169 0.006813 0.997148 267.569366
0.996688 0.002008 0.081297 0.387614 -0.001404 0.999971 -0.007481 -5.098898 -0.081310 0.007342 0.996662 268.418433
0.996614 0.000464 0.082220 0.410082 0.000119 0.999975 -0.007088 -5.131388 -0.082221 0.007074 0.996589 269.266337
0.996447 0.000927 0.084218 0.442381 -0.000360 0.999977 -0.006750 -5.163198 -0.084223 0.006696 0.996424 270.119095
0.996468 0.001602 0.083957 0.493279 -0.001053 0.999978 -0.006582 -5.185492 -0.083966 0.006471 0.996448 270.971404
0.996465 0.002924 0.083954 0.554452 -0.002389 0.999976 -0.006474 -5.201155 -0.083971 0.006250 0.996449 271.825636
0.996565 0.002920 0.082762 0.607914 -0.002339 0.999972 -0.007115 -5.224278 -0.082781 0.006897 0.996544 272.679303
0.996757 0.004051 0.080362 0.670202 -0.003456 0.999966 -0.007542 -5.251109 -0.080390 0.007239 0.996737 273.530096
0.996879 0.005336 0.078760 0.735409 -0.004665 0.999951 -0.008706 -5.263002 -0.078803 0.008311 0.996856 274.384440
0.996866 0.007843 0.078722 0.783664 -0.007162 0.999935 -0.008927 -5.287664 -0.078787 0.008335 0.996857 275.236322
0.996935 0.009359 0.077667 0.843093 -0.008663 0.999919 -0.009298 -5.307030 -0.077748 0.008597 0.996936 276.086067
0.997102 0.009803 0.075439 0.911928 -0.009116 0.999914 -0.009444 -5.324186 -0.075525 0.008728 0.997106 276.933484
0.997290 0.011201 0.072717 0.936475 -0.010663 0.999913 -0.007783 -5.353734 -0.072798 0.006987 0.997322 277.781505
0.997547 0.011481 0.069045 0.989792 -0.011070 0.999919 -0.006338 -5.360946 -0.069112 0.005558 0.997593 278.625782
0.997932 0.009864 0.063514 1.029040 -0.009605 0.999944 -0.004378 -5.389025 -0.063553 0.003759 0.997971 279.463818
0.998215 0.009401 0.058983 1.059644 -0.009234 0.999953 -0.003104 -5.413901 -0.059010 0.002554 0.998254 280.296717
0.998390 0.010159 0.055797 1.058786 -0.009980 0.999944 -0.003493 -5.421529 -0.055830 0.002930 0.998436 281.118071
0.998679 0.010837 0.050234 1.092353 -0.010719 0.999939 -0.002612 -5.446873 -0.050259 0.002071 0.998734 281.930703
0.999004 0.009410 0.043621 1.161962 -0.009314 0.999954 -0.002400 -5.461251 -0.043642 0.001992 0.999045 282.728313
0.999206 0.008596 0.038913 1.183371 -0.008504 0.999961 -0.002527 -5.487588 -0.038933 0.002194 0.999239 283.512070
0.999348 0.007101 0.035403 1.162119 -0.007012 0.999972 -0.002615 -5.517139 -0.035420 0.002365 0.999370 284.278725
0.999435 0.007382 0.032780 1.108262 -0.007302 0.999970 -0.002542 -5.542226 -0.032798 0.002301 0.999459 285.026402
0.999591 0.006802 0.027775 1.140263 -0.006736 0.999974 -0.002484 -5.561884 -0.027791 0.002296 0.999611 285.756302
0.999655 0.006487 0.025455 1.095379 -0.006413 0.999975 -0.003020 -5.592123 -0.025474 0.002855 0.999671 286.462534
0.999741 0.007724 0.021417 1.061127 -0.007635 0.999962 -0.004263 -5.623867 -0.021449 0.004098 0.999762 287.150353
0.999846 0.008853 0.015147 1.046818 -0.008759 0.999942 -0.006231 -5.647191 -0.015201 0.006097 0.999866 287.817646
0.999929 0.009396 0.007270 1.031335 -0.009338 0.999924 -0.008006 -5.660876 -0.007345 0.007938 0.999942 288.468508
0.999950 0.008875 -0.004514 1.048957 -0.008917 0.999918 -0.009236 -5.675575 0.004431 0.009276 0.999947 289.106863
0.999785 0.010080 -0.018121 1.053955 -0.010255 0.999902 -0.009573 -5.684770 0.018023 0.009757 0.999790 289.736547
0.999366 0.011097 -0.033841 0.980476 -0.011376 0.999903 -0.008066 -5.730465 0.033748 0.008446 0.999395 290.343576
0.998466 0.013747 -0.053627 0.925004 -0.014131 0.999877 -0.006783 -5.771659 0.053527 0.007530 0.998538 290.945513
0.997054 0.014878 -0.075247 0.839856 -0.015452 0.999856 -0.007045 -5.787086 0.075131 0.008187 0.997140 291.520556
0.995029 0.016025 -0.098290 0.712970 -0.016785 0.999835 -0.006908 -5.807120 0.098163 0.008524 0.995134 292.086489
0.991950 0.016735 -0.125518 0.619260 -0.017726 0.999820 -0.006778 -5.814780 0.125382 0.008948 0.992068 292.647654
0.987579 0.018204 -0.156065 0.527646 -0.019291 0.999799 -0.005454 -5.824333 0.155934 0.008397 0.987732 293.184952
0.982096 0.018961 -0.187423 0.368349 -0.019982 0.999794 -0.003565 -5.846593 0.187317 0.007246 0.982273 293.709710
0.974439 0.018946 -0.223851 0.249197 -0.019869 0.999801 -0.001874 -5.863284 0.223771 0.006274 0.974622 294.234095
0.965825 0.019299 -0.258475 0.026696 -0.019629 0.999806 0.001305 -5.903479 0.258450 0.003814 0.966017 294.688249
0.954405 0.019938 -0.297850 -0.130830 -0.019724 0.999799 0.003723 -5.919517 0.297864 0.002321 0.954606 295.180949
0.940668 0.020290 -0.338720 -0.288307 -0.019447 0.999794 0.005883 -5.939103 0.338770 0.001054 0.940869 295.637228
0.925208 0.020145 -0.378924 -0.497133 -0.019162 0.999796 0.006365 -5.921904 0.378975 0.001372 0.925406 296.094366
0.906862 0.018443 -0.421023 -0.725311 -0.017541 0.999828 0.006016 -5.916357 0.421062 0.001930 0.907030 296.538188
0.885726 0.016584 -0.463911 -0.957688 -0.015841 0.999859 0.005500 -5.912359 0.463937 0.002478 0.885865 296.938120
0.861825 0.014560 -0.506997 -1.221609 -0.013779 0.999891 0.005294 -5.908357 0.507019 0.002424 0.861932 297.349342
0.835319 0.014892 -0.549564 -1.520146 -0.013195 0.999888 0.007039 -5.908869 0.549608 0.001372 0.835422 297.730700
0.805576 0.016345 -0.592267 -1.819796 -0.014504 0.999864 0.007865 -5.901971 0.592315 0.002255 0.805703 298.065570
0.772033 0.015470 -0.635394 -2.116429 -0.013945 0.999875 0.007401 -5.914232 0.635429 0.003147 0.772153 298.438740
0.735645 0.012484 -0.677253 -2.440974 -0.010713 0.999920 0.006796 -5.904153 0.677283 0.002256 0.735719 298.735703
0.694704 0.007408 -0.719258 -2.809620 -0.005471 0.999972 0.005015 -5.880558 0.719275 0.000451 0.694725 299.028368
0.649792 0.004004 -0.760101 -3.196824 -0.000074 0.999986 0.005204 -5.911359 0.760112 -0.003326 0.649784 299.280687
0.601599 0.006073 -0.798775 -3.570684 0.001115 0.999964 0.008442 -5.914609 0.798797 -0.005969 0.601571 299.488475
0.551541 0.013158 -0.834044 -3.975823 0.000185 0.999874 0.015897 -5.928487 0.834147 -0.008922 0.551469 299.682419
0.499879 0.017228 -0.865924 -4.386358 -0.000669 0.999810 0.019506 -5.924528 0.866095 -0.009171 0.499796 299.845170
0.444679 0.019418 -0.895479 -4.773101 -0.000840 0.999774 0.021262 -5.919767 0.895690 -0.008703 0.444595 299.990130
0.389110 0.020542 -0.920962 -5.180033 0.001010 0.999741 0.022725 -5.923866 0.921191 -0.009773 0.388988 300.110468
0.332107 0.020932 -0.943009 -5.579321 0.004505 0.999707 0.023777 -5.925137 0.943231 -0.012145 0.331916 300.207673
0.275334 0.021734 -0.961103 -5.993817 0.008415 0.999652 0.025016 -5.926246 0.961312 -0.014976 0.275056 300.269936
0.215598 0.021313 -0.976250 -6.414683 0.012344 0.999622 0.024549 -5.933589 0.976404 -0.017344 0.215253 300.309333
0.153136 0.024282 -0.987907 -6.842709 0.015685 0.999512 0.026998 -5.928741 0.988081 -0.019630 0.152681 300.329404
0.087833 0.027321 -0.995760 -7.282100 0.019173 0.999392 0.029111 -5.901541 0.995951 -0.021649 0.087256 300.335720
0.023559 0.030507 -0.999257 -7.726700 0.025076 0.999202 0.031097 -5.885721 0.999408 -0.025790 0.022775 300.286655
-0.041716 0.033778 -0.998558 -8.189161 0.032129 0.998957 0.032449 -5.882041 0.998613 -0.030729 -0.042758 300.205587
-0.104299 0.037667 -0.993832 -8.641808 0.038284 0.998694 0.033833 -5.875466 0.993809 -0.034519 -0.105604 300.083931
-0.168973 0.040468 -0.984790 -9.118456 0.044154 0.998464 0.033453 -5.871063 0.984631 -0.037830 -0.170500 299.945374
-0.232197 0.043702 -0.971686 -9.579208 0.049003 0.998247 0.033187 -5.871213 0.971434 -0.039909 -0.233932 299.780727
-0.294873 0.046822 -0.954389 -10.046599 0.052707 0.998075 0.032680 -5.875293 0.954082 -0.040666 -0.296773 299.605447
-0.355736 0.049881 -0.933254 -10.538198 0.054672 0.997975 0.032500 -5.879961 0.932986 -0.039462 -0.357743 299.387768
-0.412635 0.053529 -0.909322 -11.005486 0.055689 0.997887 0.033471 -5.864266 0.909193 -0.036828 -0.414744 299.143625
-0.464804 0.057251 -0.883561 -11.490933 0.057611 0.997748 0.034343 -5.853482 0.883537 -0.034941 -0.467056 298.841087
-0.510604 0.061050 -0.857646 -11.953423 0.059896 0.997578 0.035352 -5.848024 0.857727 -0.033319 -0.513025 298.514238
-0.552175 0.064848 -0.831203 -12.427277 0.062773 0.997374 0.036111 -5.832468 0.831362 -0.032237 -0.554796 298.159507
-0.590538 0.065077 -0.804381 -12.913865 0.064871 0.997346 0.033064 -5.820289 0.804398 -0.032656 -0.593193 297.753368
-0.627781 0.060258 -0.776054 -13.382075 0.065355 0.997559 0.024589 -5.818385 0.775642 -0.035282 -0.630187 297.323124
-0.664816 0.059517 -0.744633 -13.874131 0.067461 0.997531 0.019501 -5.811338 0.743955 -0.037269 -0.667190 296.847504
-0.699969 0.060428 -0.711612 -14.344158 0.069732 0.997436 0.016109 -5.825772 0.710761 -0.038347 -0.702388 296.353541
-0.731212 0.068520 -0.678701 -14.830020 0.072453 0.997116 0.022608 -5.795105 0.678292 -0.032643 -0.734067 295.814090
-0.759102 0.072072 -0.646970 -15.244715 0.072182 0.997043 0.026378 -5.798488 0.646957 -0.026676 -0.762059 295.217804
-0.787705 0.076816 -0.611245 -15.699185 0.072619 0.996856 0.031694 -5.780772 0.611757 -0.019423 -0.790807 294.619760
-0.811560 0.081039 -0.578621 -16.125264 0.073622 0.996625 0.036321 -5.768285 0.579612 -0.013123 -0.814787 293.947319
-0.833881 0.084902 -0.545376 -16.533635 0.077033 0.996330 0.037320 -5.753660 0.546543 -0.010892 -0.837360 293.255846
-0.853580 0.091142 -0.512928 -16.918015 0.081762 0.995813 0.040883 -5.738304 0.514506 -0.007041 -0.857458 292.501678
-0.873394 0.091744 -0.478294 -17.285443 0.082372 0.995775 0.040590 -5.715154 0.479997 -0.003947 -0.877261 291.737123
-0.892647 0.089043 -0.441874 -17.651441 0.080817 0.996025 0.037449 -5.676421 0.443452 -0.002282 -0.896295 290.922576
-0.909643 0.085818 -0.406429 -17.974159 0.078928 0.996310 0.033719 -5.664543 0.407823 -0.001406 -0.913060 290.085744
-0.924153 0.085682 -0.372291 -18.275157 0.080480 0.996319 0.029524 -5.655864 0.373450 -0.002678 -0.927646 289.214564
-0.937770 0.083712 -0.337015 -18.571751 0.079571 0.996487 0.026107 -5.638286 0.338017 -0.002334 -0.941137 288.295826
-0.949479 0.084238 -0.302314 -18.852725 0.080447 0.996446 0.024991 -5.626766 0.303345 -0.000592 -0.952881 287.369475
-0.958512 0.085704 -0.271862 -19.028877 0.081450 0.996314 0.026916 -5.639321 0.273167 0.003657 -0.961960 286.382186
-0.966970 0.086496 -0.239765 -19.237583 0.082022 0.996220 0.028596 -5.614388 0.241332 0.007986 -0.970410 285.391561
-0.974139 0.086951 -0.208547 -19.452083 0.082985 0.996166 0.027709 -5.587869 0.210157 0.009686 -0.977620 284.371357
-0.979951 0.088020 -0.178743 -19.622458 0.084726 0.996065 0.025996 -5.579334 0.180328 0.010331 -0.983552 283.309058
-0.984671 0.088082 -0.150549 -19.778789 0.085152 0.996034 0.025813 -5.564723 0.152226 0.012598 -0.988265 282.229603
-0.987948 0.090193 -0.125790 -19.870046 0.087680 0.995825 0.025385 -5.557852 0.127554 0.014049 -0.991732 281.112765
-0.990663 0.092463 -0.100190 -20.024010 0.090570 0.995618 0.023285 -5.543656 0.101904 0.013993 -0.994696 279.985157
-0.992955 0.092682 -0.073833 -20.139958 0.091330 0.995589 0.021484 -5.522447 0.075498 0.014590 -0.997039 278.824642
-0.994075 0.095199 -0.052454 -20.197691 0.094163 0.995316 0.021881 -5.515528 0.054291 0.016812 -0.998384 277.646537
-0.994536 0.098613 -0.034248 -20.284349 0.097862 0.994935 0.022956 -5.503360 0.036338 0.019479 -0.999150 276.456159
-0.994390 0.103643 -0.021139 -20.314645 0.103136 0.994382 0.023801 -5.485058 0.023487 0.021487 -0.999493 275.245126
-0.994102 0.107645 -0.013147 -20.311685 0.107343 0.993983 0.021817 -5.473304 0.015416 0.020278 -0.999676 274.016320
-0.993685 0.111777 -0.009796 -20.297718 0.111556 0.993541 0.020776 -5.461052 0.012055 0.019553 -0.999736 272.766452
-0.993399 0.114321 -0.009388 -20.300253 0.114096 0.993231 0.021794 -5.460807 0.011816 0.020579 -0.999718 271.503564
-0.993065 0.117005 -0.011503 -20.304809 0.116721 0.992900 0.022912 -5.457815 0.014102 0.021410 -0.999671 270.221487
-0.993017 0.117200 -0.013451 -20.331324 0.116884 0.992896 0.022254 -5.434627 0.015964 0.020526 -0.999662 268.925134
-0.992826 0.118462 -0.016196 -20.324564 0.118101 0.992765 0.021692 -5.422130 0.018648 0.019624 -0.999634 267.615203
-0.992646 0.119464 -0.019540 -20.353797 0.119054 0.992666 0.020963 -5.412102 0.021901 0.018482 -0.999589 266.290548
-0.992443 0.120227 -0.024543 -20.374925 0.119774 0.992617 0.019146 -5.408396 0.026664 0.016061 -0.999515 264.956785
