0.999939 -0.001725 0.010874 0.000000 0.001710 0.999998 0.001398 0.000000 -0.010876 -0.001379 0.999940 0.000000
0.999838 -0.004513 0.017439 0.000000 0.004500 0.999990 0.000808 0.000000 -0.017443 -0.000729 0.999848 0.000000
0.999764 -0.007519 0.020373 0.064360 0.007527 0.999972 -0.000286 -0.002112 -0.020370 0.000440 0.999792 1.587993
0.999827 -0.009322 0.016107 0.088335 0.009379 0.999950 -0.003468 0.010643 -0.016074 0.003619 0.999864 1.892993
0.999896 -0.012353 0.007472 0.131604 0.012389 0.999912 -0.004760 0.015787 -0.007412 0.004852 0.999961 2.205691
0.999884 -0.014127 -0.005669 0.134374 0.014088 0.999878 -0.006778 0.007803 0.005764 0.006697 0.999961 2.529099
0.999624 -0.014655 -0.023167 0.126995 0.014510 0.999874 -0.006445 -0.002020 0.023258 0.006107 0.999711 2.866860
0.999206 -0.010396 -0.038474 0.049970 0.010190 0.999933 -0.005524 -0.022258 0.038528 0.005128 0.999244 3.213517
0.998336 -0.006088 -0.057339 -0.013252 0.005690 0.999959 -0.007101 -0.015990 0.057380 0.006763 0.998330 3.568108
0.996709 -0.005972 -0.080837 -0.010550 0.005537 0.999969 -0.005605 -0.051087 0.080868 0.005139 0.996712 3.939743
0.994624 -0.006727 -0.103337 -0.032100 0.006149 0.999964 -0.005914 -0.045477 0.103373 0.005247 0.994629 4.324842
0.992538 -0.007379 -0.121715 -0.113883 0.006677 0.999959 -0.006173 -0.045780 0.121756 0.005314 0.992546 4.710955
0.990009 -0.005853 -0.140883 -0.187167 0.004969 0.999966 -0.006626 -0.045166 0.140917 0.005860 0.990004 5.106938
0.987664 -0.005019 -0.156505 -0.249567 0.004137 0.999974 -0.005960 -0.049284 0.156531 0.005239 0.987659 5.519703
0.985097 -0.003775 -0.171958 -0.322180 0.002663 0.999974 -0.006701 -0.051042 0.171979 0.006143 0.985082 5.942356
0.982409 -0.005157 -0.186671 -0.401878 0.003720 0.999961 -0.008044 -0.056810 0.186705 0.007208 0.982390 6.377882
0.980748 -0.008859 -0.195076 -0.505010 0.006806 0.999914 -0.011194 -0.062891 0.195159 0.009651 0.980724 6.819119
0.978601 -0.007207 -0.205640 -0.568993 0.004276 0.999883 -0.014696 -0.043682 0.205722 0.013503 0.978517 7.283196
0.976473 -0.006125 -0.215551 -0.659921 0.002641 0.999861 -0.016447 -0.058470 0.215622 0.015491 0.976354 7.756490
0.974246 -0.007506 -0.225364 -0.757633 0.003127 0.999799 -0.019783 -0.065347 0.225468 0.018569 0.974074 8.249517
0.972693 -0.010947 -0.231835 -0.905337 0.006031 0.999742 -0.021902 -0.071861 0.232015 0.019906 0.972508 8.732255
0.970644 -0.016739 -0.239938 -1.026186 0.011362 0.999653 -0.023776 -0.087685 0.240252 0.020352 0.970497 9.243345
0.968698 -0.016977 -0.247660 -1.156799 0.010777 0.999594 -0.026367 -0.100537 0.248007 0.022873 0.968488 9.763068
0.965497 -0.013120 -0.260085 -1.283729 0.005730 0.999559 -0.029150 -0.120540 0.260353 0.026653 0.965146 10.297853
0.963521 -0.007980 -0.267513 -1.484057 -0.000484 0.999502 -0.031558 -0.121122 0.267631 0.030537 0.963037 10.821436
0.961126 -0.009787 -0.275936 -1.647287 0.000822 0.999469 -0.032586 -0.156475 0.276108 0.031093 0.960623 11.365271
0.958717 -0.012364 -0.284092 -1.819058 0.002686 0.999403 -0.034431 -0.198298 0.284349 0.032247 0.958179 11.918612
0.956333 -0.011016 -0.292072 -1.999011 0.000279 0.999323 -0.036780 -0.225271 0.292280 0.035093 0.955689 12.479459
0.953805 -0.009367 -0.300279 -2.184938 -0.002403 0.999244 -0.038803 -0.259087 0.300416 0.037732 0.953062 13.056185
0.951859 -0.006887 -0.306459 -2.405269 -0.006967 0.999003 -0.044089 -0.277741 0.306458 0.044102 0.950862 13.631194
0.950330 -0.004830 -0.311206 -2.618955 -0.011372 0.998673 -0.050227 -0.323966 0.311036 0.051271 0.949014 14.222347
0.949766 -0.002301 -0.312951 -2.862073 -0.016679 0.998180 -0.057959 -0.352612 0.312515 0.060268 0.947999 14.816612
0.948410 -0.000044 -0.317046 -3.087298 -0.021419 0.997706 -0.064212 -0.409622 0.316322 0.067690 0.946234 15.430508
0.947149 0.004153 -0.320767 -3.341069 -0.028477 0.997057 -0.071177 -0.457843 0.319527 0.076550 0.944480 16.047785
0.946017 0.006486 -0.324052 -3.571213 -0.033156 0.996491 -0.076848 -0.516851 0.322416 0.083444 0.942913 16.688550
0.943260 0.008398 -0.331950 -3.797147 -0.038028 0.995835 -0.082865 -0.560288 0.329872 0.090787 0.939650 17.363062
0.941299 0.010260 -0.337419 -4.039610 -0.042110 0.995299 -0.087211 -0.622451 0.334938 0.096301 0.937306 18.006261
0.938890 0.012546 -0.343989 -4.269513 -0.046814 0.994705 -0.091495 -0.680519 0.341019 0.102007 0.934505 18.686195
0.937140 0.015614 -0.348604 -4.571107 -0.051290 0.994312 -0.093347 -0.753917 0.345164 0.105359 0.932610 19.354453
0.934529 0.015956 -0.355528 -4.827070 -0.053415 0.993967 -0.095797 -0.815382 0.351855 0.108515 0.929743 20.054313
0.931273 0.015957 -0.363971 -5.095994 -0.054303 0.993960 -0.095365 -0.878170 0.360251 0.108575 0.926515 20.764744
0.928527 0.014662 -0.370975 -5.371791 -0.053698 0.994017 -0.095118 -0.948210 0.367361 0.108240 0.923759 21.481309
0.926952 0.014453 -0.374900 -5.715665 -0.052900 0.994310 -0.092466 -1.041367 0.371431 0.105544 0.922442 22.184422
0.922482 0.013211 -0.385815 -6.002373 -0.051859 0.994597 -0.089936 -1.124328 0.382542 0.102972 0.918182 22.920564
0.918725 0.013684 -0.394662 -6.328587 -0.050832 0.995183 -0.083824 -1.195807 0.391614 0.097073 0.914995 23.671864
0.914477 0.015952 -0.404323 -6.652395 -0.052347 0.995490 -0.079119 -1.270300 0.401237 0.093518 0.911188 24.408495
0.910946 0.017362 -0.412161 -7.025169 -0.052383 0.995895 -0.073824 -1.354636 0.409187 0.088840 0.908115 25.143588
0.906762 0.018149 -0.421253 -7.379874 -0.053193 0.996015 -0.071588 -1.414232 0.418275 0.087321 0.904113 25.894071
0.902494 0.016656 -0.430380 -7.738311 -0.052795 0.995995 -0.072164 -1.473250 0.427454 0.087849 0.899758 26.655334
0.897171 0.015866 -0.441399 -8.099685 -0.052806 0.996040 -0.071530 -1.534477 0.438516 0.087483 0.894455 27.423313
0.893341 0.015158 -0.449123 -8.505241 -0.052834 0.996042 -0.071476 -1.582679 0.446262 0.087581 0.890606 28.185002
0.889658 0.012448 -0.456458 -8.912325 -0.050523 0.996174 -0.071303 -1.640854 0.453824 0.086497 0.886883 28.953199
0.886729 0.009461 -0.462192 -9.366185 -0.046562 0.996534 -0.068932 -1.710129 0.459938 0.082644 0.884097 29.713705
0.882655 0.007649 -0.469960 -9.798586 -0.043328 0.996934 -0.065152 -1.774124 0.468021 0.077869 0.880280 30.499212
0.877036 0.002610 -0.480418 -10.211417 -0.038036 0.997224 -0.064019 -1.834308 0.478917 0.074420 0.874700 31.306269
0.873676 0.002376 -0.486502 -10.682801 -0.037013 0.997415 -0.061598 -1.923110 0.485098 0.071823 0.871505 32.089513
0.869775 -0.001044 -0.493448 -11.131912 -0.034439 0.997431 -0.062814 -1.971457 0.492245 0.071628 0.867504 32.901009
0.866629 -0.002431 -0.498948 -11.616033 -0.032390 0.997605 -0.061119 -2.045103 0.497901 0.069128 0.864474 33.705795
0.864543 -0.004609 -0.502538 -12.118827 -0.030706 0.997605 -0.061974 -2.106989 0.501621 0.069010 0.862331 34.515237
0.861833 -0.007324 -0.507139 -12.606870 -0.028677 0.997592 -0.063142 -2.177206 0.506380 0.068961 0.859548 35.349752
0.859995 -0.009496 -0.510214 -13.098489 -0.027008 0.997579 -0.064090 -2.254609 0.509587 0.068897 0.857656 36.187683
0.857668 -0.011620 -0.514072 -13.596556 -0.026047 0.997479 -0.066003 -2.312339 0.513544 0.069999 0.855204 37.061428
0.857893 -0.011336 -0.513704 -14.170970 -0.025887 0.997534 -0.065243 -2.377156 0.513176 0.069270 0.855483 37.907392
0.858353 -0.013578 -0.512880 -14.708458 -0.022482 0.997694 -0.064038 -2.470277 0.512567 0.066498 0.856068 38.781632
0.857995 -0.015271 -0.513431 -15.258962 -0.020691 0.997719 -0.064253 -2.555717 0.513241 0.065752 0.855722 39.663783
0.857614 -0.015970 -0.514046 -15.825832 -0.021006 0.997596 -0.066040 -2.624664 0.513865 0.067435 0.855217 40.550454
0.856766 -0.016759 -0.515434 -16.392461 -0.020474 0.997578 -0.066468 -2.712795 0.515300 0.067500 0.854348 41.446801
0.854931 -0.019658 -0.518370 -16.985435 -0.017251 0.997652 -0.066286 -2.784582 0.518455 0.065612 0.852584 42.334235
0.852302 -0.020783 -0.522638 -17.533163 -0.015423 0.997777 -0.064828 -2.854946 0.522823 0.063313 0.850087 43.252461
0.849316 -0.025479 -0.527270 -18.095563 -0.010258 0.997849 -0.064742 -2.905739 0.527786 0.060395 0.847228 44.160231
0.846217 -0.026165 -0.532196 -18.688908 -0.009843 0.997856 -0.064708 -2.965824 0.532748 0.059996 0.844145 45.045983
0.840574 -0.029175 -0.540910 -19.261634 -0.009194 0.997636 -0.068097 -3.038702 0.541618 0.062214 0.838319 45.940867
0.835325 -0.030772 -0.548894 -19.875418 -0.010553 0.997351 -0.071974 -3.111153 0.549655 0.065914 0.832787 46.822013
0.829084 -0.033110 -0.558143 -20.487888 -0.008606 0.997371 -0.071950 -3.220481 0.559058 0.064455 0.826619 47.700126
0.822513 -0.033341 -0.567768 -21.091650 -0.006955 0.997616 -0.068658 -3.296701 0.568703 0.060421 0.820321 48.591462
0.816608 -0.031208 -0.576349 -21.723372 -0.006223 0.998003 -0.062857 -3.393849 0.577160 0.054916 0.814783 49.455747
0.812838 -0.030491 -0.581691 -22.340923 -0.007475 0.998001 -0.062758 -3.488995 0.582442 0.055360 0.810985 50.319523
0.809220 -0.030253 -0.586726 -22.969159 -0.010807 0.997738 -0.066351 -3.565534 0.587406 0.060033 0.807063 51.172006
0.806000 -0.028081 -0.591250 -23.621743 -0.016970 0.997367 -0.070502 -3.642181 0.591673 0.066858 0.803401 52.002299
0.802252 -0.028935 -0.596284 -24.265750 -0.018312 0.997162 -0.073024 -3.717460 0.596705 0.069503 0.799445 52.850437
0.797630 -0.031638 -0.602316 -24.894911 -0.015386 0.997231 -0.072757 -3.778718 0.602950 0.067300 0.794935 53.715126
0.795386 -0.031714 -0.605273 -25.577736 -0.012075 0.997603 -0.068139 -3.890230 0.605983 0.061506 0.793096 54.540030
0.793529 -0.030506 -0.607767 -26.267138 -0.011440 0.997818 -0.065020 -3.986299 0.608425 0.058549 0.791449 55.360356
0.790270 -0.027493 -0.612142 -26.946850 -0.015222 0.997804 -0.064466 -4.059893 0.612570 0.060263 0.788116 56.190923
0.786668 -0.028817 -0.616704 -27.621548 -0.015334 0.997690 -0.066179 -4.158285 0.617186 0.061517 0.784408 57.026990
0.782408 -0.028785 -0.622100 -28.313352 -0.017650 0.997505 -0.068353 -4.245206 0.622516 0.064461 0.779948 57.843295
0.779032 -0.028593 -0.626331 -29.017381 -0.019788 0.997341 -0.070141 -4.304024 0.626671 0.067036 0.776395 58.667202
0.773460 -0.028250 -0.633215 -29.680576 -0.019945 0.997427 -0.068861 -4.403719 0.633531 0.065891 0.770906 59.505443
0.768645 -0.028326 -0.639048 -30.388338 -0.019731 0.997494 -0.067947 -4.489201 0.639371 0.064836 0.766160 60.319637
0.761886 -0.030634 -0.646986 -31.082434 -0.019900 0.997302 -0.070655 -4.566367 0.647405 0.066706 0.759221 61.149849
0.755747 -0.034223 -0.653969 -31.776298 -0.018839 0.997084 -0.073950 -4.641137 0.654593 0.068207 0.752899 61.988202
0.750564 -0.036058 -0.659813 -32.524602 -0.017873 0.997037 -0.074818 -4.745858 0.660556 0.067949 0.747695 62.777237
0.746771 -0.036607 -0.664073 -33.285412 -0.019339 0.996867 -0.076699 -4.835038 0.664800 0.070119 0.743723 63.560237
0.739180 -0.039278 -0.672361 -34.023269 -0.018122 0.996777 -0.078153 -4.940971 0.673264 0.069954 0.736086 64.386051
0.732832 -0.041638 -0.679134 -34.783052 -0.017467 0.996646 -0.079953 -5.029405 0.680185 0.070454 0.729647 65.188762
0.726705 -0.043539 -0.685568 -35.532390 -0.015650 0.996681 -0.079887 -5.125110 0.686771 0.068783 0.723612 65.982449
0.721605 -0.045496 -0.690809 -36.336917 -0.014606 0.996616 -0.080893 -5.219356 0.692151 0.068463 0.718498 66.746921
0.716225 -0.046675 -0.696306 -37.136632 -0.015287 0.996472 -0.082520 -5.333047 0.697702 0.069747 0.712985 67.517278
0.710323 -0.047432 -0.702276 -37.940199 -0.015230 0.996458 -0.082706 -5.455389 0.703711 0.069443 0.707084 68.296640
0.703689 -0.046640 -0.708976 -38.740786 -0.016807 0.996471 -0.082234 -5.556082 0.710310 0.069782 0.700422 69.087892
0.699948 -0.046429 -0.712683 -39.579645 -0.017469 0.996473 -0.082075 -5.656195 0.713980 0.069898 0.696668 69.854612
0.693885 -0.045509 -0.718646 -40.382271 -0.018733 0.996522 -0.081192 -5.760236 0.719842 0.069800 0.690620 70.657052
0.688185 -0.047025 -0.724010 -41.194461 -0.018785 0.996408 -0.082573 -5.887869 0.725292 0.070426 0.684830 71.451777
0.681523 -0.046555 -0.730314 -42.029047 -0.022371 0.996182 -0.084380 -5.996806 0.731455 0.073845 0.677880 72.230119
0.677282 -0.048288 -0.734137 -42.891102 -0.023437 0.995921 -0.087129 -6.120664 0.735350 0.076217 0.673388 72.983644
0.673563 -0.047475 -0.737603 -43.781030 -0.024779 0.995924 -0.086729 -6.232748 0.738714 0.076694 0.669641 73.717090
0.667690 -0.051207 -0.742676 -44.628295 -0.021366 0.995902 -0.087875 -6.355921 0.744133 0.074541 0.663860 74.506313
0.663486 -0.052059 -0.746375 -45.511915 -0.020777 0.995910 -0.087934 -6.479750 0.747900 0.073850 0.659690 75.262191
0.658529 -0.056762 -0.750412 -46.404413 -0.018634 0.995616 -0.091661 -6.580600 0.752325 0.074345 0.654584 76.012439
0.653693 -0.060361 -0.754349 -47.295887 -0.017691 0.995323 -0.094973 -6.672957 0.756553 0.075428 0.649567 76.765183
0.648841 -0.064039 -0.758225 -48.196759 -0.016438 0.995040 -0.098107 -6.777567 0.760747 0.076120 0.644570 77.527122
0.647402 -0.064301 -0.759431 -49.132763 -0.016522 0.995016 -0.098333 -6.908347 0.761970 0.076209 0.643113 78.250766
0.644082 -0.066559 -0.762056 -50.057030 -0.017162 0.994699 -0.101384 -7.027480 0.764764 0.078378 0.639525 78.993014
0.637382 -0.072956 -0.767087 -50.949702 -0.015354 0.994108 -0.107305 -7.176667 0.770395 0.080173 0.632506 79.771836
0.633027 -0.077647 -0.770226 -51.902056 -0.013073 0.993743 -0.110925 -7.319268 0.774019 0.080287 0.628051 80.495119
0.628454 -0.083752 -0.773324 -52.849266 -0.008827 0.993355 -0.114755 -7.491731 0.777796 0.078944 0.623539 81.214495
0.620872 -0.089933 -0.778736 -53.795678 -0.003968 0.993024 -0.117843 -7.677046 0.783902 0.076256 0.616185 81.943408
0.611947 -0.096741 -0.784960 -54.753981 0.000020 0.992493 -0.122302 -7.821926 0.790899 0.074827 0.607355 82.679806
0.601158 -0.100596 -0.792773 -55.717326 0.003708 0.992386 -0.123114 -7.984633 0.799122 0.071071 0.596953 83.414794
0.593559 -0.100907 -0.798439 -56.710538 0.003633 0.992434 -0.122723 -8.161730 0.804782 0.069942 0.589435 84.109392
0.584087 -0.101861 -0.805274 -57.700565 0.003209 0.992377 -0.123200 -8.340419 0.811685 0.069375 0.579961 84.811031
0.576560 -0.103293 -0.810499 -58.716950 0.001660 0.992123 -0.125259 -8.507567 0.817053 0.070873 0.572190 85.483769
0.565367 -0.105653 -0.818045 -59.711710 0.000004 0.991763 -0.128086 -8.650526 0.824840 0.072412 0.560710 86.201686
0.554566 -0.109853 -0.824857 -60.730541 0.001586 0.991386 -0.130965 -8.797000 0.832138 0.071321 0.549963 86.888818
0.541731 -0.114743 -0.832683 -61.736561 0.005621 0.991111 -0.132917 -8.977089 0.840533 0.067325 0.537561 87.597676
0.530835 -0.116072 -0.839489 -62.777025 0.004278 0.990931 -0.134307 -9.137838 0.847464 0.067703 0.526517 88.263265
0.521230 -0.113472 -0.845839 -63.841467 0.000957 0.991198 -0.132383 -9.311079 0.853416 0.068192 0.516750 88.891453
0.511643 -0.113686 -0.851644 -64.921744 0.000197 0.991223 -0.132200 -9.480771 0.859198 0.067472 0.507174 89.508546
0.502047 -0.113524 -0.857357 -65.997887 -0.001138 0.991260 -0.131920 -9.666186 0.864840 0.067206 0.497530 90.117758
0.491051 -0.114558 -0.863566 -67.088686 -0.001754 0.991183 -0.132485 -9.844801 0.871129 0.066572 0.486520 90.734999
0.481832 -0.118659 -0.868192 -68.191252 0.001562 0.990904 -0.134564 -10.014825 0.876262 0.063481 0.477635 91.338469
0.474187 -0.119179 -0.872321 -69.303020 0.004939 0.991140 -0.132728 -10.221814 0.880411 0.058630 0.470574 91.920687
0.465427 -0.119403 -0.876995 -70.422611 0.004951 0.991194 -0.132323 -10.414031 0.885072 0.057245 0.461920 92.495137
0.459908 -0.121753 -0.879580 -71.555658 0.004127 0.990838 -0.134996 -10.612749 0.887957 0.058455 0.456197 93.035972
0.454127 -0.126142 -0.881962 -72.693371 0.004641 0.990248 -0.139240 -10.829042 0.890925 0.059140 0.450283 93.569291
0.449457 -0.126399 -0.884314 -73.833340 0.001815 0.990066 -0.140592 -11.002969 0.893300 0.061585 0.445222 94.111277
0.443832 -0.128506 -0.886848 -74.967344 -0.000188 0.989651 -0.143496 -11.195359 0.896110 0.063855 0.439215 94.667158
0.439431 -0.131889 -0.888541 -76.100874 0.002081 0.989309 -0.145817 -11.397259 0.898274 0.062227 0.435007 95.195065
0.435473 -0.133886 -0.890190 -77.240019 0.005959 0.989285 -0.145875 -11.594961 0.900182 0.058220 0.431605 95.726850
0.433424 -0.137753 -0.890600 -78.420810 0.010268 0.988939 -0.147966 -11.800015 0.901132 0.054988 0.430044 96.260985
0.432174 -0.139266 -0.890972 -79.514334 0.012022 0.988805 -0.148727 -11.997578 0.901710 0.053565 0.429010 96.760341
0.430331 -0.141388 -0.891529 -80.635920 0.012642 0.988504 -0.150665 -12.193285 0.902583 0.053565 0.427172 97.287871
0.425702 -0.144191 -0.893301 -81.742612 0.016452 0.988292 -0.151684 -12.415614 0.904714 0.049875 0.423091 97.824931
0.424676 -0.145046 -0.893651 -82.867446 0.017474 0.988212 -0.152090 -12.606880 0.905177 0.048973 0.422205 98.329404
0.422779 -0.147580 -0.894135 -83.983628 0.017757 0.987811 -0.154645 -12.803470 0.906059 0.049504 0.420247 98.823308
0.421270 -0.151496 -0.894192 -85.072548 0.019123 0.987214 -0.158247 -12.996491 0.906734 0.049565 0.418781 99.323700
0.417686 -0.156686 -0.894979 -86.145238 0.021511 0.986448 -0.162661 -13.179246 0.908337 0.048689 0.415395 99.836597
0.413924 -0.159211 -0.896281 -87.206269 0.024737 0.986190 -0.163758 -13.411446 0.909975 0.045612 0.412146 100.345080
0.412812 -0.161279 -0.896423 -88.277530 0.025254 0.985846 -0.165738 -13.629604 0.910466 0.045781 0.411043 100.811274
0.411374 -0.159599 -0.897385 -89.343819 0.023634 0.986087 -0.164541 -13.840120 0.911160 0.046479 0.409423 101.262894
0.408318 -0.160226 -0.898668 -90.375864 0.022613 0.985948 -0.165512 -14.057410 0.912560 0.047260 0.406203 101.753807
0.407180 -0.158043 -0.899571 -91.411817 0.020152 0.986230 -0.164147 -14.251682 0.913126 0.048709 0.404758 102.220017
0.408021 -0.154942 -0.899729 -92.435821 0.018769 0.986709 -0.161409 -14.464318 0.912780 0.048971 0.405506 102.673512
0.414954 -0.149899 -0.897409 -93.481006 0.016875 0.987433 -0.157134 -14.693929 0.909686 0.050060 0.412269 103.048082
0.417189 -0.149125 -0.896502 -94.472343 0.014653 0.987422 -0.157429 -14.873303 0.908702 0.052541 0.414126 103.554135
0.420381 -0.148825 -0.895059 -95.464460 0.013484 0.987372 -0.157841 -15.067943 0.907247 0.054285 0.417080 104.049633
0.429090 -0.146237 -0.891345 -96.469025 0.013750 0.987751 -0.155434 -15.267539 0.903157 0.054439 0.425845 104.505774
0.436763 -0.142424 -0.888231 -97.463154 0.011507 0.988191 -0.152794 -15.446382 0.899503 0.056514 0.433244 104.980578
0.442373 -0.142976 -0.885361 -98.429250 0.011024 0.988003 -0.154044 -15.621074 0.896763 0.058385 0.438642 105.504987
0.449459 -0.139724 -0.882306 -99.407633 0.009131 0.988359 -0.151868 -15.805994 0.893254 0.060202 0.445502 105.993363
0.459641 -0.134126 -0.877918 -100.381556 0.006513 0.989012 -0.147689 -16.001888 0.888081 0.062166 0.455464 106.468441
0.469079 -0.130561 -0.873452 -101.329926 0.001932 0.989161 -0.146819 -16.169759 0.883154 0.067183 0.464247 106.993511
0.479075 -0.126008 -0.868683 -102.276675 -0.001800 0.989499 -0.144525 -16.350664 0.877772 0.070802 0.473817 107.509746
0.491060 -0.120991 -0.862683 -103.226040 -0.003743 0.990006 -0.140978 -16.527351 0.871118 0.072458 0.485699 108.030230
0.504777 -0.116579 -0.855342 -104.177889 -0.003463 0.990558 -0.137052 -16.698611 0.863243 0.072143 0.499607 108.547067
0.514214 -0.114717 -0.849955 -105.097378 -0.003822 0.990698 -0.136026 -16.851181 0.857653 0.073195 0.508992 109.117299
0.526450 -0.113833 -0.842551 -106.021373 -0.004292 0.990628 -0.136521 -17.011241 0.850195 0.075488 0.521027 109.666509
0.538208 -0.112297 -0.835297 -106.938298 -0.005344 0.990609 -0.136621 -17.166476 0.842795 0.077994 0.532553 110.221050
0.550720 -0.110290 -0.827372 -107.835376 -0.006567 0.990629 -0.136424 -17.334594 0.834664 0.080565 0.544835 110.769783
0.562780 -0.110363 -0.819206 -108.709324 -0.007222 0.990353 -0.138382 -17.497808 0.826575 0.083795 0.556554 111.341096
0.573078 -0.109545 -0.812146 -109.572376 -0.007076 0.990327 -0.138572 -17.668497 0.819470 0.085159 0.566759 111.914933
0.585049 -0.106415 -0.803986 -110.422053 -0.006650 0.990691 -0.135966 -17.838134 0.810971 0.084893 0.578895 112.494697
0.594356 -0.104588 -0.797372 -111.241889 -0.003493 0.991162 -0.132610 -18.007655 0.804194 0.081602 0.588738 113.104098
0.605257 -0.101372 -0.789549 -112.059802 -0.004584 0.991398 -0.130802 -18.155232 0.796017 0.082788 0.599586 113.697258
0.615723 -0.095590 -0.782143 -112.864174 -0.007939 0.991811 -0.127464 -18.322714 0.787923 0.084692 0.609922 114.291452
0.625724 -0.088815 -0.774972 -113.664134 -0.012152 0.992266 -0.123530 -18.462404 0.779950 0.086713 0.619806 114.881136
0.635860 -0.086819 -0.766906 -114.451518 -0.011992 0.992422 -0.122291 -18.617651 0.771711 0.086957 0.630000 115.468736
0.643020 -0.086221 -0.760980 -115.187818 -0.010815 0.992521 -0.121594 -18.753991 0.765773 0.086418 0.637278 116.113977
0.652604 -0.085618 -0.752847 -115.933431 -0.008440 0.992712 -0.120213 -18.896993 0.757652 0.084806 0.647125 116.733581
0.663712 -0.084891 -0.743156 -116.683728 -0.007205 0.992767 -0.119838 -19.035349 0.747954 0.084893 0.658300 117.333828
0.673344 -0.081412 -0.734833 -117.408209 -0.009324 0.992905 -0.118546 -19.171147 0.739270 0.086674 0.667808 117.951367
0.678081 -0.080010 -0.730619 -118.086326 -0.009432 0.993028 -0.117500 -19.304528 0.734927 0.086565 0.672599 118.607740
0.684752 -0.078819 -0.724502 -118.771460 -0.007904 0.993273 -0.115529 -19.439916 0.728734 0.084835 0.679522 119.242685
0.693121 -0.077932 -0.716596 -119.430337 -0.006889 0.993377 -0.114695 -19.530454 0.720788 0.084434 0.687994 119.877708
0.700245 -0.076759 -0.709764 -120.053320 -0.006914 0.993427 -0.114257 -19.632489 0.713869 0.084915 0.695112 120.538146
0.708314 -0.075265 -0.701873 -120.693669 -0.007415 0.993451 -0.114015 -19.760770 0.705858 0.085963 0.703118 121.143229
0.715713 -0.071850 -0.694688 -121.298869 -0.008414 0.993735 -0.111448 -19.870998 0.698343 0.085610 0.710625 121.781165
0.722126 -0.069717 -0.688239 -121.891854 -0.007486 0.994063 -0.108551 -19.986455 0.691721 0.083539 0.717317 122.415215
0.730464 -0.064896 -0.679861 -122.464769 -0.008421 0.994544 -0.103981 -20.088930 0.682900 0.081680 0.725931 123.070003
0.739705 -0.061150 -0.670147 -123.052079 -0.010185 0.994731 -0.102010 -20.194460 0.672854 0.082283 0.735185 123.701977
0.752664 -0.058482 -0.655802 -123.672932 -0.012330 0.994621 -0.102848 -20.284119 0.658289 0.085497 0.747894 124.264587
0.762533 -0.057939 -0.644349 -124.204598 -0.012538 0.994471 -0.104259 -20.397785 0.646827 0.087580 0.757591 124.913708
0.774088 -0.055850 -0.630609 -124.795528 -0.013099 0.994475 -0.104155 -20.495385 0.632942 0.088886 0.769080 125.505660
0.782737 -0.053303 -0.620066 -125.269946 -0.013371 0.994655 -0.102383 -20.591899 0.622209 0.088430 0.777840 126.198229
0.792817 -0.051437 -0.607286 -125.790145 -0.011974 0.994925 -0.099902 -20.685737 0.609342 0.086476 0.788178 126.849434
0.802637 -0.049883 -0.594379 -126.319749 -0.010917 0.995101 -0.098255 -20.798004 0.596368 0.085352 0.798160 127.492709
0.811590 -0.048590 -0.582204 -126.825393 -0.009320 0.995332 -0.096060 -20.917461 0.584154 0.083388 0.807348 128.153975
0.820607 -0.045819 -0.569654 -127.288283 -0.009926 0.995488 -0.094369 -20.988493 0.571407 0.083094 0.816449 128.849008
0.827371 -0.045416 -0.559817 -127.739522 -0.008747 0.995563 -0.093694 -21.087050 0.561588 0.082416 0.823302 129.545527
0.834810 -0.042978 -0.548858 -128.242437 -0.009575 0.995664 -0.092528 -21.209243 0.550455 0.082499 0.830779 130.205098
0.842284 -0.040039 -0.537544 -128.762414 -0.011205 0.995721 -0.091724 -21.318296 0.538917 0.083281 0.838232 130.872489
0.848413 -0.037028 -0.528039 -129.209987 -0.012733 0.995834 -0.090291 -21.413220 0.529182 0.083328 0.844407 131.560359
0.853989 -0.036338 -0.519020 -129.628551 -0.012219 0.995882 -0.089829 -21.510218 0.520147 0.083055 0.850029 132.287969
0.859813 -0.036859 -0.509277 -130.069526 -0.011283 0.995776 -0.091117 -21.589568 0.510485 0.084090 0.855765 133.007704
0.864342 -0.037427 -0.501510 -130.431619 -0.010471 0.995671 -0.092353 -21.697559 0.502795 0.085076 0.860209 133.776307
0.869098 -0.036831 -0.493267 -130.825425 -0.010270 0.995666 -0.092438 -21.801289 0.494534 0.085403 0.864952 134.529852
0.874894 -0.034812 -0.483062 -131.324288 -0.010930 0.995740 -0.091555 -21.901410 0.484191 0.085381 0.870787 135.237813
0.878250 -0.033510 -0.477027 -131.751714 -0.010179 0.996006 -0.088709 -21.985209 0.478094 0.082764 0.874401 136.006079
0.880984 -0.031839 -0.472074 -132.178938 -0.009663 0.996314 -0.085229 -22.047677 0.473048 0.079647 0.877429 136.793046
0.882195 -0.031955 -0.469798 -132.523624 -0.008375 0.996472 -0.083506 -22.133036 0.470809 0.077604 0.878815 137.618691
0.885910 -0.029241 -0.462934 -132.974473 -0.009093 0.996725 -0.080357 -22.220378 0.463768 0.075399 0.882743 138.405701
0.890095 -0.026031 -0.455031 -133.426205 -0.010202 0.996980 -0.076991 -22.305258 0.455661 0.073171 0.887141 139.210084
0.895077 -0.025239 -0.445197 -133.925533 -0.009482 0.997094 -0.075591 -22.342627 0.445811 0.071881 0.892236 140.004108
0.898553 -0.026606 -0.438058 -134.328869 -0.007113 0.997147 -0.075153 -22.411377 0.438808 0.070645 0.895800 140.861630
0.901752 -0.026989 -0.431411 -134.721934 -0.005864 0.997193 -0.074643 -22.508131 0.432215 0.069839 0.899062 141.734023
0.905404 -0.027455 -0.423661 -135.129613 -0.005203 0.997114 -0.075738 -22.583029 0.424518 0.070778 0.902649 142.613556
0.909231 -0.027908 -0.415356 -135.525341 -0.004384 0.997053 -0.076589 -22.689134 0.416270 0.071458 0.906429 143.507919
0.913070 -0.028269 -0.406821 -135.920246 -0.003597 0.996997 -0.077353 -22.799089 0.407786 0.072092 0.910227 144.414724
0.917383 -0.026776 -0.397104 -136.282331 -0.004778 0.996922 -0.078258 -22.917757 0.397977 0.073689 0.914431 145.366420
0.923131 -0.022865 -0.383805 -136.682300 -0.007448 0.996979 -0.077308 -23.016350 0.384413 0.074224 0.920172 146.277759
0.929705 -0.016797 -0.367923 -137.060578 -0.011211 0.997206 -0.073854 -23.135821 0.368135 0.072788 0.926919 147.232265
0.937071 -0.012108 -0.348928 -137.452800 -0.013441 0.997407 -0.070707 -23.214426 0.348879 0.070948 0.934478 148.198047
0.944589 -0.006594 -0.328189 -137.851045 -0.016431 0.997595 -0.067334 -23.301227 0.327844 0.068996 0.942209 149.176741
0.951162 -0.006396 -0.308626 -138.187174 -0.015475 0.997540 -0.068365 -23.348805 0.308304 0.069802 0.948723 150.182677
0.958975 -0.002949 -0.283475 -138.607195 -0.016651 0.997633 -0.066710 -23.431874 0.283001 0.068693 0.956656 151.172468
0.965094 -0.001567 -0.261898 -138.914574 -0.015536 0.997879 -0.063222 -23.529318 0.261442 0.065084 0.963022 152.216804
0.970733 0.002690 -0.240144 -139.206302 -0.017397 0.998098 -0.059144 -23.619767 0.239528 0.061591 0.968934 153.272374
0.976131 0.004387 -0.217138 -139.480187 -0.017058 0.998256 -0.056514 -23.675562 0.216512 0.058869 0.974504 154.354404
0.981019 0.007552 -0.193765 -139.753683 -0.018097 0.998446 -0.052709 -23.776350 0.193065 0.055215 0.979631 155.446453
0.984822 0.009789 -0.173291 -139.941766 -0.018881 0.998525 -0.050896 -23.868170 0.172537 0.053395 0.983555 156.565227
0.988733 0.009877 -0.149363 -140.142711 -0.018048 0.998407 -0.053449 -23.943289 0.148597 0.055542 0.987337 157.697835
0.991636 0.013583 -0.128351 -140.286953 -0.020564 0.998371 -0.053225 -24.050160 0.127419 0.055419 0.990300 158.847460
0.994221 0.013485 -0.106498 -140.434467 -0.019048 0.998497 -0.051390 -24.135484 0.105645 0.053121 0.992984 160.015643
0.996050 0.013713 -0.087734 -140.515581 -0.018096 0.998617 -0.049353 -24.204375 0.086936 0.050745 0.994921 161.209820
0.997520 0.016048 -0.068534 -140.561172 -0.019347 0.998673 -0.047737 -24.302549 0.067677 0.048944 0.996506 162.408906
0.998559 0.019032 -0.050176 -140.361818 -0.021378 0.998682 -0.046651 -24.392295 0.049222 0.047656 0.997650 163.618333
0.999299 0.020718 -0.031186 -140.287172 -0.022146 0.998689 -0.046154 -24.497473 0.030188 0.046812 0.998447 164.835044
0.999638 0.024471 -0.011163 -140.331605 -0.024965 0.998603 -0.046563 -24.566557 0.010008 0.046824 0.998853 166.072769
0.999608 0.026423 0.009212 -140.310609 -0.025964 0.998563 -0.046881 -24.664840 -0.010437 0.046623 0.998858 167.315224
0.999168 0.028187 0.029478 -140.380979 -0.026716 0.998433 -0.049163 -24.686693 -0.030817 0.048335 0.998356 168.567286
0.998484 0.030554 0.045776 -140.283607 -0.028233 0.998324 -0.050521 -24.850147 -0.047243 0.049152 0.997673 169.826805
0.997506 0.032161 0.062829 -140.070290 -0.029020 0.998313 -0.050284 -25.044334 -0.064340 0.048335 0.996757 171.078014
0.996097 0.033264 0.081753 -140.017172 -0.028951 0.998154 -0.053389 -25.108082 -0.083378 0.050814 0.995222 172.363175
0.994611 0.034065 0.097916 -139.821240 -0.028461 0.997907 -0.058062 -25.195262 -0.099689 0.054963 0.993499 173.644059
0.992571 0.035137 0.116484 -139.654068 -0.027748 0.997535 -0.064458 -25.278683 -0.118462 0.060747 0.991099 174.943663
0.990147 0.037866 0.134818 -139.575368 -0.028610 0.997141 -0.069940 -25.343070 -0.137081 0.065394 0.988399 176.263364
0.987220 0.040287 0.154188 -139.522583 -0.029341 0.996928 -0.072623 -25.554021 -0.156640 0.067171 0.985369 177.584422
0.984628 0.042370 0.169447 -139.237297 -0.030042 0.996756 -0.074668 -25.710701 -0.172061 0.068429 0.982707 178.888630
0.981530 0.043273 0.186352 -138.923299 -0.029998 0.996846 -0.073476 -25.852491 -0.188943 0.066529 0.979732 180.211947
0.978359 0.042401 0.202522 -138.681313 -0.027809 0.996843 -0.074366 -25.956976 -0.205036 0.067125 0.976450 181.564470
0.974795 0.042656 0.218987 -138.353582 -0.026254 0.996664 -0.077270 -26.146835 -0.221553 0.069574 0.972663 182.889639
0.970440 0.044262 0.237250 -138.171798 -0.025583 0.996366 -0.081240 -26.281968 -0.239984 0.072769 0.968046 184.258448
0.966202 0.047653 0.253345 -137.781411 -0.027984 0.996347 -0.080682 -26.437249 -0.256264 0.070866 0.964006 185.594042
0.961059 0.050191 0.271746 -137.627099 -0.028861 0.996220 -0.081928 -26.561599 -0.274831 0.070895 0.958875 186.988237
0.955092 0.054196 0.291310 -137.349039 -0.030465 0.995881 -0.085393 -26.708806 -0.294739 0.072683 0.952810 188.374867
0.949617 0.055240 0.308505 -136.974646 -0.029353 0.995694 -0.087932 -26.877854 -0.312034 0.074446 0.947150 189.739557
0.944187 0.056080 0.324600 -136.493949 -0.028447 0.995602 -0.089261 -27.037340 -0.328178 0.075045 0.941630 191.086530
0.937417 0.057162 0.343483 -136.127590 -0.026476 0.995279 -0.093376 -27.211722 -0.347199 0.078438 0.934505 192.477664
0.931693 0.059093 0.358407 -135.387370 -0.025113 0.994797 -0.098736 -27.365190 -0.362377 0.082991 0.928329 193.710542
0.922549 0.064105 0.380517 -134.802402 -0.026758 0.994358 -0.102643 -27.513076 -0.384950 0.084512 0.919060 195.052170
0.912961 0.069101 0.402153 -134.120637 -0.028855 0.994022 -0.105294 -27.637116 -0.407025 0.084525 0.909498 196.346388
0.902116 0.075590 0.424822 -133.485734 -0.032370 0.993617 -0.108059 -27.838405 -0.430279 0.083731 0.898804 197.676566
0.889447 0.082811 0.449474 -132.804342 -0.035182 0.992936 -0.113317 -27.952337 -0.455682 0.084976 0.886077 198.993249
0.875113 0.089191 0.475628 -132.198297 -0.038158 0.992526 -0.115913 -28.172965 -0.482411 0.083288 0.871976 200.336135
0.862056 0.091326 0.498516 -131.467153 -0.037570 0.992440 -0.116842 -28.378765 -0.505418 0.081995 0.858970 201.634079
0.847716 0.093368 0.522169 -130.746713 -0.036619 0.992339 -0.117990 -28.574268 -0.529186 0.080901 0.844641 202.936692
0.833995 0.095095 0.543516 -129.907713 -0.034537 0.992102 -0.120585 -28.763654 -0.550690 0.081796 0.830692 204.174242
0.819490 0.095678 0.565050 -129.108820 -0.031590 0.992008 -0.122158 -28.998318 -0.572222 0.082257 0.815963 205.431952
0.803492 0.097339 0.587304 -128.374192 -0.030146 0.991929 -0.123158 -29.235115 -0.594552 0.081251 0.799942 206.735350
0.789110 0.098815 0.606252 -127.497929 -0.027977 0.991733 -0.125231 -29.429673 -0.613615 0.081860 0.785351 207.961434
0.775459 0.099549 0.623501 -126.501576 -0.027159 0.991838 -0.124580 -29.677289 -0.630814 0.079673 0.771833 209.093582
0.762408 0.101160 0.639141 -125.493022 -0.025854 0.991678 -0.126118 -29.828564 -0.646580 0.079629 0.758679 210.230428
0.747813 0.102083 0.656014 -124.522083 -0.024031 0.991623 -0.126913 -30.039467 -0.663474 0.079142 0.744001 211.390305
0.736149 0.103215 0.668904 -123.417808 -0.022912 0.991537 -0.127783 -30.316344 -0.676432 0.078741 0.732284 212.412961
0.722776 0.105601 0.682966 -122.317432 -0.020329 0.991078 -0.131727 -30.510540 -0.690783 0.081326 0.718474 213.471183
0.706231 0.107296 0.699804 -121.365497 -0.017338 0.990774 -0.134411 -30.676270 -0.707770 0.082792 0.701575 214.667090
0.692943 0.110608 0.712458 -120.264732 -0.017877 0.990495 -0.136385 -30.886606 -0.720771 0.081771 0.688333 215.730780
0.674870 0.116611 0.728665 -119.281448 -0.019535 0.989913 -0.140327 -31.071607 -0.737678 0.080468 0.670340 216.902586
0.657279 0.122031 0.743702 -118.225490 -0.023783 0.989671 -0.141371 -31.320368 -0.753272 0.075233 0.653392 217.995877
0.640490 0.128645 0.757115 -117.107844 -0.028925 0.989211 -0.143612 -31.550358 -0.767421 0.070083 0.637301 219.010781
0.624766 0.132755 0.769443 -115.977810 -0.030791 0.988863 -0.145611 -31.790886 -0.780205 0.067281 0.621896 219.990202
0.607873 0.137324 0.782069 -114.858791 -0.031407 0.988319 -0.149129 -32.043910 -0.793413 0.066089 0.605086 220.954796
0.590105 0.142664 0.794621 -113.737828 -0.032128 0.987633 -0.153458 -32.283649 -0.806687 0.065027 0.587391 221.893616
0.570814 0.145691 0.808050 -112.574324 -0.034257 0.987501 -0.153847 -32.543377 -0.820365 0.060137 0.568670 222.777260
0.551992 0.148282 0.820559 -111.364733 -0.037122 0.987456 -0.153470 -32.805636 -0.833022 0.054253 0.550573 223.565665
0.531219 0.151973 0.833493 -110.176687 -0.041140 0.987247 -0.153788 -33.040698 -0.846235 0.047405 0.530697 224.373590
0.509598 0.158144 0.845754 -108.996623 -0.046625 0.986595 -0.156386 -33.302420 -0.859148 0.040261 0.510140 225.156951
0.490207 0.159181 0.856947 -107.777082 -0.047856 0.986614 -0.155892 -33.562829 -0.870291 0.035409 0.491263 225.846713
0.468465 0.161205 0.868650 -106.581634 -0.049725 0.986465 -0.156252 -33.830542 -0.882081 0.030005 0.470140 226.557281
0.451082 0.160282 0.877972 -105.347355 -0.048782 0.986699 -0.155068 -34.060752 -0.891148 0.027120 0.452901 227.167816
0.430827 0.160227 0.888097 -104.137788 -0.048462 0.986800 -0.154525 -34.316166 -0.901132 0.023534 0.432905 227.800549
0.411270 0.157533 0.897798 -102.930706 -0.046283 0.987291 -0.152034 -34.532369 -0.910338 0.020974 0.413334 228.416190
0.388648 0.158313 0.907684 -101.751297 -0.048866 0.987283 -0.151274 -34.761973 -0.920090 0.014438 0.391442 229.050563
0.368913 0.160570 0.915489 -100.507511 -0.049617 0.986963 -0.153111 -34.983142 -0.928139 0.011060 0.372070 229.523281
0.347523 0.163278 0.923346 -99.302275 -0.044996 0.986492 -0.157509 -35.205561 -0.936591 0.013191 0.350176 230.044980
0.325257 0.167389 0.930693 -98.133799 -0.037243 0.985712 -0.164268 -35.416570 -0.944892 0.018767 0.326844 230.589175
0.308143 0.170653 0.935909 -96.925263 -0.031713 0.985075 -0.169177 -35.660559 -0.950811 0.022451 0.308956 230.990428
0.289673 0.176984 0.940620 -95.722451 -0.029593 0.983941 -0.176022 -35.899000 -0.956668 0.023153 0.290259 231.389684
0.269475 0.181798 0.945692 -94.521428 -0.030057 0.983128 -0.180430 -36.133318 -0.962538 0.020197 0.270393 231.763149
0.248037 0.187488 0.950435 -93.343078 -0.031667 0.982138 -0.185478 -36.365208 -0.968233 0.015907 0.249543 232.159950
0.226031 0.190996 0.955212 -92.170594 -0.033474 0.981534 -0.188338 -36.628495 -0.973545 0.010595 0.228250 232.523224
0.206822 0.194433 0.958864 -90.988049 -0.037845 0.980911 -0.190741 -36.915549 -0.977646 0.003161 0.210232 232.796017
0.187451 0.195560 0.962610 -89.811827 -0.038566 0.980691 -0.191723 -37.198122 -0.981517 -0.001185 0.191374 233.061713
0.172509 0.196719 0.965164 -88.628132 -0.037867 0.980455 -0.193067 -37.447977 -0.984280 -0.003242 0.176586 233.261478
0.153943 0.202924 0.967018 -87.462735 -0.035717 0.979187 -0.199792 -37.703385 -0.987434 -0.003783 0.157987 233.484866
0.135023 0.204595 0.969490 -86.303231 -0.034229 0.978829 -0.201798 -37.963713 -0.990251 -0.005937 0.139167 233.673512
0.118656 0.206018 0.971328 -85.147794 -0.037775 0.978467 -0.202918 -38.230818 -0.992217 -0.012614 0.123883 233.816538
0.101671 0.204564 0.973559 -84.010505 -0.042996 0.978619 -0.201137 -38.508745 -0.993889 -0.021410 0.108292 234.023292
0.085832 0.205626 0.974859 -82.859522 -0.047386 0.978205 -0.202160 -38.772331 -0.995182 -0.028843 0.093705 234.194919
0.073881 0.203015 0.976384 -81.757423 -0.051027 0.978547 -0.199603 -39.037510 -0.995961 -0.035075 0.082655 234.312004
0.065484 0.202752 0.977038 -80.650514 -0.051723 0.978513 -0.199592 -39.298337 -0.996512 -0.037466 0.074564 234.401194
0.058301 0.204051 0.977223 -79.549939 -0.049581 0.978271 -0.201312 -39.526634 -0.997067 -0.036716 0.067151 234.453633
0.052700 0.206891 0.976944 -78.463819 -0.047270 0.977723 -0.204506 -39.766864 -0.997491 -0.035403 0.061305 234.550671
0.049984 0.207105 0.977041 -77.396846 -0.044051 0.977769 -0.205006 -40.034958 -0.997778 -0.032792 0.057996 234.583298
0.042182 0.207888 0.977243 -76.341807 -0.034223 0.977840 -0.206537 -40.261466 -0.998524 -0.024732 0.048362 234.672657
0.037805 0.210740 0.976811 -75.288536 -0.031638 0.977272 -0.209615 -40.489360 -0.998784 -0.022980 0.043613 234.736254
0.032079 0.209596 0.977262 -74.244603 -0.041625 0.977197 -0.208216 -40.759151 -0.998618 -0.033999 0.040071 234.809927
0.030095 0.207890 0.977689 -73.202821 -0.052318 0.977119 -0.206158 -41.023884 -0.998177 -0.044947 0.040283 234.842652
0.028921 0.206302 0.978061 -72.182614 -0.057975 0.977169 -0.204400 -41.294657 -0.997899 -0.050791 0.040221 234.898895
0.026136 0.208601 0.977652 -71.165487 -0.054911 0.976809 -0.206953 -41.506355 -0.998149 -0.048275 0.036984 235.003763
0.026966 0.208136 0.977728 -70.156062 -0.050624 0.977113 -0.206609 -41.732098 -0.998354 -0.043925 0.036886 235.049173
0.026926 0.211363 0.977037 -69.156302 -0.047354 0.976563 -0.209956 -41.950282 -0.998515 -0.040614 0.036304 235.136008
0.027634 0.213173 0.976624 -68.162738 -0.047054 0.976191 -0.211747 -42.189325 -0.998510 -0.040102 0.037007 235.214109
0.027810 0.214336 0.976364 -67.178304 -0.045877 0.975986 -0.212946 -42.421035 -0.998560 -0.038871 0.036976 235.309404
0.030272 0.215504 0.976034 -66.194604 -0.044582 0.975800 -0.214070 -42.647884 -0.998547 -0.037033 0.039147 235.369709
0.033236 0.218208 0.975336 -65.221707 -0.043179 0.975278 -0.216723 -42.873145 -0.998514 -0.034911 0.041837 235.474246
0.037499 0.218901 0.975026 -64.246472 -0.045388 0.975079 -0.217167 -43.115691 -0.998265 -0.036111 0.046500 235.556149
0.044390 0.216970 0.975169 -63.274569 -0.047366 0.975490 -0.214885 -43.356829 -0.997891 -0.036651 0.053579 235.649701
0.051092 0.214630 0.975358 -62.312621 -0.047629 0.976046 -0.212286 -43.578926 -0.997558 -0.035609 0.060091 235.711252
0.059437 0.213273 0.975183 -61.348393 -0.045946 0.976459 -0.210752 -43.794713 -0.997174 -0.032279 0.067837 235.774604
0.066821 0.212155 0.974949 -60.396255 -0.047845 0.976690 -0.209255 -44.050792 -0.996617 -0.032664 0.075414 235.874289
0.072445 0.211933 0.974595 -59.439203 -0.050344 0.976694 -0.208648 -44.281687 -0.996101 -0.033950 0.081427 235.976785
0.079122 0.211022 0.974274 -58.478730 -0.052351 0.976869 -0.207332 -44.497890 -0.995489 -0.034600 0.088339 236.054318
0.085200 0.211605 0.973635 -57.528919 -0.055061 0.976694 -0.207452 -44.726074 -0.994841 -0.035934 0.094866 236.175868
0.093531 0.212378 0.972701 -56.578920 -0.053271 0.976652 -0.208118 -44.935056 -0.994190 -0.032351 0.102661 236.254726
0.100588 0.211465 0.972196 -55.634360 -0.049647 0.977001 -0.207374 -45.141119 -0.993689 -0.027407 0.108773 236.365395
0.105548 0.212888 0.971359 -54.699939 -0.048967 0.976743 -0.208748 -45.359308 -0.993208 -0.025532 0.113518 236.523319
0.113227 0.215842 0.969841 -53.759330 -0.046542 0.976199 -0.211823 -45.560558 -0.992479 -0.021154 0.120578 236.661827
0.120047 0.217168 0.968724 -52.826525 -0.044716 0.975974 -0.213251 -45.769405 -0.991761 -0.017718 0.126874 236.814485
0.126620 0.218469 0.967594 -51.897737 -0.044690 0.975711 -0.214453 -45.978556 -0.990944 -0.016088 0.133308 236.990734
0.133714 0.219893 0.966317 -50.967846 -0.047980 0.975366 -0.215313 -46.204333 -0.989858 -0.017574 0.140970 237.126787
0.137748 0.221533 0.965375 -50.045298 -0.049234 0.974993 -0.216715 -46.424208 -0.989243 -0.017677 0.145210 237.317426
