0.999858 0.001964 0.016755 0.000000 -0.001942 0.999997 -0.001323 0.000000 -0.016758 0.001290 0.999859 0.000000
0.999252 0.005611 0.038272 0.000000 -0.005579 0.999984 -0.000931 0.000000 -0.038277 0.000717 0.999267 0.000000
0.997800 0.007878 0.065823 -0.003472 -0.007931 0.999968 0.000557 0.043057 -0.065817 -0.001078 0.997831 1.302403
0.995056 0.007503 0.099034 0.049991 -0.007835 0.999965 0.002967 0.040951 -0.099009 -0.003728 0.995080 1.472931
0.990921 0.005087 0.134348 0.130121 -0.005965 0.999963 0.006136 0.018311 -0.134312 -0.006882 0.990915 1.647261
0.984714 0.002811 0.174155 0.203791 -0.004034 0.999970 0.006669 0.016816 -0.174131 -0.007269 0.984696 1.841987
0.976467 0.003859 0.215632 0.329000 -0.005758 0.999950 0.008179 -0.010417 -0.215590 -0.009228 0.976440 2.020847
0.964801 0.004169 0.262947 0.428448 -0.007277 0.999915 0.010846 -0.012012 -0.262879 -0.012378 0.964749 2.232838
0.950628 0.001185 0.310330 0.537952 -0.007266 0.999804 0.018438 -0.016567 -0.310247 -0.019783 0.950450 2.456045
0.934214 -0.006577 0.356652 0.678834 -0.003760 0.999593 0.028282 -0.030352 -0.356693 -0.027763 0.933809 2.680406
0.913628 -0.012647 0.406355 0.841070 -0.001347 0.999416 0.034133 -0.039555 -0.406549 -0.031732 0.913078 2.896522
0.889234 -0.015349 0.457195 1.007971 -0.002055 0.999293 0.037544 -0.040876 -0.457448 -0.034325 0.888574 3.119942
0.861895 -0.017586 0.506782 1.195615 -0.003813 0.999145 0.041157 -0.035703 -0.507073 -0.037406 0.861091 3.346919
0.830522 -0.023228 0.556501 1.404492 -0.003436 0.998897 0.046822 -0.041833 -0.556975 -0.040799 0.829527 3.570200
0.795767 -0.030804 0.604819 1.639612 -0.001427 0.998607 0.052738 -0.048162 -0.605602 -0.042830 0.794615 3.784065
0.758905 -0.036899 0.650155 1.887547 0.000215 0.998407 0.056413 -0.026341 -0.651201 -0.042672 0.757705 4.004957
0.721147 -0.043594 0.691410 2.167967 0.003198 0.998217 0.059604 -0.012573 -0.692775 -0.040772 0.720000 4.208276
0.681022 -0.047787 0.730702 2.465226 0.004121 0.998103 0.061434 0.001670 -0.732252 -0.038827 0.679926 4.422053
0.639486 -0.046391 0.767402 2.778972 0.000820 0.998218 0.059661 0.022680 -0.768803 -0.037523 0.638384 4.641279
0.599344 -0.048470 0.799023 3.129549 -0.000846 0.998126 0.061183 0.018110 -0.800491 -0.037346 0.598180 4.844348
0.557518 -0.055385 0.828316 3.423501 0.003630 0.997925 0.064283 0.121971 -0.830157 -0.032832 0.556562 5.135882
0.519507 -0.057465 0.852532 3.801023 0.003810 0.997882 0.064940 0.170668 -0.854458 -0.030489 0.518625 5.373962
0.482606 -0.057992 0.873916 4.220767 0.003614 0.997929 0.064225 0.196984 -0.875830 -0.027837 0.481816 5.590737
0.447544 -0.061965 0.892112 4.675626 0.006325 0.997791 0.066133 0.223835 -0.894239 -0.023955 0.446948 5.783151
0.413560 -0.065404 0.908125 5.143395 0.010849 0.997700 0.066915 0.261096 -0.910412 -0.017821 0.413318 6.000623
0.384060 -0.070291 0.920629 5.649852 0.014126 0.997429 0.070262 0.278199 -0.923200 -0.013980 0.384065 6.194425
0.358851 -0.072762 0.930554 6.181371 0.017831 0.997309 0.071105 0.316484 -0.933224 -0.008923 0.359183 6.394670
0.338623 -0.074060 0.938003 6.737132 0.019222 0.997234 0.071797 0.353278 -0.940726 -0.006282 0.339110 6.601355
0.325312 -0.076287 0.942525 7.331510 0.019957 0.997072 0.073813 0.397506 -0.945396 -0.005202 0.325882 6.780905
0.314249 -0.076599 0.946245 7.943270 0.019771 0.997051 0.074146 0.447959 -0.949135 -0.004593 0.314837 6.983739
0.303867 -0.076506 0.949638 8.584443 0.017343 0.997049 0.074776 0.483044 -0.952557 -0.006252 0.304297 7.179752
0.293817 -0.076161 0.952823 9.248978 0.015488 0.997069 0.074922 0.531146 -0.955736 -0.007256 0.294135 7.383258
0.283955 -0.076982 0.955742 9.934161 0.014184 0.997000 0.076092 0.576802 -0.958733 -0.008050 0.284195 7.586724
0.273264 -0.077491 0.958813 10.634942 0.013585 0.996962 0.076702 0.645920 -0.961843 -0.007934 0.273487 7.809856
0.262805 -0.076510 0.961811 11.359504 0.011294 0.997027 0.076226 0.691837 -0.964783 -0.009170 0.262888 8.024337
0.252987 -0.077095 0.964393 12.107368 0.010093 0.996976 0.077052 0.737021 -0.967417 -0.009760 0.253000 8.217900
0.242931 -0.077682 0.966928 12.871857 0.007386 0.996908 0.078235 0.780791 -0.970015 -0.011864 0.242753 8.419590
0.231038 -0.076249 0.969952 13.642021 0.003453 0.996982 0.077551 0.844603 -0.972938 -0.014568 0.230605 8.624483
0.218616 -0.075927 0.972853 14.423753 -0.000655 0.996957 0.077955 0.889541 -0.975811 -0.017680 0.217901 8.813062
0.206905 -0.076421 0.975372 15.217362 -0.002825 0.996894 0.078706 0.935335 -0.978357 -0.019040 0.206046 8.966988
0.193341 -0.077393 0.978074 16.008979 -0.002859 0.996835 0.079443 0.984009 -0.981127 -0.018156 0.192508 9.132385
0.179262 -0.077840 0.980717 16.808859 -0.001636 0.996840 0.079418 1.035494 -0.983800 -0.015841 0.178568 9.286521
0.163806 -0.079116 0.983315 17.617723 -0.000311 0.996775 0.080251 1.084240 -0.986492 -0.013451 0.163253 9.412701
0.142770 -0.077866 0.986688 18.428256 0.000731 0.996909 0.078566 1.130827 -0.989756 -0.010496 0.142385 9.545358
0.117379 -0.076920 0.990104 19.245548 0.002637 0.997016 0.077145 1.195469 -0.993084 -0.006444 0.117232 9.660718
0.086770 -0.075476 0.993365 20.068446 0.003391 0.997143 0.075466 1.249460 -0.996223 -0.003180 0.086778 9.746510
0.054403 -0.074768 0.995716 20.902318 0.003127 0.997200 0.074709 1.285215 -0.998514 -0.000951 0.054484 9.785553
0.020801 -0.075815 0.996905 21.738499 0.003739 0.997120 0.075754 1.323757 -0.999777 0.002151 0.021024 9.800784
-0.013177 -0.076054 0.997017 22.576828 0.004204 0.997090 0.076115 1.350572 -0.999904 0.005195 -0.012819 9.799687
-0.045181 -0.075036 0.996157 23.415702 0.006365 0.997133 0.075398 1.398314 -0.998959 0.009747 -0.044574 9.762257
-0.077276 -0.072912 0.994340 24.253366 0.009795 0.997219 0.073884 1.452198 -0.996962 0.015449 -0.076347 9.702486
-0.108231 -0.077529 0.991098 25.089324 0.012852 0.996762 0.079375 1.492749 -0.994043 0.021328 -0.106884 9.604734
-0.141139 -0.083039 0.986501 25.925107 0.016929 0.996128 0.086271 1.545291 -0.989845 0.028877 -0.139186 9.497690
-0.169352 -0.090817 0.981362 26.747431 0.020628 0.995201 0.095657 1.603915 -0.985340 0.036444 -0.166666 9.329370
-0.198287 -0.095671 0.975464 27.570782 0.023683 0.994467 0.102349 1.668739 -0.979858 0.043397 -0.194924 9.152925
-0.223570 -0.104942 0.969022 28.391493 0.025289 0.993228 0.113398 1.739060 -0.974360 0.049858 -0.219402 8.936895
-0.249686 -0.109494 0.962116 29.205606 0.032286 0.992093 0.121284 1.803232 -0.967789 0.061346 -0.244176 8.721403
-0.275400 -0.112870 0.954681 30.007947 0.045194 0.990465 0.130138 1.880969 -0.960267 0.078985 -0.267673 8.501503
-0.299654 -0.111514 0.947508 30.798921 0.061626 0.988809 0.135865 1.962653 -0.952056 0.099104 -0.289428 8.263334
-0.323415 -0.108643 0.940000 31.573196 0.076780 0.987099 0.140503 2.065390 -0.943137 0.117614 -0.310901 7.994252
-0.348550 -0.109169 0.930911 32.351766 0.084659 0.985467 0.147264 2.166188 -0.933459 0.130139 -0.334243 7.715848
-0.372086 -0.107721 0.921926 33.121747 0.087372 0.984768 0.150326 2.278478 -0.924077 0.136485 -0.357007 7.416594
-0.393016 -0.107653 0.913208 33.878588 0.084459 0.984699 0.152429 2.393475 -0.915645 0.137036 -0.377911 7.084713
-0.413312 -0.106075 0.904390 34.638222 0.078958 0.985276 0.151646 2.516254 -0.907160 0.134086 -0.398851 6.761895
-0.432300 -0.110145 0.894977 35.381043 0.071588 0.985187 0.155826 2.622513 -0.898883 0.131434 -0.418012 6.409210
-0.445220 -0.110030 0.888635 36.113141 0.070776 0.984992 0.157421 2.739537 -0.892620 0.132981 -0.430750 6.052999
-0.457235 -0.111385 0.882343 36.844564 0.071297 0.984342 0.161207 2.831821 -0.886483 0.136618 -0.442134 5.712405
-0.467413 -0.110030 0.877165 37.563006 0.073379 0.983971 0.162529 2.942693 -0.880988 0.140334 -0.451847 5.368487
-0.477714 -0.102797 0.872481 38.271325 0.078444 0.984172 0.158907 3.048261 -0.875006 0.144353 -0.462089 5.010593
-0.488828 -0.100666 0.866553 38.978015 0.077969 0.984303 0.158328 3.165045 -0.868889 0.144960 -0.473306 4.646521
-0.496693 -0.100606 0.862076 39.670893 0.078060 0.984056 0.159816 3.281006 -0.864409 0.146673 -0.480920 4.254389
-0.504644 -0.102038 0.857276 40.374844 0.078290 0.983491 0.163147 3.393623 -0.859770 0.149448 -0.488324 3.869266
-0.510045 -0.100648 0.854239 41.097253 0.081569 0.982995 0.164521 3.521631 -0.856271 0.153592 -0.493162 3.496740
-0.507809 -0.101391 0.855482 41.801069 0.083826 0.982522 0.166206 3.652446 -0.857381 0.156113 -0.490435 3.059579
-0.504604 -0.103287 0.857150 42.548364 0.082727 0.982465 0.167089 3.790430 -0.859378 0.155223 -0.487211 2.660916
-0.497811 -0.103225 0.861121 43.306181 0.083150 0.982638 0.165860 3.932081 -0.863291 0.154169 -0.480584 2.244327
-0.490620 -0.102986 0.865266 44.083115 0.083683 0.982833 0.164429 4.073872 -0.867346 0.153081 -0.473579 1.829924
-0.483657 -0.103056 0.869169 44.885320 0.084272 0.982947 0.163440 4.208598 -0.871191 0.152295 -0.466725 1.425134
-0.476900 -0.101765 0.873047 45.698046 0.085362 0.983217 0.161235 4.345717 -0.874803 0.151418 -0.460209 1.005537
-0.472468 -0.098077 0.875874 46.537663 0.087150 0.983720 0.157164 4.480969 -0.877028 0.150587 -0.456229 0.598853
-0.469583 -0.094298 0.877838 47.388557 0.088912 0.984174 0.153282 4.624196 -0.878400 0.150029 -0.453767 0.175314
-0.470625 -0.091030 0.877625 48.257207 0.090067 0.984512 0.150415 4.764192 -0.877725 0.149835 -0.455137 -0.248623
-0.471276 -0.090556 0.877325 49.132224 0.089760 0.984626 0.149849 4.896981 -0.877406 0.149369 -0.455902 -0.693307
-0.472152 -0.089801 0.876931 50.028362 0.089135 0.984835 0.148842 5.028745 -0.876999 0.148441 -0.456987 -1.119943
-0.472506 -0.088655 0.876857 50.933358 0.089116 0.985022 0.147613 5.168083 -0.876810 0.147890 -0.457528 -1.563188
-0.474135 -0.086779 0.876165 51.855988 0.089526 0.985221 0.146027 5.310526 -0.875888 0.147676 -0.459359 -1.995813
-0.474435 -0.084611 0.876215 52.775515 0.090694 0.985375 0.144259 5.450428 -0.875606 0.147909 -0.459823 -2.449348
-0.474416 -0.083332 0.876348 53.699677 0.090166 0.985674 0.142539 5.576870 -0.875671 0.146640 -0.460106 -2.912142
-0.472295 -0.083787 0.877449 54.609161 0.090191 0.985653 0.142666 5.707359 -0.876814 0.146519 -0.457962 -3.396664
-0.470782 -0.082832 0.878352 55.524144 0.090586 0.985783 0.141515 5.834509 -0.877587 0.146189 -0.456586 -3.867699
-0.469470 -0.082024 0.879130 56.444418 0.089974 0.986048 0.140047 5.962702 -0.878352 0.144847 -0.455540 -4.323310
-0.467362 -0.082502 0.880208 57.358137 0.087615 0.986412 0.138977 6.086720 -0.879714 0.142072 -0.453783 -4.792116
-0.465154 -0.082820 0.881347 58.277606 0.085357 0.986779 0.137776 6.194888 -0.881105 0.139316 -0.451935 -5.247707
-0.461980 -0.086012 0.882710 59.180000 0.082882 0.986744 0.139527 6.315938 -0.883009 0.137620 -0.448727 -5.723059
-0.460346 -0.084824 0.883678 60.100745 0.083783 0.986830 0.138371 6.434183 -0.883777 0.137735 -0.447176 -6.158962
-0.459496 -0.086455 0.883962 61.015967 0.084553 0.986473 0.140433 6.564549 -0.884146 0.139270 -0.445971 -6.598144
-0.459870 -0.086297 0.883783 61.921328 0.086053 0.986251 0.141079 6.690929 -0.883807 0.140930 -0.446121 -7.040107
-0.461618 -0.084678 0.883028 62.814948 0.088286 0.986106 0.140715 6.799291 -0.882674 0.142916 -0.447729 -7.501556
-0.466257 -0.083317 0.880717 63.711921 0.089086 0.986072 0.140446 6.914524 -0.880152 0.143944 -0.452341 -7.942349
-0.470356 -0.084855 0.878388 64.568233 0.086408 0.986155 0.141535 7.037181 -0.878237 0.142471 -0.456511 -8.458911
-0.475558 -0.082837 0.875776 65.455858 0.085382 0.986510 0.139674 7.161304 -0.875531 0.141198 -0.462069 -8.909188
-0.481829 -0.078973 0.872699 66.336120 0.084960 0.987028 0.136226 7.258146 -0.872137 0.139782 -0.468869 -9.364404
-0.488079 -0.078999 0.869217 67.213600 0.087000 0.986532 0.138513 7.367858 -0.868453 0.143227 -0.474632 -9.805740
-0.492522 -0.079241 0.866685 68.058022 0.088101 0.986191 0.140233 7.491013 -0.865830 0.145423 -0.478739 -10.292450
-0.496805 -0.076922 0.864447 68.908922 0.090520 0.986039 0.139764 7.606390 -0.863129 0.147685 -0.482905 -10.768026
-0.500855 -0.075573 0.862226 69.760254 0.090645 0.986123 0.139087 7.716753 -0.860772 0.147819 -0.487054 -11.233214
-0.504940 -0.075216 0.859871 70.610891 0.089073 0.986337 0.138585 7.828674 -0.858546 0.146568 -0.491341 -11.694660
-0.506736 -0.077079 0.858649 71.455394 0.080516 0.987410 0.136154 7.943500 -0.858333 0.138129 -0.494150 -12.176262
-0.509897 -0.075282 0.856935 72.308162 0.072297 0.988889 0.129893 8.051586 -0.857192 0.128186 -0.498789 -12.638630
-0.512937 -0.076060 0.855050 73.156295 0.069779 0.989076 0.129843 8.151184 -0.855585 0.126266 -0.502027 -13.096486
-0.514142 -0.075335 0.854390 73.985163 0.073892 0.988541 0.131629 8.240618 -0.854516 0.130809 -0.502684 -13.557975
-0.516114 -0.076248 0.853119 74.808971 0.078881 0.987566 0.135985 8.340920 -0.852880 0.137479 -0.503682 -14.017539
-0.517080 -0.080858 0.852109 75.623610 0.077428 0.987028 0.140645 8.458906 -0.852428 0.138702 -0.504112 -14.494473
-0.517303 -0.084548 0.851616 76.441021 0.074430 0.986892 0.143190 8.568293 -0.852560 0.137459 -0.504229 -14.970160
-0.516444 -0.084348 0.852157 77.251820 0.071999 0.987336 0.141362 8.683691 -0.853289 0.134360 -0.503831 -15.453106
-0.516298 -0.086344 0.852045 78.074109 0.065038 0.988078 0.139539 8.770506 -0.853936 0.127459 -0.504528 -15.919434
-0.514706 -0.082945 0.853345 78.882504 0.062631 0.989013 0.133909 8.899703 -0.855076 0.122369 -0.503855 -16.400111
-0.513663 -0.074496 0.854752 79.698779 0.065915 0.989853 0.125882 9.000810 -0.855456 0.121002 -0.503540 -16.857730
-0.511943 -0.067555 0.856359 80.522701 0.068499 0.990518 0.119088 9.099660 -0.856284 0.119626 -0.502461 -17.300751
-0.512099 -0.071883 0.855913 81.343666 0.063905 0.990541 0.121424 9.170099 -0.856546 0.116878 -0.502662 -17.748791
-0.509100 -0.076988 0.857257 82.150130 0.062083 0.990112 0.125789 9.250371 -0.858465 0.117261 -0.499287 -18.213367
-0.504097 -0.078425 0.860079 82.957164 0.064199 0.989711 0.127873 9.357568 -0.861258 0.119677 -0.493875 -18.664327
-0.496342 -0.083953 0.864058 83.761531 0.061568 0.989403 0.131498 9.460680 -0.865941 0.118466 -0.485914 -19.122989
-0.491466 -0.091285 0.866100 84.597450 0.056404 0.989067 0.136252 9.546775 -0.869069 0.115815 -0.480944 -19.531641
-0.480286 -0.088539 0.872632 85.405230 0.060541 0.989173 0.133684 9.677072 -0.875020 0.117037 -0.469726 -19.970138
-0.469147 -0.086334 0.878890 86.230949 0.061534 0.989596 0.130055 9.790674 -0.880974 0.115096 -0.458953 -20.384347
-0.456828 -0.088270 0.885165 87.053117 0.057381 0.990068 0.128345 9.889830 -0.887702 0.109423 -0.447226 -20.806614
-0.445102 -0.089260 0.891020 87.876511 0.057200 0.990154 0.127765 9.990542 -0.893651 0.107835 -0.435614 -21.211061
-0.436793 -0.089427 0.895106 88.733823 0.056195 0.990390 0.126369 10.084592 -0.897805 0.105498 -0.427570 -21.550679
-0.424400 -0.090531 0.900938 89.561612 0.059317 0.990072 0.127429 10.201432 -0.903530 0.107522 -0.414817 -21.935838
-0.412011 -0.090681 0.906655 90.392387 0.064162 0.989678 0.128142 10.291105 -0.908917 0.110969 -0.401940 -22.312405
-0.398818 -0.095016 0.912094 91.213911 0.071590 0.988356 0.134264 10.393546 -0.914231 0.118843 -0.387372 -22.686062
-0.386270 -0.095946 0.917382 92.052422 0.076645 0.987797 0.135582 10.502158 -0.919196 0.122684 -0.374203 -23.024344
-0.374159 -0.096729 0.922306 92.903228 0.073612 0.988309 0.133514 10.605144 -0.924439 0.117849 -0.362664 -23.350496
-0.361861 -0.091930 0.927688 93.749590 0.075626 0.988951 0.127500 10.737514 -0.929159 0.116294 -0.350911 -23.676740
-0.354260 -0.081452 0.931593 94.609760 0.081872 0.989673 0.117663 10.838508 -0.931556 0.117954 -0.343933 -23.950468
-0.348656 -0.071107 0.934550 95.463842 0.092899 0.989586 0.109952 10.931396 -0.932636 0.125154 -0.338419 -24.224678
-0.344464 -0.062369 0.936726 96.320673 0.103793 0.989144 0.104027 11.026498 -0.933044 0.133059 -0.334251 -24.491289
-0.340454 -0.052150 0.938814 97.179760 0.111745 0.989140 0.095469 11.122707 -0.933597 0.137411 -0.330930 -24.760255
-0.336752 -0.053114 0.940094 98.039751 0.111411 0.989147 0.095794 11.186877 -0.934979 0.136996 -0.327180 -25.039077
-0.330982 -0.050240 0.942299 98.889733 0.114621 0.989047 0.092994 11.269774 -0.936650 0.138787 -0.321598 -25.332128
-0.325598 -0.044608 0.944455 99.751009 0.113791 0.989777 0.085978 11.345428 -0.938636 0.135465 -0.317194 -25.604764
-0.322200 -0.045438 0.945581 100.623618 0.110005 0.990284 0.085069 11.404006 -0.940259 0.131428 -0.314071 -25.853679
-0.316367 -0.044913 0.947573 101.488617 0.108212 0.990650 0.083083 11.459837 -0.942445 0.128824 -0.308548 -26.107158
-0.309446 -0.036165 0.950229 102.349593 0.112460 0.990872 0.074334 11.520268 -0.944243 0.129865 -0.302555 -26.361318
-0.302524 -0.031485 0.952621 103.214043 0.116546 0.990733 0.069756 11.567162 -0.945989 0.132127 -0.296051 -26.595243
-0.296757 -0.033899 0.954351 104.073769 0.120061 0.990116 0.072503 11.616242 -0.947376 0.136096 -0.289754 -26.830613
-0.290217 -0.036004 0.956283 104.932980 0.122760 0.989635 0.074515 11.671886 -0.949054 0.139019 -0.282789 -27.074795
-0.281251 -0.037210 0.958913 105.790348 0.121097 0.989884 0.073930 11.730477 -0.951963 0.136915 -0.273900 -27.336244
-0.274819 -0.037923 0.960748 106.659903 0.115887 0.990631 0.072251 11.774523 -0.954487 0.131194 -0.267850 -27.571396
-0.267754 -0.037272 0.962766 107.534201 0.114298 0.990967 0.070151 11.823652 -0.956684 0.128825 -0.261075 -27.791116
-0.261306 -0.037080 0.964544 108.400709 0.118300 0.990498 0.070127 11.864528 -0.957979 0.132431 -0.254436 -28.006148
-0.255510 -0.037953 0.966061 109.272878 0.120738 0.990154 0.070833 11.905296 -0.959238 0.134739 -0.248412 -28.203583
-0.248913 -0.037660 0.967793 110.142571 0.121667 0.990112 0.069821 11.950279 -0.960853 0.135128 -0.241870 -28.411945
-0.242147 -0.039680 0.969428 111.019832 0.120682 0.990172 0.070674 11.992395 -0.962705 0.134106 -0.234978 -28.605214
-0.235911 -0.047224 0.970626 111.897920 0.117850 0.990056 0.076813 12.032519 -0.964602 0.132509 -0.228000 -28.786794
-0.229446 -0.049602 0.972057 112.775039 0.117839 0.989939 0.078329 12.083438 -0.966162 0.132519 -0.221292 -28.964718
-0.222713 -0.052489 0.973470 113.647971 0.117429 0.989835 0.080237 12.140960 -0.967786 0.132183 -0.214285 -29.157627
-0.215568 -0.048962 0.975261 114.530276 0.118657 0.990028 0.075931 12.189370 -0.969253 0.132089 -0.207609 -29.303983
-0.210687 -0.045367 0.976500 115.419192 0.119905 0.990180 0.071873 12.235063 -0.970172 0.132231 -0.203178 -29.411571
-0.207058 -0.045765 0.977258 116.297802 0.121902 0.989914 0.072186 12.329530 -0.970704 0.134077 -0.199391 -29.561710
-0.202924 -0.047144 0.978059 117.178357 0.121887 0.989856 0.073002 12.377253 -0.971579 0.134026 -0.195119 -29.717346
-0.198341 -0.049031 0.978906 118.054640 0.124914 0.989339 0.074863 12.451702 -0.972141 0.137127 -0.190102 -29.869903
-0.194193 -0.050459 0.979665 118.923128 0.122939 0.989551 0.075338 12.537179 -0.973229 0.135069 -0.185960 -30.084802
-0.191605 -0.056912 0.979821 119.804513 0.120182 0.989444 0.080973 12.605366 -0.974086 0.133272 -0.182742 -30.232440
-0.186827 -0.058947 0.980623 120.680897 0.119376 0.989439 0.082220 12.664750 -0.975113 0.132424 -0.177818 -30.392097
-0.180963 -0.057306 0.981819 121.555363 0.123756 0.989039 0.080538 12.739452 -0.975673 0.136080 -0.171887 -30.551962
-0.177304 -0.055079 0.982614 122.429953 0.126586 0.988863 0.078271 12.800547 -0.975981 0.138263 -0.168357 -30.690995
-0.173739 -0.051993 0.983418 123.302922 0.127473 0.989017 0.074810 12.860395 -0.976507 0.138356 -0.165203 -30.856117
-0.172725 -0.050708 0.983664 124.180533 0.126849 0.989212 0.073268 12.907333 -0.976768 0.137431 -0.164429 -30.994528
-0.172082 -0.053477 0.983630 125.058017 0.121747 0.989715 0.075107 12.957689 -0.977530 0.132678 -0.163801 -31.125762
-0.169853 -0.050682 0.984165 125.937048 0.116666 0.990619 0.071150 13.002958 -0.978539 0.126904 -0.162347 -31.280351
-0.169210 -0.051466 0.984235 126.809375 0.114654 0.990827 0.071522 13.042041 -0.978888 0.124949 -0.161757 -31.420442
-0.168243 -0.051311 0.984409 127.673312 0.119244 0.990251 0.071996 13.079744 -0.978507 0.129498 -0.160484 -31.546240
-0.168212 -0.051082 0.984426 128.533842 0.123161 0.989742 0.072403 13.125906 -0.978027 0.133422 -0.160195 -31.677968
-0.167843 -0.048048 0.984642 129.397683 0.122739 0.990021 0.069233 13.154571 -0.978143 0.132474 -0.160271 -31.802818
-0.168268 -0.045412 0.984695 130.262515 0.122891 0.990178 0.066666 13.195525 -0.978051 0.132228 -0.161035 -31.915857
-0.169293 -0.052195 0.984183 131.125968 0.121033 0.989937 0.073319 13.218018 -0.978106 0.131531 -0.161272 -32.017411
-0.166068 -0.049456 0.984873 131.971503 0.123693 0.989809 0.070561 13.262425 -0.978326 0.133540 -0.158258 -32.181346
-0.164589 -0.041047 0.985508 132.820852 0.128149 0.989776 0.062626 13.306413 -0.978002 0.136599 -0.157646 -32.297562
-0.163100 -0.035696 0.985964 133.664106 0.132201 0.989543 0.057694 13.345766 -0.977712 0.139755 -0.156675 -32.417491
-0.164116 -0.035156 0.985814 134.505073 0.136296 0.988971 0.057959 13.393331 -0.976980 0.143874 -0.157514 -32.531420
-0.163338 -0.039334 0.985786 135.339733 0.136041 0.988762 0.061994 13.421942 -0.977146 0.144234 -0.156151 -32.662668
-0.161004 -0.042639 0.986032 136.167150 0.136380 0.988521 0.065016 13.449996 -0.977486 0.144943 -0.153340 -32.785507
-0.161260 -0.051081 0.985589 136.999875 0.133066 0.988415 0.072999 13.490529 -0.977900 0.142920 -0.152595 -32.903025
-0.158283 -0.057188 0.985736 137.820592 0.128310 0.988665 0.077961 13.538323 -0.979021 0.138820 -0.149151 -33.037475
-0.156905 -0.065535 0.985437 138.648838 0.120274 0.989101 0.084929 13.571206 -0.980263 0.131848 -0.147313 -33.158470
-0.152491 -0.067154 0.986021 139.461421 0.120206 0.989021 0.085949 13.628523 -0.980967 0.131632 -0.142745 -33.281825
-0.148132 -0.066485 0.986730 140.268900 0.125496 0.988408 0.085438 13.678413 -0.980973 0.136486 -0.138072 -33.383578
-0.141228 -0.068865 0.987579 141.071683 0.127235 0.988042 0.087093 13.723211 -0.981767 0.137954 -0.130777 -33.488533
-0.134190 -0.069897 0.988487 141.873892 0.127707 0.987971 0.087197 13.779230 -0.982692 0.137938 -0.123649 -33.572022
-0.125310 -0.071435 0.989543 142.678788 0.123308 0.988549 0.086978 13.837701 -0.984425 0.132918 -0.115067 -33.650491
-0.113966 -0.071938 0.990877 143.478870 0.122562 0.988738 0.085879 13.901892 -0.985896 0.131231 -0.103865 -33.715929
-0.099324 -0.076722 0.992093 142.689174 0.124826 0.988186 0.088917 13.845290 -0.987195 0.132670 -0.088574 -33.630547
-0.086249 -0.081013 0.992974 141.896972 0.125138 0.987914 0.091470 13.797180 -0.988383 0.132148 -0.075069 -33.604985
-0.072942 -0.086046 0.993617 142.687169 0.124621 0.987677 0.094680 13.848635 -0.989520 0.130732 -0.061320 -33.651452
-0.059405 -0.091599 0.994022 143.467150 0.123657 0.987436 0.098383 13.888294 -0.990545 0.128762 -0.047332 -33.690349
-0.045804 -0.091953 0.994709 144.240528 0.129670 0.986782 0.097192 13.933675 -0.990499 0.133436 -0.033275 -33.702119
-0.032160 -0.088156 0.995587 145.003612 0.138783 0.986059 0.091796 13.981351 -0.989800 0.141123 -0.019477 -33.702332
-0.017527 -0.082712 0.996419 145.761650 0.147256 0.985491 0.084395 14.050550 -0.988943 0.148208 -0.005093 -33.723413
-0.004842 -0.083417 0.996503 146.527612 0.148236 0.985445 0.083212 14.107845 -0.988940 0.148121 0.007594 -33.702081
0.008060 -0.078952 0.996846 147.297579 0.142477 0.986798 0.077005 14.150674 -0.989765 0.141407 0.019203 -33.679549
0.019485 -0.070943 0.997290 148.058239 0.140335 0.987799 0.067526 14.203878 -0.989912 0.138639 0.029203 -33.649177
0.027827 -0.063975 0.997563 148.804283 0.149066 0.987057 0.059143 14.260487 -0.988436 0.147057 0.037003 -33.598362
0.034395 -0.058925 0.997670 149.545961 0.157909 0.986041 0.052794 14.304689 -0.986854 0.155725 0.043220 -33.548225
0.038701 -0.049725 0.998013 150.292271 0.159986 0.986185 0.042931 14.351688 -0.986360 0.158007 0.046122 -33.497952
0.039320 -0.048914 0.998029 151.050627 0.154502 0.987087 0.042290 14.361533 -0.987210 0.152534 0.046369 -33.456410
0.038440 -0.045778 0.998212 151.807228 0.149006 0.988044 0.039573 14.376940 -0.988089 0.147219 0.044802 -33.424170
0.036534 -0.048533 0.998153 152.562828 0.147427 0.988153 0.042651 14.407879 -0.988398 0.145596 0.043256 -33.419854
0.032818 -0.048265 0.998295 153.310652 0.147431 0.988140 0.042927 14.424771 -0.988528 0.145771 0.039545 -33.367944
0.029479 -0.049608 0.998334 154.057286 0.147607 0.988034 0.044737 14.445238 -0.988607 0.146042 0.036449 -33.351693
0.025036 -0.049037 0.998483 154.810083 0.146678 0.988167 0.044853 14.468022 -0.988867 0.145333 0.031933 -33.320261
0.020005 -0.046447 0.998720 155.557917 0.146866 0.988221 0.043016 14.493967 -0.988954 0.145818 0.026591 -33.296024
0.014485 -0.044032 0.998925 156.305552 0.144945 0.988570 0.041473 14.509921 -0.989334 0.144188 0.020702 -33.272364
0.008170 -0.043495 0.999020 157.051807 0.142171 0.988955 0.041894 14.527380 -0.989808 0.141689 0.014263 -33.253666
0.003463 -0.041608 0.999128 157.787258 0.142120 0.989013 0.040694 14.548802 -0.989843 0.141855 0.009339 -33.247994
-0.001503 -0.038304 0.999265 158.519540 0.143560 0.988907 0.038123 14.565566 -0.989640 0.143512 0.004013 -33.231774
-0.004574 -0.037234 0.999296 159.247697 0.146394 0.988515 0.037503 14.584253 -0.989216 0.146462 0.000930 -33.235361
-0.007227 -0.036866 0.999294 159.969724 0.148565 0.988190 0.037531 14.595388 -0.988876 0.148731 -0.001665 -33.224571
-0.011023 -0.036486 0.999273 160.684975 0.150811 0.987842 0.037732 14.620344 -0.988501 0.151117 -0.005386 -33.196690
-0.009294 -0.042225 0.999065 161.405715 0.147699 0.988091 0.043136 14.623611 -0.988989 0.147962 -0.002947 -33.215828
-0.005716 -0.045336 0.998955 162.124112 0.143741 0.988560 0.045687 14.635380 -0.989599 0.143852 0.000866 -33.217167
0.000260 -0.047650 0.998864 162.833775 0.143439 0.988537 0.047120 14.644304 -0.989659 0.143264 0.007092 -33.185315
0.009860 -0.053353 0.998527 163.534424 0.144322 0.988196 0.051376 14.659738 -0.989482 0.143603 0.017444 -33.157441
0.023099 -0.058260 0.998034 164.230855 0.144392 0.988028 0.054334 14.678826 -0.989251 0.142853 0.031235 -33.125667
0.039321 -0.061569 0.997328 164.923235 0.141923 0.988325 0.055417 14.701706 -0.989096 0.139364 0.047600 -33.098322
0.054970 -0.058605 0.996767 165.606060 0.137344 0.989231 0.050587 14.728567 -0.988997 0.134119 0.062427 -33.019621
0.072044 -0.058989 0.995656 166.289523 0.131280 0.990126 0.049162 14.758510 -0.988724 0.127168 0.079076 -32.967781
0.091758 -0.061849 0.993859 166.969555 0.124076 0.991001 0.050216 14.782374 -0.988021 0.118707 0.098607 -32.939321
0.109147 -0.060498 0.992183 167.638758 0.117439 0.991940 0.047564 14.813244 -0.987064 0.111329 0.115372 -32.856410
0.126313 -0.060288 0.990157 168.298768 0.111793 0.992658 0.046179 14.836447 -0.985671 0.104859 0.132125 -32.756776
0.143474 -0.061574 0.987737 168.944167 0.109575 0.992914 0.045980 14.849794 -0.983569 0.101634 0.149204 -32.634684
0.162198 -0.067755 0.984429 169.589813 0.107054 0.992960 0.050703 14.838677 -0.980934 0.097163 0.168309 -32.520617
0.180861 -0.068409 0.981127 170.220919 0.106428 0.993081 0.049624 14.862910 -0.977733 0.095444 0.186890 -32.424089
0.196903 -0.064089 0.978326 170.843722 0.104058 0.993591 0.044146 14.887193 -0.974885 0.093110 0.202310 -32.271998
0.211049 -0.063534 0.975409 171.458989 0.101378 0.993927 0.042805 14.904707 -0.972204 0.089851 0.216208 -32.112449
0.223435 -0.068201 0.972330 172.079252 0.099257 0.993956 0.046909 14.916031 -0.969652 0.086029 0.228854 -31.971067
0.234891 -0.072378 0.969323 172.690814 0.099772 0.993752 0.050025 14.936782 -0.966888 0.084961 0.240645 -31.817670
0.247974 -0.071347 0.966136 173.294659 0.103843 0.993496 0.046714 14.970873 -0.963185 0.088743 0.253770 -31.673260
0.258484 -0.068829 0.963560 173.887451 0.109407 0.993127 0.041591 14.984665 -0.959800 0.094669 0.264238 -31.512367
0.268059 -0.070374 0.960829 174.476699 0.118479 0.992166 0.039615 14.979853 -0.956089 0.103219 0.274297 -31.365250
0.275423 -0.076872 0.958245 175.059912 0.126699 0.991005 0.043084 14.993052 -0.952937 0.109543 0.282685 -31.185814
0.282062 -0.077820 0.956235 175.649764 0.124455 0.991251 0.043959 15.012371 -0.951290 0.106609 0.289279 -31.010914
0.287723 -0.076029 0.954691 176.243603 0.115804 0.992292 0.044122 15.029402 -0.950687 0.097862 0.294309 -30.805182
0.291829 -0.071926 0.953762 176.839910 0.103133 0.993721 0.043383 15.036303 -0.950894 0.085705 0.297414 -30.597583
0.294383 -0.072351 0.952945 177.446768 0.095020 0.994405 0.046145 15.039951 -0.950952 0.076964 0.299611 -30.421114
0.295347 -0.076409 0.952330 178.040219 0.096406 0.994092 0.049862 15.047942 -0.950514 0.077084 0.300968 -30.234325
0.295411 -0.079396 0.952065 178.627890 0.100327 0.993609 0.051730 15.072512 -0.950088 0.080236 0.301489 -30.040160
0.296312 -0.081889 0.951574 179.214537 0.101291 0.993393 0.053946 15.093448 -0.949705 0.080402 0.302648 -29.839404
0.299762 -0.080686 0.950596 179.810547 0.098384 0.993719 0.053322 15.118222 -0.948927 0.077539 0.305818 -29.653989
0.303652 -0.081610 0.949282 180.411879 0.094274 0.994009 0.055299 15.131573 -0.948108 0.072700 0.309526 -29.472892
0.308862 -0.084898 0.947310 181.024626 0.089335 0.994194 0.059973 15.145463 -0.946902 0.066105 0.314653 -29.289983
0.312826 -0.086938 0.945823 181.629694 0.087367 0.994214 0.062489 15.172048 -0.945784 0.063086 0.318612 -29.075046
0.317051 -0.088940 0.944229 182.233505 0.085748 0.994204 0.064855 15.194058 -0.944524 0.060404 0.322840 -28.845934
0.324438 -0.091049 0.941515 182.843560 0.083913 0.994203 0.067229 15.225526 -0.942178 0.057193 0.330197 -28.628914
0.332718 -0.093959 0.938334 183.444652 0.083054 0.994077 0.070091 15.240433 -0.939362 0.054612 0.338551 -28.391097
0.343797 -0.093430 0.934384 184.047196 0.084473 0.994081 0.068318 15.273763 -0.935237 0.055443 0.349654 -28.158048
0.354024 -0.091618 0.930738 184.635797 0.087046 0.994098 0.064745 15.299582 -0.931177 0.058096 0.359910 -27.886292
0.365557 -0.090626 0.926367 185.237154 0.089713 0.994046 0.061845 15.336330 -0.926455 0.060499 0.371511 -27.627339
0.378597 -0.093425 0.920834 185.860175 0.091310 0.993809 0.063287 15.377233 -0.921046 0.060121 0.384784 -27.392505
0.389425 -0.094604 0.916187 186.477353 0.088794 0.993934 0.064890 15.409721 -0.916768 0.056082 0.395463 -27.117742
0.399814 -0.094592 0.911702 187.080439 0.086360 0.994124 0.065271 15.429849 -0.912519 0.052638 0.405633 -26.816923
0.410964 -0.093635 0.906830 187.688859 0.084519 0.994341 0.064369 15.457876 -0.907725 0.050191 0.416552 -26.527404
0.421699 -0.090513 0.902207 188.310111 0.080911 0.994792 0.061983 15.497877 -0.903119 0.046860 0.426826 -26.236268
0.428893 -0.087009 0.899156 188.922554 0.079164 0.995141 0.058536 15.527119 -0.899880 0.046075 0.433697 -25.920801
0.432814 -0.086820 0.897293 189.550719 0.076223 0.995312 0.059538 15.555215 -0.898255 0.042625 0.437402 -25.602195
0.434077 -0.089056 0.896463 190.186301 0.074515 0.995241 0.062788 15.582518 -0.897789 0.039545 0.438647 -25.276544
0.433674 -0.093277 0.896229 190.821548 0.078763 0.994745 0.065418 15.612868 -0.897621 0.042219 0.438742 -24.961830
0.431589 -0.094756 0.897080 191.461890 0.079310 0.994603 0.066900 15.634824 -0.898577 0.042274 0.436775 -24.633862
0.431466 -0.098301 0.896758 192.120292 0.083699 0.994120 0.068702 15.676487 -0.898238 0.045415 0.437157 -24.319476
0.433497 -0.102640 0.895291 192.797214 0.084748 0.993733 0.072891 15.725527 -0.897161 0.044276 0.439479 -24.010306
0.434798 -0.106608 0.894195 193.475046 0.082668 0.993500 0.078251 15.775246 -0.896725 0.039898 0.440785 -23.698551
0.432848 -0.108588 0.894903 194.141580 0.081654 0.993361 0.081040 15.821885 -0.897761 0.037994 0.438841 -23.355592
0.431393 -0.108291 0.895641 194.815360 0.080052 0.993448 0.081560 15.868565 -0.898606 0.036513 0.437235 -23.027349
0.429413 -0.106238 0.896838 195.482751 0.079021 0.993668 0.079873 15.917517 -0.899644 0.036570 0.435089 -22.681832
0.427717 -0.105064 0.897786 196.155286 0.077353 0.993833 0.079451 15.958945 -0.900597 0.035464 0.433206 -22.348458
0.426134 -0.104965 0.898550 196.824624 0.078161 0.993804 0.079024 15.999465 -0.901277 0.036557 0.431697 -22.018325
0.424541 -0.105781 0.899208 197.495794 0.081405 0.993589 0.078450 16.027207 -0.901742 0.039895 0.430430 -21.689927
0.423893 -0.104758 0.899634 198.161148 0.086771 0.993417 0.074793 16.074133 -0.901546 0.046358 0.430192 -21.359787
0.422239 -0.101695 0.900762 198.825286 0.087369 0.993627 0.071225 16.116600 -0.902264 0.048624 0.428433 -21.023929
0.421479 -0.100139 0.901292 199.500315 0.084028 0.993921 0.071135 16.159772 -0.902937 0.045752 0.427331 -20.699406
0.419558 -0.097726 0.902453 200.162782 0.079345 0.994331 0.070788 16.198259 -0.904254 0.041905 0.424934 -20.354405
0.417093 -0.093170 0.904076 200.829598 0.076573 0.994797 0.067192 16.229892 -0.905632 0.041203 0.422058 -20.017097
0.412407 -0.089207 0.906622 201.499637 0.073945 0.995188 0.064284 16.259618 -0.907994 0.040529 0.417019 -19.685804
0.406134 -0.090058 0.909365 202.171963 0.073477 0.995128 0.065736 16.295174 -0.910855 0.040119 0.410773 -19.369706
0.396577 -0.089922 0.913587 202.839540 0.073417 0.995110 0.066077 16.324178 -0.915061 0.040868 0.401239 -19.039819
0.384814 -0.091861 0.918411 203.508760 0.076803 0.994771 0.067318 16.352557 -0.919793 0.044632 0.389857 -18.729021
0.373424 -0.090263 0.923259 204.192230 0.080979 0.994627 0.064488 16.409830 -0.924120 0.050684 0.378727 -18.442842
0.363166 -0.088260 0.927535 204.883485 0.080077 0.994776 0.063305 16.452223 -0.928277 0.051284 0.368337 -18.172518
0.351711 -0.092897 0.931488 205.578704 0.076305 0.994597 0.070380 16.489571 -0.932994 0.046324 0.356899 -17.899237
0.343057 -0.098092 0.934179 206.281038 0.071014 0.994394 0.078337 16.521260 -0.936626 0.039466 0.348100 -17.645285
0.334658 -0.099153 0.937109 206.971780 0.067153 0.994430 0.081236 16.575441 -0.939944 0.035744 0.339452 -17.378863
0.330763 -0.092509 0.939169 207.668866 0.063255 0.995119 0.075742 16.631671 -0.941592 0.034355 0.335000 -17.124359
0.330791 -0.096364 0.938771 208.376157 0.063120 0.994804 0.079875 16.673465 -0.941591 0.032834 0.335155 -16.897913
0.328889 -0.097537 0.939318 209.079423 0.063264 0.994693 0.081137 16.722745 -0.942247 0.032740 0.333314 -16.635064
0.327462 -0.095648 0.940011 209.778883 0.064383 0.994810 0.078795 16.767279 -0.942668 0.034719 0.331921 -16.370723
0.328194 -0.093316 0.939990 210.488316 0.065844 0.994948 0.075783 16.827374 -0.942313 0.037021 0.332680 -16.119839
0.328051 -0.092434 0.940127 211.197219 0.064510 0.995070 0.075326 16.869377 -0.942455 0.035937 0.332396 -15.850551
0.329517 -0.091039 0.939750 211.910207 0.062928 0.995245 0.074349 16.913951 -0.942050 0.034638 0.333679 -15.587931
0.330582 -0.091867 0.939296 212.626475 0.062433 0.995200 0.075361 16.960655 -0.941710 0.033730 0.334731 -15.328343
0.330087 -0.092430 0.939414 213.329118 0.063898 0.995100 0.075457 17.012791 -0.941785 0.035119 0.334376 -15.026466
0.332604 -0.093480 0.938422 214.052535 0.063310 0.995044 0.076682 17.057130 -0.940939 0.033907 0.336874 -14.752297
0.339332 -0.091057 0.936249 214.784884 0.059666 0.995383 0.075183 17.095245 -0.938772 0.030350 0.343199 -14.497959
0.343583 -0.090876 0.934715 215.502059 0.054957 0.995547 0.076589 17.146612 -0.937513 0.025054 0.347048 -14.185238
0.348528 -0.090010 0.932967 216.227937 0.050808 0.995729 0.077085 17.190758 -0.935920 0.020536 0.351612 -13.897066
0.351531 -0.088247 0.932008 216.951534 0.049679 0.995903 0.075559 17.230361 -0.934857 0.019740 0.354475 -13.591546
0.355603 -0.082835 0.930959 217.678433 0.050607 0.996310 0.069319 17.266629 -0.933266 0.022463 0.358483 -13.289903
0.360158 -0.074920 0.929878 218.406180 0.052660 0.996813 0.059917 17.324264 -0.931404 0.027387 0.362956 -12.990274
0.364491 -0.071615 0.928449 219.132632 0.053217 0.997011 0.056012 17.359624 -0.929685 0.028994 0.367212 -12.677007
0.367130 -0.068618 0.927635 219.858769 0.052140 0.997225 0.053130 17.395693 -0.928707 0.028862 0.369689 -12.350121
0.370688 -0.067482 0.926302 220.586842 0.053103 0.997265 0.051401 17.415709 -0.927238 0.030136 0.373258 -12.033101
0.374251 -0.066796 0.924919 221.317181 0.055409 0.997231 0.049598 17.440451 -0.925670 0.032686 0.376916 -11.706891
0.378798 -0.066829 0.923063 222.053374 0.055408 0.997238 0.049461 17.462000 -0.923819 0.032409 0.381455 -11.390418
0.381524 -0.067507 0.921891 222.779531 0.054164 0.997249 0.050610 17.477339 -0.922771 0.030624 0.384131 -11.055730
0.385867 -0.072279 0.919719 223.512283 0.056520 0.996906 0.054632 17.492580 -0.920822 0.030902 0.388758 -10.749210
0.390136 -0.074851 0.917710 224.237407 0.058695 0.996685 0.056339 17.520576 -0.918885 0.031885 0.393236 -10.439315
0.395122 -0.075890 0.915489 224.961847 0.060993 0.996550 0.056285 17.548762 -0.916602 0.033599 0.398388 -10.123880
0.399656 -0.073952 0.913677 225.686447 0.057690 0.996794 0.055445 17.573084 -0.914848 0.030552 0.402641 -9.796603
0.405771 -0.072536 0.911092 226.412809 0.055955 0.996947 0.054451 17.596151 -0.912261 0.028886 0.408591 -9.484138
0.410411 -0.076913 0.908651 227.128573 0.061083 0.996517 0.056761 17.612499 -0.909852 0.032208 0.413680 -9.174594
0.411198 -0.076794 0.908305 227.812207 0.065219 0.996370 0.054714 17.603586 -0.909210 0.036740 0.414714 -8.799224
0.408472 -0.077699 0.909458 228.349267 0.067660 0.996207 0.054722 17.512211 -0.910260 0.039182 0.412180 -8.234665
0.412470 -0.070888 0.908209 229.066976 0.062396 0.996825 0.049467 17.562842 -0.908832 0.036265 0.415584 -7.897445
0.415149 -0.070835 0.906992 229.790481 0.051947 0.997183 0.054101 17.585299 -0.908269 0.024655 0.417659 -7.555756
0.416915 -0.075750 0.905783 230.518630 0.042816 0.997052 0.063675 17.603656 -0.907936 0.012235 0.418930 -7.215855
0.418372 -0.075081 0.905167 231.242832 0.034020 0.997174 0.066988 17.634973 -0.907639 0.002768 0.419743 -6.866751
0.419103 -0.072298 0.905056 231.957281 0.030921 0.997383 0.065355 17.668512 -0.907412 0.000595 0.420241 -6.506737
0.421988 -0.072069 0.903732 232.669164 0.035105 0.997387 0.063146 17.695536 -0.905922 0.005079 0.423415 -6.164698
0.425928 -0.071872 0.901898 233.373335 0.041654 0.997341 0.059807 17.733713 -0.903798 0.012094 0.427789 -5.806269
0.430177 -0.071613 0.899899 234.085003 0.045764 0.997297 0.057487 17.767551 -0.901584 0.016453 0.432292 -5.458676
0.434096 -0.071902 0.897993 234.797558 0.048330 0.997233 0.056486 17.790102 -0.899569 0.018880 0.436370 -5.110829
0.437810 -0.072110 0.896171 235.503917 0.050353 0.997180 0.055639 17.817108 -0.897656 0.020766 0.440206 -4.753729
0.441954 -0.072827 0.894077 236.215100 0.050168 0.997146 0.056424 17.852562 -0.895634 0.019918 0.444346 -4.392993
0.444698 -0.075101 0.892526 236.922004 0.046159 0.997076 0.060900 17.876358 -0.894490 0.014116 0.446864 -4.008192
0.449287 -0.077136 0.890051 237.662407 0.043372 0.996974 0.064509 17.929327 -0.892334 0.009620 0.451273 -3.691950
0.451329 -0.077774 0.888962 238.373711 0.038703 0.996963 0.067573 17.959786 -0.891518 0.003908 0.452968 -3.303760
0.452646 -0.079712 0.888120 239.088650 0.034582 0.996816 0.071842 17.995949 -0.891019 -0.001806 0.453962 -2.920356
0.453558 -0.081260 0.887514 239.796902 0.028500 0.996648 0.076687 18.019726 -0.890771 -0.009488 0.454354 -2.512726
0.455094 -0.081349 0.886720 240.505541 0.028178 0.996635 0.076971 18.063303 -0.889997 -0.010043 0.455855 -2.118371
0.456495 -0.072196 0.886792 241.200305 0.031355 0.997389 0.065060 18.100241 -0.889173 -0.001894 0.457566 -1.725897
0.457805 -0.069582 0.886325 241.907650 0.043696 0.997489 0.055739 18.144333 -0.887978 0.013211 0.459696 -1.358770
0.457555 -0.068681 0.886525 242.597539 0.051361 0.997389 0.050761 18.187461 -0.887697 0.022307 0.459888 -0.964055
0.457481 -0.068178 0.886602 243.314302 0.049277 0.997468 0.051277 18.222238 -0.887853 0.020231 0.459683 -0.585191
0.458122 -0.067337 0.886335 244.043070 0.043450 0.997631 0.053334 18.246628 -0.887827 0.014078 0.459963 -0.217398
0.459568 -0.067834 0.885548 244.760995 0.042834 0.997612 0.054189 18.270809 -0.887109 0.013028 0.461376 0.160860
0.460117 -0.069892 0.885103 245.478245 0.044514 0.997459 0.055623 18.287917 -0.886742 0.013807 0.462059 0.539689
0.460274 -0.073269 0.884749 246.191848 0.044358 0.997242 0.059508 18.295631 -0.886668 0.011855 0.462254 0.938912
0.462083 -0.074545 0.883698 246.914298 0.041033 0.997191 0.062662 18.332655 -0.885887 0.007306 0.463844 1.327965
0.462669 -0.073560 0.883474 247.626211 0.037768 0.997282 0.063257 18.354804 -0.885726 0.004100 0.464190 1.728732
