0.999033 -0.000191 0.043960 0.000000 0.000262 0.999999 -0.001609 0.000000 -0.043959 0.001619 0.999032 0.000000
0.996049 -0.004769 0.088678 0.000000 0.005343 0.999966 -0.006244 0.000000 -0.088646 0.006693 0.996041 0.000000
0.990938 -0.004513 0.134248 0.209280 0.006063 0.999920 -0.011137 -0.032136 -0.134187 0.011850 0.990885 2.985193
0.983321 -0.002323 0.181866 0.356925 0.004990 0.999887 -0.014213 -0.070848 -0.181813 0.014883 0.983221 3.967096
0.974320 -0.004030 0.225132 0.627491 0.007188 0.999887 -0.013207 -0.132575 -0.225053 0.014486 0.974239 4.926317
0.962971 -0.004422 0.269567 0.920260 0.008542 0.999864 -0.014112 -0.177090 -0.269468 0.015892 0.962878 5.873500
0.949312 -0.008099 0.314231 1.203037 0.013716 0.999783 -0.015669 -0.221513 -0.314036 0.019185 0.949217 6.822491
0.933886 -0.010746 0.357409 1.547725 0.017851 0.999703 -0.016588 -0.252760 -0.357124 0.021872 0.933801 7.747556
0.916314 -0.011596 0.400292 1.890074 0.019707 0.999675 -0.016152 -0.323491 -0.399974 0.022689 0.916245 8.670939
0.896471 -0.009733 0.442996 2.313826 0.018361 0.999716 -0.015191 -0.372398 -0.442722 0.021752 0.896395 9.558632
0.875137 -0.008226 0.483806 2.791024 0.018043 0.999715 -0.015639 -0.403852 -0.483539 0.022415 0.875036 10.415939
0.851573 -0.008562 0.524167 3.327039 0.019298 0.999701 -0.015023 -0.436928 -0.523881 0.022909 0.851483 11.235352
0.825696 -0.008298 0.564054 3.865705 0.019955 0.999696 -0.014505 -0.480272 -0.563762 0.023232 0.825610 12.048253
0.798887 -0.010023 0.601398 4.436560 0.023069 0.999636 -0.013985 -0.504294 -0.601039 0.025046 0.798827 12.837794
0.769998 -0.007671 0.638000 5.062288 0.023323 0.999598 -0.016130 -0.534447 -0.637620 0.027301 0.769867 13.574253
0.739124 -0.010881 0.673482 5.710578 0.026626 0.999560 -0.013071 -0.545101 -0.673043 0.027593 0.739088 14.293632
0.707595 -0.009353 0.706557 6.397838 0.027065 0.999537 -0.013873 -0.574553 -0.706100 0.028940 0.707520 14.970531
0.675224 -0.009118 0.737556 7.120914 0.029977 0.999437 -0.015089 -0.604990 -0.737003 0.032298 0.675117 15.602274
0.641750 -0.011221 0.766832 7.888424 0.033878 0.999332 -0.013729 -0.658274 -0.766165 0.034789 0.641701 16.169792
0.604765 -0.009296 0.796350 8.626525 0.035734 0.999242 -0.015473 -0.669093 -0.795602 0.037814 0.604638 16.772118
0.564844 -0.010194 0.825135 9.303676 0.040898 0.999041 -0.015654 -0.662847 -0.824184 0.042588 0.564719 17.441223
0.528266 -0.013440 0.848973 10.123252 0.047326 0.998786 -0.013637 -0.679340 -0.847759 0.047383 0.528261 17.926889
0.490160 -0.012114 0.871548 10.959311 0.049227 0.998692 -0.013804 -0.695356 -0.870241 0.049670 0.490115 18.382993
0.453545 -0.014497 0.891116 11.817649 0.051661 0.998614 -0.010048 -0.719572 -0.889735 0.050593 0.453665 18.813539
0.417288 -0.015034 0.908650 12.707361 0.052853 0.998572 -0.007750 -0.795398 -0.907236 0.051259 0.417487 19.175890
0.379395 -0.013643 0.925134 13.582393 0.055788 0.998409 -0.008154 -0.819541 -0.923551 0.054705 0.379553 19.582310
0.344708 -0.010570 0.938650 14.501417 0.053759 0.998518 -0.008499 -0.864137 -0.937169 0.053391 0.344766 19.911032
0.311925 -0.011556 0.950036 15.436505 0.053987 0.998526 -0.005580 -0.867562 -0.948572 0.053030 0.312089 20.227511
0.278356 -0.008452 0.960441 16.380672 0.054567 0.998485 -0.007028 -0.862190 -0.958927 0.054364 0.278396 20.535047
0.244669 -0.003157 0.969602 17.318083 0.056018 0.998370 -0.010885 -0.904161 -0.967987 0.056978 0.244447 20.859271
0.214592 -0.001883 0.976702 18.298923 0.058854 0.998206 -0.011006 -0.899231 -0.974929 0.059845 0.214318 21.057053
0.183974 -0.000671 0.982931 19.294569 0.059125 0.998197 -0.010385 -0.915351 -0.981151 0.060026 0.183682 21.256350
0.152380 -0.000336 0.988322 20.308967 0.059808 0.998170 -0.008882 -0.923817 -0.986511 0.060463 0.152122 21.416837
0.121405 0.004071 0.992595 21.334012 0.058520 0.998223 -0.011252 -0.934091 -0.990876 0.059453 0.120951 21.588362
0.091403 0.005506 0.995799 22.380114 0.057997 0.998258 -0.010843 -0.968684 -0.994124 0.058745 0.090924 21.701598
0.063910 0.003530 0.997949 23.442037 0.058814 0.998242 -0.007298 -0.965808 -0.996221 0.059159 0.063590 21.771710
0.037812 0.000796 0.999285 24.519146 0.059834 0.998204 -0.003059 -0.979368 -0.997492 0.059907 0.037697 21.807373
0.012324 -0.000942 0.999924 25.599561 0.060754 0.998153 0.000191 -0.977794 -0.998077 0.060747 0.012358 21.968468
-0.008679 -0.005319 0.999948 26.703575 0.060548 0.998148 0.005835 -0.981966 -0.998128 0.060596 -0.008340 21.971942
-0.026527 -0.008039 0.999616 27.819171 0.059696 0.998170 0.009611 -0.981565 -0.997864 0.059928 -0.025999 21.934901
-0.041307 -0.010289 0.999094 28.944133 0.058770 0.998191 0.012709 -1.017571 -0.997417 0.059242 -0.040628 21.840901
-0.056974 -0.011171 0.998313 30.079498 0.057602 0.998235 0.014458 -1.017936 -0.996713 0.058328 -0.056230 21.844207
-0.071086 -0.008644 0.997433 31.219189 0.057896 0.998241 0.012777 -0.978423 -0.995789 0.058655 -0.070460 21.772936
-0.081905 -0.008049 0.996608 32.363759 0.057863 0.998242 0.012818 -0.977654 -0.994959 0.058717 -0.081295 21.666574
-0.092605 -0.008519 0.995666 33.523085 0.060305 0.998080 0.014149 -1.013209 -0.993875 0.061354 -0.091914 21.603413
-0.102283 -0.007285 0.994729 34.699554 0.064612 0.997813 0.013951 -0.994673 -0.992655 0.065698 -0.101589 21.513958
-0.111759 -0.007846 0.993704 35.889079 0.066933 0.997639 0.015405 -0.980655 -0.991479 0.068233 -0.110969 21.330811
-0.117170 -0.009962 0.993062 37.102253 0.067266 0.997574 0.017943 -0.947855 -0.990831 0.068901 -0.116215 21.143760
-0.123964 -0.008981 0.992246 38.353182 0.068699 0.997482 0.017611 -0.911631 -0.989906 0.070349 -0.123034 21.109947
-0.130672 -0.007644 0.991396 39.613492 0.070402 0.997374 0.016970 -0.894106 -0.988923 0.072014 -0.129790 20.959892
-0.133601 -0.007015 0.991010 40.895530 0.071340 0.997313 0.016677 -0.892241 -0.988464 0.072927 -0.132742 20.777507
-0.139982 -0.004509 0.990144 42.206590 0.072734 0.997241 0.014824 -0.887234 -0.987479 0.074092 -0.139268 20.664051
-0.144131 -0.003938 0.989551 43.543566 0.071309 0.997351 0.014355 -0.887203 -0.986986 0.072632 -0.143468 20.554808
-0.145768 -0.005027 0.989306 44.891127 0.069121 0.997492 0.015253 -0.868243 -0.986901 0.070605 -0.145054 20.338550
-0.145704 -0.005259 0.989314 46.245873 0.067764 0.997584 0.015283 -0.857957 -0.987005 0.069266 -0.144996 20.055556
-0.146458 -0.007208 0.989191 47.615177 0.067567 0.997565 0.017273 -0.858623 -0.986907 0.069367 -0.145614 19.741026
-0.146804 -0.004811 0.989154 49.018649 0.069413 0.997473 0.015153 -0.809765 -0.986727 0.070885 -0.146100 19.501674
-0.148390 -0.004573 0.988918 50.455010 0.070020 0.997431 0.015119 -0.816924 -0.986447 0.071488 -0.147688 19.316797
-0.148356 -0.005212 0.988920 51.904338 0.069956 0.997426 0.015751 -0.792897 -0.986457 0.071518 -0.147609 19.111433
-0.147904 -0.005697 0.988985 53.374237 0.070488 0.997380 0.016287 -0.778047 -0.986487 0.072120 -0.147115 18.887559
-0.145430 -0.005803 0.989352 54.866422 0.071464 0.997309 0.016354 -0.739608 -0.986784 0.073081 -0.144624 18.655419
-0.143764 -0.005137 0.989599 56.379300 0.071220 0.997340 0.015524 -0.707742 -0.987046 0.072711 -0.143016 18.428547
-0.145396 -0.007087 0.989348 57.929560 0.072229 0.997230 0.017759 -0.682605 -0.986733 0.074042 -0.144481 18.361882
-0.141521 -0.007526 0.989907 59.475507 0.073580 0.997125 0.018100 -0.648251 -0.987197 0.075399 -0.140560 18.095749
-0.140056 -0.008902 0.990104 61.056459 0.074142 0.997058 0.019452 -0.606592 -0.987364 0.076132 -0.138984 17.864881
-0.138219 -0.009726 0.990354 62.655116 0.075176 0.996964 0.020283 -0.548478 -0.987545 0.077254 -0.137068 17.642692
-0.137016 -0.013406 0.990478 64.272172 0.071708 0.997151 0.023416 -0.529837 -0.987970 0.074234 -0.135664 17.402147
-0.136377 -0.014507 0.990551 65.908757 0.069569 0.997284 0.024184 -0.485565 -0.988211 0.072210 -0.134997 17.192696
-0.135931 -0.014575 0.990611 67.557860 0.072599 0.997057 0.024632 -0.409301 -0.988055 0.075266 -0.134473 17.020588
-0.134734 -0.017294 0.990731 69.222460 0.073567 0.996914 0.027406 -0.380377 -0.988147 0.076577 -0.133046 16.817565
-0.133371 -0.016669 0.990926 70.896955 0.072260 0.997034 0.026498 -0.378888 -0.988428 0.075139 -0.131771 16.584510
-0.134416 -0.015940 0.990797 72.589304 0.072977 0.996996 0.025940 -0.336171 -0.988234 0.075792 -0.132849 16.381379
-0.132983 -0.017992 0.990955 74.296282 0.072278 0.996997 0.027801 -0.283185 -0.988479 0.075321 -0.131284 16.131986
-0.135305 -0.019448 0.990613 76.027681 0.071603 0.997001 0.029353 -0.274878 -0.988213 0.074902 -0.133506 15.977336
-0.134489 -0.021708 0.990677 77.769051 0.071117 0.996971 0.031500 -0.219278 -0.988360 0.074690 -0.132538 15.763377
-0.133147 -0.022157 0.990849 79.518912 0.073076 0.996809 0.032110 -0.154748 -0.988399 0.076683 -0.131103 15.494804
-0.133439 -0.021222 0.990830 81.288687 0.073816 0.996781 0.031291 -0.122162 -0.988304 0.077314 -0.131443 15.291803
-0.134730 -0.020769 0.990665 83.072344 0.074385 0.996747 0.031012 -0.095047 -0.988086 0.077869 -0.132747 15.080712
-0.135285 -0.019005 0.990624 84.863894 0.075949 0.996675 0.029493 -0.055408 -0.987891 0.079227 -0.133392 14.820670
-0.138659 -0.017446 0.990186 86.684128 0.074184 0.996853 0.027952 -0.028665 -0.987558 0.077332 -0.136929 14.614664
-0.140621 -0.018928 0.989883 88.513062 0.072102 0.996967 0.029306 -0.025891 -0.987435 0.075494 -0.138830 14.385126
-0.140468 -0.015412 0.989965 90.355693 0.072660 0.997022 0.025832 0.032604 -0.987415 0.075560 -0.138930 14.136010
-0.143088 -0.016276 0.989576 92.214105 0.072616 0.996997 0.026898 0.034935 -0.987042 0.075708 -0.141477 13.913221
-0.146146 -0.013648 0.989169 94.083326 0.073037 0.997027 0.024548 0.052085 -0.986563 0.075834 -0.144715 13.629415
-0.149219 -0.014832 0.988693 95.966264 0.073016 0.996992 0.025976 0.067686 -0.986105 0.076067 -0.147687 13.349493
-0.153140 -0.013849 0.988107 97.862888 0.072727 0.997032 0.025245 0.096092 -0.985525 0.075728 -0.151679 13.085551
-0.158383 -0.010186 0.987325 99.772247 0.073693 0.997036 0.022107 0.146226 -0.984624 0.076260 -0.157163 12.842168
-0.163590 -0.007984 0.986496 101.685846 0.074004 0.997050 0.020341 0.141294 -0.983749 0.076332 -0.162516 12.583546
-0.169483 -0.009346 0.985489 103.610885 0.073929 0.997017 0.022170 0.108139 -0.982756 0.076614 -0.168287 12.306735
-0.173043 -0.009701 0.984867 105.528542 0.074235 0.996979 0.022863 0.093204 -0.982113 0.077068 -0.171800 11.933832
-0.177484 -0.008285 0.984089 107.467359 0.075215 0.996926 0.021958 0.145285 -0.981245 0.077915 -0.176315 11.600250
-0.182778 -0.007001 0.983129 109.417694 0.075840 0.996895 0.021199 0.193668 -0.980225 0.078436 -0.181679 11.266292
-0.187415 -0.004121 0.982272 111.372996 0.076204 0.996916 0.018722 0.222088 -0.979320 0.078362 -0.186523 10.897982
-0.192365 -0.001987 0.981321 113.346752 0.076257 0.996944 0.016967 0.248359 -0.978356 0.078096 -0.191625 10.568596
-0.198582 -0.000702 0.980084 115.318635 0.077514 0.996856 0.016420 0.282847 -0.977014 0.079231 -0.197903 10.184963
-0.203733 -0.001670 0.979025 117.292667 0.077035 0.996871 0.017731 0.273168 -0.975991 0.079032 -0.202967 9.774917
-0.211457 -0.001238 0.977387 119.282704 0.077468 0.996832 0.018023 0.287688 -0.974312 0.079527 -0.210691 9.394338
-0.215992 -0.000313 0.976395 121.279129 0.078575 0.996751 0.017702 0.338166 -0.973228 0.080544 -0.215266 8.970140
-0.221541 0.000079 0.975151 123.283943 0.078655 0.996743 0.017789 0.346679 -0.971974 0.080642 -0.220826 8.543441
-0.225536 0.002905 0.974230 125.282497 0.079474 0.996718 0.015426 0.347145 -0.970988 0.080905 -0.225027 8.067284
-0.229259 0.003020 0.973361 127.305336 0.080282 0.996647 0.015816 0.364115 -0.970049 0.081769 -0.228732 7.633117
-0.233089 0.001205 0.972455 129.311816 0.077564 0.996836 0.017356 0.347651 -0.969357 0.079473 -0.232445 7.105178
-0.237960 -0.001442 0.971274 131.362336 0.077154 0.996811 0.020382 0.396181 -0.968206 0.079788 -0.237090 6.707887
-0.244110 -0.000048 0.969747 133.414708 0.076436 0.996888 0.019291 0.390812 -0.966730 0.078833 -0.243347 6.292445
-0.247895 -0.000996 0.968786 135.450401 0.077492 0.996775 0.020854 0.427742 -0.965683 0.080243 -0.247019 5.754691
-0.250830 -0.001321 0.968030 137.490053 0.077516 0.996760 0.021445 0.469511 -0.964923 0.080417 -0.249915 5.201180
-0.255689 0.001665 0.966758 139.560371 0.079289 0.996666 0.019254 0.500060 -0.963502 0.081576 -0.254968 4.704356
-0.259394 0.004260 0.965762 141.630626 0.080984 0.996564 0.017356 0.513482 -0.962370 0.082713 -0.258847 4.213536
-0.262675 0.005155 0.964871 143.688090 0.080767 0.996594 0.016663 0.516228 -0.961498 0.082307 -0.262197 3.616041
-0.268764 0.005355 0.963191 145.778501 0.080621 0.996601 0.016955 0.480682 -0.959826 0.082210 -0.268282 3.104441
-0.272191 0.005438 0.962228 147.863410 0.081497 0.996521 0.017422 0.513430 -0.958786 0.083161 -0.271688 2.560456
-0.277332 0.007556 0.960744 149.979127 0.081918 0.996514 0.015809 0.511287 -0.957276 0.083087 -0.276984 2.097367
-0.281103 0.008731 0.959638 152.089479 0.082262 0.996497 0.015030 0.517483 -0.956145 0.083167 -0.280836 1.537932
-0.285198 0.007941 0.958436 154.181822 0.081892 0.996511 0.016112 0.521735 -0.954964 0.083083 -0.284853 0.923494
-0.290758 0.007774 0.956765 156.298966 0.082876 0.996413 0.017089 0.540880 -0.953201 0.084262 -0.290359 0.348188
-0.294992 0.009934 0.955448 158.407770 0.084790 0.996273 0.015820 0.563019 -0.951730 0.085679 -0.294735 -0.280448
-0.297492 0.010834 0.954663 160.513605 0.086702 0.996110 0.015714 0.592617 -0.950779 0.087446 -0.297274 -0.936168
-0.301717 0.010022 0.953345 162.665838 0.086813 0.996080 0.017004 0.579109 -0.949437 0.087893 -0.301405 -1.490593
-0.307622 0.011456 0.951440 164.793782 0.088134 0.995972 0.016503 0.622795 -0.947418 0.088931 -0.307392 -2.149015
-0.311322 0.011679 0.950233 166.942601 0.088107 0.995972 0.016625 0.646867 -0.946211 0.088898 -0.311097 -2.768285
-0.315145 0.011460 0.948974 169.078285 0.087832 0.995988 0.017140 0.641624 -0.944971 0.088752 -0.314887 -3.461807
-0.319510 0.009873 0.947532 171.222634 0.086777 0.996049 0.018883 0.639455 -0.943601 0.088258 -0.319104 -4.160683
-0.321596 0.009468 0.946830 173.360540 0.086921 0.996023 0.019563 0.675092 -0.942879 0.088590 -0.321140 -4.901401
-0.321700 0.008985 0.946799 175.502065 0.086440 0.996058 0.019917 0.715578 -0.942888 0.088248 -0.321208 -5.653439
-0.322907 0.007914 0.946398 177.658778 0.084864 0.996179 0.020625 0.745560 -0.942618 0.086975 -0.322344 -6.395230
-0.326347 0.009074 0.945206 179.852391 0.086118 0.996081 0.020171 0.776227 -0.941319 0.087982 -0.325850 -7.041658
-0.325601 0.009368 0.945461 181.996466 0.087706 0.995939 0.020337 0.779610 -0.941431 0.089545 -0.325100 -7.858372
-0.331412 0.011356 0.943418 184.186724 0.090677 0.995682 0.019869 0.813613 -0.939119 0.092131 -0.331011 -8.576795
-0.333681 0.012087 0.942609 186.356788 0.091915 0.995571 0.019771 0.832219 -0.938194 0.093237 -0.333314 -9.382639
-0.336265 0.013911 0.941665 188.538085 0.093596 0.995434 0.018717 0.859914 -0.937105 0.094430 -0.336032 -10.169985
-0.343976 0.014076 0.938873 190.752941 0.092414 0.995541 0.018932 0.833450 -0.934420 0.093277 -0.343743 -10.875719
-0.343361 0.014759 0.939087 192.921124 0.093006 0.995496 0.018360 0.871843 -0.934587 0.093645 -0.343188 -11.761965
-0.346556 0.017250 0.937871 195.111650 0.092525 0.995584 0.015878 0.884675 -0.933455 0.092279 -0.346621 -12.610832
-0.350362 0.017140 0.936458 197.310766 0.090992 0.995726 0.015819 0.885241 -0.932184 0.090753 -0.350424 -13.446562
-0.355048 0.019414 0.934646 199.537192 0.091610 0.995695 0.014118 0.881031 -0.930348 0.090635 -0.355298 -14.251439
-0.356766 0.017443 0.934031 201.723704 0.091777 0.995644 0.016461 0.885706 -0.929675 0.091595 -0.356813 -15.116258
-0.360279 0.018996 0.932651 203.939149 0.093716 0.995472 0.015926 0.963398 -0.928125 0.093142 -0.360428 -15.983684
-0.363509 0.020207 0.931371 206.153728 0.094022 0.995456 0.015099 0.973675 -0.926834 0.093058 -0.363757 -16.810241
-0.364646 0.019585 0.930940 208.363136 0.093181 0.995528 0.015554 0.989500 -0.926472 0.092417 -0.364840 -17.690947
-0.369318 0.019370 0.929101 210.591615 0.091565 0.995676 0.015639 1.007649 -0.924781 0.090849 -0.369495 -18.536007
-0.371309 0.018684 0.928321 212.808929 0.091605 0.995657 0.016601 1.017102 -0.923980 0.091202 -0.371408 -19.418153
-0.373582 0.018819 0.927406 215.028015 0.092263 0.995590 0.016963 1.034686 -0.922997 0.091903 -0.373671 -20.287480
-0.375744 0.019445 0.926519 217.239691 0.092013 0.995622 0.016420 1.027430 -0.922144 0.091421 -0.375888 -21.202492
-0.379387 0.020359 0.925014 219.473041 0.093465 0.995487 0.016424 1.046839 -0.920505 0.092688 -0.379578 -22.105300
-0.383696 0.020072 0.923241 221.689631 0.094453 0.995374 0.017614 1.053326 -0.918616 0.093961 -0.383817 -22.987950
-0.386454 0.021003 0.922069 223.906886 0.095877 0.995239 0.017514 1.100372 -0.917312 0.095174 -0.386628 -23.901710
-0.388982 0.021521 0.920994 226.116711 0.097021 0.995125 0.017724 1.121150 -0.916122 0.096250 -0.389173 -24.845107
-0.392974 0.020082 0.919330 228.326083 0.094862 0.995313 0.018807 1.165381 -0.914643 0.094600 -0.393037 -25.785302
-0.396248 0.020664 0.917911 230.550679 0.094255 0.995380 0.018280 1.164171 -0.913293 0.093761 -0.396365 -26.703515
-0.398789 0.022376 0.916770 232.763607 0.094906 0.995341 0.016989 1.188006 -0.912119 0.093782 -0.399054 -27.644084
-0.399018 0.023802 0.916634 234.954544 0.096367 0.995216 0.016107 1.195543 -0.911865 0.094760 -0.399403 -28.633378
-0.400990 0.024789 0.915747 237.150910 0.096974 0.995166 0.015525 1.216123 -0.910935 0.095028 -0.401455 -29.627496
-0.404724 0.026058 0.914068 239.319411 0.097280 0.995148 0.014704 1.247408 -0.909250 0.094872 -0.405295 -30.673356
-0.409055 0.025720 0.912147 241.535461 0.096776 0.995188 0.015338 1.212619 -0.907364 0.094548 -0.409575 -31.617104
-0.411614 0.025749 0.910994 243.694867 0.096746 0.995187 0.015584 1.260089 -0.906209 0.094549 -0.412124 -32.677354
-0.411865 0.026565 0.910858 245.869415 0.097931 0.995076 0.015260 1.302235 -0.905967 0.095486 -0.412438 -33.700364
-0.414237 0.028070 0.909736 248.057707 0.099521 0.994928 0.014618 1.350405 -0.904712 0.096593 -0.414930 -34.695148
-0.413653 0.030033 0.909939 249.967276 0.101558 0.994740 0.013336 1.451758 -0.904753 0.097928 -0.414527 -36.148662
-0.418076 0.028962 0.907950 252.247707 0.102658 0.994595 0.015544 1.480770 -0.902593 0.099706 -0.418789 -36.914940
-0.422268 0.029084 0.906004 254.427531 0.101127 0.994757 0.015199 1.459389 -0.900812 0.098040 -0.422996 -37.913800
-0.426055 0.030586 0.904180 256.595043 0.102207 0.994657 0.014514 1.483006 -0.898905 0.098597 -0.426905 -38.960408
-0.428911 0.031270 0.902805 258.749941 0.101541 0.994736 0.013786 1.493296 -0.897622 0.097585 -0.429829 -40.043263
-0.432305 0.029516 0.901244 260.945443 0.101802 0.994672 0.016256 1.547747 -0.895962 0.098776 -0.433007 -41.042801
-0.436015 0.030327 0.899428 263.078086 0.102667 0.994583 0.016234 1.604104 -0.894064 0.099420 -0.436767 -42.180357
-0.442140 0.027418 0.896527 265.346175 0.102955 0.994478 0.020361 1.636828 -0.891018 0.101304 -0.442521 -43.008842
-0.445430 0.027474 0.894895 267.498577 0.104023 0.994348 0.021250 1.683107 -0.889253 0.102555 -0.445770 -44.152942
-0.452773 0.027734 0.891194 269.754101 0.105279 0.994187 0.022548 1.723087 -0.885389 0.104033 -0.453061 -45.017503
-0.456513 0.029078 0.889241 271.942044 0.108019 0.993884 0.022954 1.781246 -0.883135 0.106534 -0.456862 -46.092453
-0.455487 0.029144 0.889765 273.945601 0.109147 0.993752 0.023324 1.902148 -0.883526 0.107739 -0.455822 -47.502463
-0.458068 0.029163 0.888438 276.148241 0.110937 0.993523 0.024586 1.995827 -0.881967 0.109822 -0.458337 -48.581246
-0.457959 0.030471 0.888451 278.261469 0.111707 0.993463 0.023508 2.045279 -0.881927 0.110012 -0.458369 -49.871036
-0.464684 0.030868 0.884938 280.483908 0.111957 0.993420 0.024138 2.056636 -0.878370 0.110292 -0.465082 -50.971673
-0.467782 0.032434 0.883249 282.667431 0.113697 0.993232 0.023743 2.119908 -0.876501 0.111530 -0.468303 -52.199721
-0.470087 0.034171 0.881959 284.835223 0.115364 0.993057 0.023015 2.203203 -0.875048 0.112566 -0.470765 -53.422196
-0.471707 0.033844 0.881106 287.046103 0.115513 0.993023 0.023698 2.262756 -0.874156 0.112957 -0.472325 -54.608864
-0.474401 0.032925 0.879693 289.318761 0.115367 0.993007 0.025049 2.345893 -0.872716 0.113371 -0.474882 -55.719923
-0.478024 0.033680 0.877701 291.575919 0.115646 0.992979 0.024881 2.436196 -0.870700 0.113397 -0.478563 -56.876017
-0.479896 0.036578 0.876563 293.780783 0.116756 0.992906 0.022488 2.528443 -0.869522 0.113135 -0.480762 -58.159676
-0.479722 0.036772 0.876650 295.954551 0.117360 0.992833 0.022577 2.622268 -0.869536 0.113715 -0.480599 -59.504019
-0.482694 0.036823 0.875015 298.202342 0.116076 0.992991 0.022245 2.641781 -0.868063 0.112306 -0.483585 -60.764624
-0.485083 0.037761 0.873653 300.450953 0.116230 0.992987 0.021617 2.690482 -0.866710 0.112031 -0.486070 -62.019221
-0.488890 0.041062 0.871378 302.727335 0.118674 0.992736 0.019801 2.724832 -0.864235 0.113091 -0.490212 -63.260961
-0.492764 0.043560 0.869072 305.067123 0.123075 0.992195 0.020053 2.781548 -0.861415 0.116843 -0.494279 -64.396107
-0.495891 0.048440 0.867033 307.368052 0.125483 0.991961 0.016349 2.825146 -0.859271 0.116905 -0.497983 -65.637211
-0.501875 0.053842 0.863263 309.683596 0.127872 0.991712 0.012487 2.876836 -0.855436 0.116654 -0.504600 -66.880376
-0.505148 0.059830 0.860956 311.934288 0.129044 0.991616 0.006804 2.839326 -0.853330 0.114538 -0.508634 -68.260313
-0.509296 0.064234 0.858191 314.213869 0.130349 0.991463 0.003146 2.813517 -0.850663 0.113466 -0.513321 -69.613250
-0.513063 0.066474 0.855773 316.405087 0.130769 0.991412 0.001390 2.756344 -0.848331 0.112621 -0.517349 -71.116943
-0.514580 0.068484 0.854703 318.569643 0.129747 0.991546 -0.001333 2.649875 -0.847569 0.110209 -0.519115 -72.667483
-0.517884 0.069763 0.852601 320.817877 0.129527 0.991573 -0.002457 2.532461 -0.845588 0.109163 -0.522556 -74.119483
-0.514162 0.071834 0.854679 322.847226 0.129868 0.991518 -0.005208 2.512579 -0.847804 0.108318 -0.519130 -75.888787
-0.518371 0.072732 0.852058 325.130182 0.129230 0.991596 -0.006023 2.493737 -0.845335 0.106990 -0.523413 -77.311468
-0.522011 0.073773 0.849742 327.436825 0.129492 0.991559 -0.006535 2.452356 -0.843052 0.106624 -0.527158 -78.701632
-0.525371 0.075595 0.847509 329.713750 0.130834 0.991377 -0.007324 2.408653 -0.840755 0.107036 -0.530731 -80.137085
-0.529306 0.076640 0.844962 331.936420 0.129755 0.991508 -0.008650 2.322760 -0.838450 0.105059 -0.534756 -81.665836
-0.534775 0.075797 0.841588 334.202654 0.128107 0.991729 -0.007915 2.251934 -0.835227 0.103580 -0.540062 -83.135481
-0.535745 0.075211 0.841024 336.472317 0.127396 0.991823 -0.007543 2.218975 -0.834714 0.103102 -0.540946 -84.602243
-0.540432 0.078036 0.837761 338.759543 0.127817 0.991748 -0.009926 2.138868 -0.831622 0.101716 -0.545947 -86.044373
-0.540038 0.079291 0.837897 340.978104 0.127711 0.991744 -0.011538 2.086133 -0.831895 0.100777 -0.545706 -87.590409
-0.544033 0.078403 0.835393 343.273865 0.127540 0.991783 -0.010023 2.058527 -0.829314 0.101093 -0.549562 -89.040914
-0.543799 0.081446 0.835254 345.483250 0.128884 0.991577 -0.012779 1.978745 -0.829260 0.100701 -0.549716 -90.617027
-0.542927 0.086918 0.835269 347.739659 0.132902 0.990988 -0.016736 1.919726 -0.829197 0.101922 -0.549586 -92.127603
-0.545400 0.093198 0.832978 350.039582 0.138461 0.990163 -0.020126 1.883204 -0.826660 0.104358 -0.552940 -93.579300
-0.550888 0.098125 0.828790 352.350202 0.140957 0.989737 -0.023488 1.836672 -0.822589 0.103885 -0.559066 -95.005154
-0.554437 0.098118 0.826421 354.621929 0.140036 0.989866 -0.023575 1.756921 -0.820359 0.102658 -0.562558 -96.515104
-0.556071 0.098666 0.825258 356.865782 0.141774 0.989637 -0.022789 1.667204 -0.818954 0.104328 -0.564296 -98.049371
-0.561443 0.102697 0.821118 359.151514 0.143210 0.989356 -0.025818 1.569244 -0.815029 0.103097 -0.570174 -99.520059
-0.567127 0.106390 0.816730 361.466195 0.142045 0.989398 -0.030248 1.442524 -0.811289 0.098858 -0.576226 -100.964550
-0.566958 0.107235 0.816737 363.642470 0.142259 0.989339 -0.031145 1.347920 -0.811370 0.098531 -0.576169 -102.594970
-0.570427 0.109069 0.814075 365.896226 0.143231 0.989166 -0.032164 1.250747 -0.808763 0.098254 -0.579869 -104.117583
-0.565893 0.109169 0.817219 368.028334 0.144646 0.988967 -0.031950 1.151945 -0.811691 0.100128 -0.575441 -105.802585
-0.567293 0.109504 0.816203 370.265347 0.144082 0.989030 -0.032548 1.047138 -0.810814 0.099136 -0.576847 -107.348063
-0.563237 0.108482 0.819143 372.437195 0.143259 0.989152 -0.032494 0.943414 -0.813782 0.099048 -0.572668 -108.970869
-0.563130 0.112100 0.818730 374.590496 0.145343 0.988747 -0.035411 0.810765 -0.813486 0.099055 -0.573086 -110.623642
-0.568854 0.121793 0.813370 376.962697 0.154025 0.987253 -0.040109 0.731024 -0.807887 0.102463 -0.580362 -111.952843
-0.576361 0.131443 0.806555 379.323089 0.166256 0.985198 -0.041750 0.564779 -0.800104 0.110032 -0.589683 -113.235411
-0.582279 0.121486 0.803861 381.502076 0.164392 0.985941 -0.029926 0.415086 -0.796195 0.114723 -0.594064 -114.832031
-0.588212 0.112708 0.800814 383.811610 0.155671 0.987502 -0.024640 0.323262 -0.793583 0.110170 -0.598406 -116.242407
-0.591678 0.113620 0.798128 385.988625 0.146964 0.988631 -0.031790 0.238306 -0.792666 0.098487 -0.601649 -117.862623
-0.591769 0.119952 0.797133 388.195460 0.143565 0.988740 -0.042206 0.173993 -0.793220 0.089464 -0.602327 -119.443152
-0.585666 0.124598 0.800919 390.302874 0.144309 0.988356 -0.048233 0.057097 -0.797603 0.087332 -0.596827 -121.141239
-0.588143 0.126135 0.798861 392.487859 0.144821 0.988223 -0.049414 -0.115588 -0.795685 0.086629 -0.599483 -122.717665
-0.595637 0.119922 0.794252 394.702997 0.142293 0.988907 -0.042602 -0.304176 -0.790550 0.087641 -0.606094 -124.237308
-0.599947 0.116195 0.791557 396.860933 0.143042 0.989033 -0.036767 -0.432209 -0.787148 0.091168 -0.609988 -125.846432
-0.606054 0.116979 0.786774 399.063197 0.145334 0.988761 -0.035059 -0.573572 -0.782033 0.093098 -0.616244 -127.396625
-0.614696 0.117939 0.779897 401.267861 0.145352 0.988762 -0.034961 -0.700306 -0.775256 0.091869 -0.624931 -128.944941
-0.619029 0.118392 0.776394 403.409915 0.144486 0.988867 -0.035591 -0.816934 -0.771963 0.090146 -0.629243 -130.574577
-0.624999 0.118915 0.771515 405.549080 0.143384 0.989002 -0.036282 -0.973188 -0.767344 0.087946 -0.635176 -132.190148
-0.625409 0.119184 0.771142 407.155631 0.143883 0.988934 -0.036153 -0.909578 -0.766917 0.088344 -0.635636 -134.357998
-0.630636 0.119583 0.766811 409.423164 0.143695 0.988965 -0.036050 -1.033605 -0.762660 0.087452 -0.640860 -135.801995
-0.635297 0.118683 0.763094 411.573512 0.143452 0.989059 -0.034400 -1.172136 -0.758828 0.087614 -0.645371 -137.419293
-0.638430 0.119563 0.760337 413.652341 0.142782 0.989112 -0.035649 -1.190719 -0.756320 0.085803 -0.648550 -139.133721
-0.642655 0.120322 0.756649 415.918970 0.140806 0.989318 -0.037728 -1.337553 -0.753106 0.082294 -0.652732 -140.564281
-0.646113 0.119764 0.753787 418.020368 0.138316 0.989633 -0.038677 -1.500901 -0.750604 0.079271 -0.655980 -142.248334
-0.647926 0.121769 0.751907 419.906153 0.140278 0.989330 -0.039341 -1.637356 -0.748675 0.079986 -0.658094 -144.156737
-0.655872 0.125796 0.744317 422.309875 0.144783 0.988674 -0.039516 -1.840297 -0.740858 0.081847 -0.666656 -145.332545
-0.661337 0.129100 0.738895 424.357043 0.147393 0.988239 -0.040743 -1.995429 -0.735465 0.081963 -0.672588 -147.060724
-0.669289 0.130787 0.731401 426.579296 0.147758 0.988153 -0.041490 -2.197509 -0.728162 0.080301 -0.680684 -148.552774
-0.675497 0.136014 0.724710 428.741139 0.151450 0.987478 -0.044165 -2.346601 -0.721642 0.079924 -0.687637 -150.142791
-0.673925 0.139112 0.725585 430.575318 0.154480 0.986937 -0.045738 -2.480189 -0.722469 0.081265 -0.686611 -152.093474
-0.678637 0.140553 0.720900 432.558900 0.155773 0.986733 -0.045742 -2.647112 -0.717765 0.081255 -0.691528 -153.893089
-0.677588 0.140696 0.721858 434.475342 0.153943 0.986920 -0.047856 -2.802555 -0.719149 0.078698 -0.690384 -155.752142
-0.679373 0.137646 0.720767 436.433664 0.149121 0.987651 -0.048056 -2.978696 -0.718481 0.074834 -0.691509 -157.573399
-0.680388 0.133379 0.720612 438.408802 0.142561 0.988603 -0.048378 -3.146719 -0.718852 0.069816 -0.691648 -159.365153
-0.678515 0.130817 0.722844 440.337541 0.138229 0.989174 -0.049265 -3.296733 -0.721464 0.066491 -0.689253 -161.212009
-0.676715 0.136177 0.723541 442.288167 0.143210 0.988322 -0.052069 -3.488661 -0.722182 0.068382 -0.688314 -163.027561
-0.673579 0.144432 0.724866 444.220411 0.152768 0.986750 -0.054654 -3.658641 -0.723155 0.073922 -0.686718 -164.850166
-0.663507 0.147780 0.733430 446.065233 0.156961 0.985978 -0.056670 -3.826308 -0.731520 0.077519 -0.677399 -166.786128
-0.661940 0.148729 0.734653 448.062640 0.158688 0.985707 -0.056573 -4.018572 -0.732567 0.079133 -0.676080 -168.559148
-0.658553 0.148276 0.737782 450.043125 0.158897 0.985691 -0.056266 -4.182728 -0.735568 0.080177 -0.672690 -170.351816
-0.657949 0.148210 0.738334 452.151429 0.158418 0.985743 -0.056704 -4.427054 -0.736211 0.079657 -0.672047 -171.969718
-0.656681 0.152318 0.738627 454.159398 0.163193 0.984887 -0.058014 -4.648611 -0.736300 0.082442 -0.671614 -173.707892
-0.662377 0.161035 0.731659 456.271860 0.168060 0.983674 -0.064356 -4.877399 -0.730077 0.080334 -0.678626 -175.331940
-0.660571 0.168824 0.731535 458.227439 0.171996 0.982504 -0.071431 -5.096327 -0.730796 0.078636 -0.678051 -177.139511
-0.658495 0.174982 0.731960 460.176339 0.177153 0.981305 -0.075218 -5.321509 -0.731437 0.080138 -0.677183 -178.948751
-0.657357 0.176325 0.732661 462.106448 0.179322 0.980914 -0.075179 -5.552855 -0.731933 0.081963 -0.676429 -180.773783
-0.653784 0.171793 0.736922 463.988687 0.175077 0.981803 -0.073555 -5.768707 -0.736148 0.080929 -0.671964 -182.651860
-0.652216 0.170678 0.738569 465.913716 0.172309 0.982198 -0.074816 -6.009798 -0.738190 0.078466 -0.670014 -184.486098
-0.648675 0.170521 0.741716 467.775469 0.171298 0.982282 -0.076017 -6.158803 -0.741537 0.077744 -0.666392 -186.388720
-0.650187 0.170824 0.740322 469.817593 0.172346 0.982157 -0.075263 -6.411365 -0.739969 0.078656 -0.668026 -188.078418
-0.649181 0.171981 0.740937 471.815204 0.174334 0.981815 -0.075147 -6.694117 -0.740386 0.080387 -0.667358 -189.819884
-0.647169 0.171512 0.742803 473.792929 0.175191 0.981746 -0.074048 -6.914763 -0.741944 0.082211 -0.665402 -191.582035
-0.649821 0.169661 0.740910 475.859271 0.173324 0.982164 -0.072890 -7.178422 -0.740061 0.081052 -0.667637 -193.250915
-0.650190 0.168230 0.740913 477.775024 0.170979 0.982563 -0.073056 -7.400728 -0.740283 0.079180 -0.667616 -195.092753
-0.652204 0.168562 0.739065 479.970765 0.170986 0.982550 -0.073205 -7.699270 -0.738508 0.078625 -0.669644 -196.570229
-0.651368 0.169533 0.739580 481.942686 0.171276 0.982414 -0.074350 -7.927835 -0.739178 0.078244 -0.668950 -198.342245
-0.652632 0.168703 0.738655 483.915003 0.169926 0.982652 -0.074294 -8.162339 -0.738374 0.077030 -0.669977 -200.120205
-0.653611 0.169009 0.737718 485.934546 0.169167 0.982710 -0.075256 -8.480112 -0.737682 0.075610 -0.670901 -201.823934
-0.647921 0.170548 0.742369 487.806565 0.172330 0.982162 -0.075232 -8.688248 -0.741957 0.079188 -0.665754 -203.708968
-0.648938 0.170022 0.741601 489.840540 0.172765 0.982179 -0.074000 -8.944339 -0.740966 0.080101 -0.666748 -205.405974
-0.650076 0.167842 0.741100 491.900232 0.171000 0.982597 -0.072538 -9.198760 -0.740378 0.079573 -0.667464 -207.069039
-0.647829 0.168000 0.743030 493.796806 0.170518 0.982609 -0.073499 -9.396943 -0.742456 0.079086 -0.665210 -208.932474
-0.643827 0.168463 0.746396 495.597590 0.170937 0.982476 -0.074300 -9.561932 -0.745833 0.079751 -0.661342 -210.885898
-0.642834 0.168162 0.747319 497.261464 0.170852 0.982505 -0.074118 -9.647414 -0.746709 0.080035 -0.660319 -212.961488
-0.642625 0.167328 0.747686 499.233054 0.170449 0.982628 -0.073409 -9.852270 -0.746980 0.080268 -0.659983 -214.737440
-0.643310 0.168017 0.746942 501.246947 0.170988 0.982510 -0.073741 -10.077248 -0.746267 0.080280 -0.660787 -216.452509
-0.644177 0.168761 0.746026 503.248102 0.170186 0.982530 -0.075309 -10.324599 -0.745703 0.078451 -0.661644 -218.206685
-0.644311 0.169957 0.745640 505.318877 0.169636 0.982466 -0.077354 -10.553059 -0.745713 0.076647 -0.661844 -219.865423
-0.644311 0.169957 0.745640 507.239178 0.169636 0.982466 -0.077354 -10.776111 -0.745713 0.076647 -0.661844 -221.695884
-0.647618 0.170317 0.742686 509.335564 0.169658 0.982462 -0.077362 -11.079748 -0.742837 0.075902 -0.665156 -223.308062
-0.647972 0.169186 0.742636 511.303399 0.170059 0.982541 -0.075459 -11.277058 -0.742436 0.077396 -0.665431 -225.080566
-0.649464 0.167740 0.741661 513.359865 0.168519 0.982862 -0.074722 -11.548732 -0.741484 0.076455 -0.666600 -226.759399
-0.647516 0.167114 0.743502 515.289952 0.167277 0.983032 -0.075271 -11.796334 -0.743466 0.075632 -0.664484 -228.575567
-0.647489 0.167644 0.743407 517.231904 0.168470 0.982856 -0.074909 -11.966366 -0.743220 0.076739 -0.664631 -230.388207
-0.648784 0.168155 0.742161 519.205364 0.168761 0.982788 -0.075147 -12.257347 -0.742023 0.076494 -0.665995 -232.149118
-0.649405 0.168423 0.741557 521.220731 0.168301 0.982815 -0.075831 -12.550467 -0.741584 0.075560 -0.666591 -233.861665
-0.648557 0.170498 0.741825 523.208017 0.168931 0.982527 -0.078127 -12.774541 -0.742183 0.074647 -0.666027 -235.625613
-0.652860 0.169732 0.738217 525.208015 0.166627 0.982880 -0.078625 -13.052632 -0.738924 0.071676 -0.669965 -237.360209
-0.653603 0.167054 0.738171 527.169020 0.164868 0.983340 -0.076557 -13.313067 -0.738662 0.071663 -0.670256 -239.138364
-0.651570 0.165502 0.740314 529.069416 0.164687 0.983496 -0.074921 -13.538703 -0.740496 0.073104 -0.668073 -240.988242
-0.650570 0.165441 0.741207 531.096235 0.164714 0.983490 -0.074947 -13.769292 -0.741369 0.073329 -0.667080 -242.688186
-0.649484 0.165340 0.742181 533.094826 0.164702 0.983490 -0.074967 -14.000571 -0.742323 0.073549 -0.665993 -244.441941
-0.649917 0.164468 0.741996 535.037864 0.164305 0.983622 -0.074111 -14.170237 -0.742032 0.073747 -0.666295 -246.252289
-0.650171 0.164420 0.741784 537.052461 0.164255 0.983634 -0.074059 -14.446992 -0.741821 0.073691 -0.666537 -247.971124
-0.650170 0.164419 0.741785 539.065090 0.163222 0.983736 -0.074985 -14.677119 -0.742049 0.072323 -0.666433 -249.702020
-0.651122 0.165670 0.740671 540.941742 0.162271 0.983708 -0.077379 -14.954582 -0.741423 0.069806 -0.667397 -251.575495
-0.649244 0.166835 0.742057 542.840600 0.162134 0.983579 -0.079281 -15.199393 -0.743098 0.068840 -0.665632 -253.432796
-0.648825 0.168863 0.741965 544.772344 0.164661 0.983120 -0.079756 -15.524606 -0.742908 0.070425 -0.665678 -255.234048
-0.648580 0.170124 0.741891 546.674547 0.167982 0.982661 -0.078481 -15.779231 -0.742379 0.073723 -0.665912 -257.084883
-0.649401 0.170268 0.741139 548.896792 0.169192 0.982533 -0.077477 -16.018257 -0.741385 0.075081 -0.666866 -258.523755
-0.649625 0.168455 0.741357 550.903251 0.165953 0.983048 -0.077955 -16.250356 -0.741921 0.072389 -0.666568 -260.272150
-0.648839 0.169348 0.741842 552.912851 0.165767 0.982963 -0.079406 -16.494303 -0.742650 0.071451 -0.665857 -262.013943
-0.650178 0.168887 0.740773 554.815762 0.165423 0.983059 -0.078933 -16.725824 -0.741555 0.071220 -0.667101 -263.863695
-0.655498 0.168290 0.736207 556.855457 0.164331 0.983280 -0.078454 -16.992090 -0.737101 0.069555 -0.672194 -265.559945
-0.655697 0.167934 0.736111 558.859193 0.164120 0.983340 -0.078144 -17.254330 -0.736971 0.069571 -0.672335 -267.296381
-0.655481 0.167822 0.736329 560.738577 0.163087 0.983447 -0.078964 -17.472818 -0.737392 0.068326 -0.672001 -269.186055
-0.657083 0.168124 0.734831 562.732018 0.162451 0.983488 -0.079752 -17.696128 -0.736106 0.066970 -0.673545 -270.945945
-0.657076 0.168179 0.734825 564.742862 0.161459 0.983572 -0.080735 -17.993386 -0.736331 0.065595 -0.673435 -272.680070
-0.655115 0.167954 0.736624 566.663088 0.161509 0.983573 -0.080622 -18.225263 -0.738064 0.066155 -0.671480 -274.516097
-0.653023 0.167360 0.738615 568.595555 0.161487 0.983619 -0.080102 -18.455518 -0.739921 0.066968 -0.669352 -276.335120
-0.652138 0.167218 0.739428 570.627524 0.160445 0.983719 -0.080959 -18.727208 -0.740927 0.065841 -0.668350 -278.055275
-0.650108 0.170812 0.740394 572.605234 0.162247 0.983138 -0.084352 -18.997058 -0.742318 0.065289 -0.666860 -279.829838
-0.649882 0.172346 0.740236 574.580561 0.163136 0.982882 -0.085618 -19.264282 -0.742320 0.065117 -0.666873 -281.602289
-0.651170 0.171639 0.739268 576.554360 0.163064 0.982982 -0.084591 -19.542145 -0.741207 0.065465 -0.668077 -283.377761
-0.650107 0.170840 0.740388 578.461992 0.162804 0.983086 -0.083890 -19.843636 -0.742196 0.066001 -0.666925 -285.204685
-0.650271 0.170072 0.740420 580.441009 0.162280 0.983221 -0.083321 -20.115930 -0.742167 0.065974 -0.666960 -286.971181
-0.649188 0.168691 0.741686 582.400084 0.161255 0.983455 -0.082536 -20.348707 -0.743338 0.066019 -0.665650 -288.756287
-0.646700 0.168911 0.743807 584.453063 0.160380 0.983483 -0.083897 -20.677059 -0.745693 0.065036 -0.663108 -290.432084
-0.645614 0.168393 0.744866 586.447113 0.161207 0.983458 -0.082605 -20.934753 -0.746455 0.066747 -0.662080 -292.215944
-0.644186 0.168644 0.746045 588.325612 0.162351 0.983312 -0.082093 -21.128463 -0.747440 0.068239 -0.660816 -294.029882
-0.643030 0.168610 0.747050 590.300333 0.162399 0.983300 -0.082145 -21.412084 -0.748425 0.068499 -0.659673 -295.787457
-0.644533 0.168380 0.745805 592.285328 0.161032 0.983464 -0.082870 -21.705493 -0.747426 0.066686 -0.660989 -297.526221
-0.644328 0.168031 0.746061 594.274787 0.161151 0.983490 -0.082330 -21.978600 -0.747577 0.067181 -0.660769 -299.268957
-0.643882 0.169244 0.746172 596.276535 0.161547 0.983315 -0.083631 -22.276367 -0.747876 0.066693 -0.660479 -300.991740
-0.643089 0.172262 0.746165 598.262630 0.163953 0.982749 -0.085576 -22.539330 -0.748035 0.067303 -0.660238 -302.732226
-0.642295 0.173124 0.746649 600.134101 0.165518 0.982500 -0.085426 -22.766356 -0.748372 0.068715 -0.659710 -304.607012
-0.641335 0.171214 0.747914 602.030863 0.163712 0.982872 -0.084619 -22.988008 -0.749592 0.068174 -0.658380 -306.459936
-0.646268 0.171861 0.743506 604.179321 0.162518 0.982955 -0.085946 -23.329018 -0.745604 0.065289 -0.663183 -307.993118
-0.645460 0.172247 0.744119 606.184373 0.161668 0.982976 -0.087303 -23.625303 -0.746488 0.063949 -0.662318 -309.706914
-0.644564 0.173053 0.744708 608.115593 0.163381 0.982724 -0.086951 -23.848311 -0.746889 0.065626 -0.661702 -311.529364
-0.646144 0.173254 0.743290 610.077047 0.164917 0.982580 -0.085667 -24.094937 -0.745184 0.067228 -0.663461 -313.310143
-0.645814 0.171417 0.744003 612.006198 0.164971 0.982780 -0.083232 -24.330865 -0.745458 0.068986 -0.662973 -315.116713
-0.646854 0.169032 0.743645 613.975082 0.162865 0.983249 -0.081827 -24.608174 -0.745020 0.068184 -0.663549 -316.889854
-0.646202 0.169499 0.744105 615.950390 0.162096 0.983261 -0.083207 -24.888364 -0.745753 0.066848 -0.662860 -318.643246
-0.650722 0.168679 0.740343 618.078258 0.159796 0.983599 -0.083650 -25.226357 -0.742311 0.063871 -0.667004 -320.206220
-0.649709 0.169803 0.740976 620.138090 0.160201 0.983427 -0.084895 -25.464542 -0.743111 0.063548 -0.666144 -321.879497
-0.651900 0.170381 0.738916 622.204521 0.160557 0.983352 -0.085094 -25.785765 -0.741113 0.063166 -0.668402 -323.522839
-0.650047 0.171302 0.740334 623.913256 0.161600 0.983138 -0.085591 -25.934883 -0.742512 0.064000 -0.666768 -325.558873
-0.648716 0.171916 0.741359 625.839118 0.162185 0.983003 -0.086033 -26.188625 -0.743548 0.064427 -0.665572 -327.373865
-0.648766 0.171594 0.741389 627.836364 0.161960 0.983060 -0.085803 -26.424638 -0.743553 0.064409 -0.665567 -329.124760
-0.651109 0.172758 0.739062 629.880021 0.162186 0.982928 -0.086878 -26.741449 -0.741454 0.063298 -0.668012 -330.795986
-0.652706 0.173644 0.737443 631.942035 0.162560 0.982808 -0.087539 -27.067973 -0.739966 0.062741 -0.669712 -332.451066
-0.652416 0.173376 0.737763 633.896024 0.163422 0.982763 -0.086434 -27.334449 -0.740032 0.064176 -0.669503 -334.220753
-0.649122 0.173676 0.740593 635.847047 0.163574 0.982681 -0.087076 -27.630575 -0.742889 0.064619 -0.666288 -336.002441
