0.999991 -0.004100 -0.000791 0.000000 0.004102 0.999986 0.003268 0.000000 0.000778 -0.003271 0.999994 0.000000
0.999987 -0.004406 -0.002394 0.000000 0.004417 0.999979 0.004664 0.000000 0.002373 -0.004675 0.999986 0.000000
0.999990 -0.003866 -0.002363 -0.101031 0.003878 0.999980 0.005006 -0.046335 0.002344 -0.005015 0.999985 4.035384
0.999992 -0.002210 -0.003226 -0.108465 0.002225 0.999987 0.004548 -0.068991 0.003215 -0.004555 0.999984 5.548491
0.999989 -0.002504 -0.003901 -0.097408 0.002524 0.999985 0.004941 -0.096774 0.003889 -0.004950 0.999980 7.084271
0.999988 -0.002496 -0.004127 -0.126773 0.002521 0.999979 0.006016 -0.116667 0.004112 -0.006026 0.999973 8.567882
0.999964 -0.005009 -0.006837 -0.092947 0.005051 0.999969 0.006086 -0.147345 0.006806 -0.006120 0.999958 10.067619
0.999922 -0.007223 -0.010184 -0.088120 0.007280 0.999958 0.005640 -0.150086 0.010143 -0.005713 0.999932 11.562669
0.999918 -0.007171 -0.010646 -0.142724 0.007231 0.999958 0.005609 -0.164609 0.010605 -0.005686 0.999928 13.054967
0.999878 -0.007661 -0.013625 -0.151836 0.007744 0.999952 0.006009 -0.185822 0.013578 -0.006114 0.999889 14.543705
0.999866 -0.006785 -0.014875 -0.218483 0.006873 0.999959 0.005904 -0.192308 0.014835 -0.006005 0.999872 16.027159
0.999880 -0.005560 -0.014451 -0.271558 0.005646 0.999967 0.005918 -0.186758 0.014418 -0.005999 0.999878 17.509187
0.999876 -0.003469 -0.015391 -0.287235 0.003577 0.999969 0.006996 -0.213729 0.015367 -0.007050 0.999857 18.983035
0.999871 -0.003974 -0.015551 -0.322167 0.004087 0.999966 0.007214 -0.252444 0.015522 -0.007277 0.999853 20.455842
0.999865 -0.001952 -0.016296 -0.350656 0.002058 0.999977 0.006477 -0.246672 0.016282 -0.006510 0.999846 21.917879
0.999831 -0.000074 -0.018362 -0.376063 0.000225 0.999966 0.008236 -0.273150 0.018360 -0.008239 0.999797 23.374856
0.999864 0.000822 -0.016490 -0.444932 -0.000670 0.999957 0.009230 -0.279716 0.016497 -0.009218 0.999821 24.825895
0.999890 0.002856 -0.014560 -0.536347 -0.002732 0.999960 0.008542 -0.312445 0.014584 -0.008501 0.999858 26.264011
0.999869 0.002496 -0.015985 -0.552346 -0.002382 0.999972 0.007138 -0.332648 0.016002 -0.007099 0.999847 27.697311
0.999895 0.001378 -0.014459 -0.605002 -0.001288 0.999980 0.006204 -0.326436 0.014468 -0.006184 0.999876 29.122276
0.999903 -0.001181 -0.013866 -0.659108 0.001307 0.999958 0.009059 -0.350226 0.013854 -0.009076 0.999863 30.542921
0.999922 -0.001207 -0.012469 -0.709834 0.001342 0.999941 0.010784 -0.351519 0.012455 -0.010799 0.999864 31.953688
0.999916 -0.001804 -0.012865 -0.734474 0.001929 0.999951 0.009694 -0.346294 0.012847 -0.009718 0.999870 33.348288
0.999904 -0.004714 -0.013059 -0.747434 0.004812 0.999960 0.007518 -0.359826 0.013023 -0.007580 0.999886 34.732673
0.999923 -0.003766 -0.011803 -0.795795 0.003848 0.999969 0.006909 -0.369320 0.011777 -0.006954 0.999906 36.100016
0.999953 -0.002241 -0.009451 -0.854132 0.002302 0.999977 0.006395 -0.401327 0.009437 -0.006416 0.999935 37.455101
0.999956 -0.002298 -0.009117 -0.866564 0.002360 0.999974 0.006804 -0.409596 0.009101 -0.006825 0.999935 38.789673
0.999945 -0.003403 -0.009963 -0.868721 0.003479 0.999965 0.007646 -0.414112 0.009936 -0.007680 0.999921 40.113861
0.999949 -0.002947 -0.009693 -0.854401 0.003023 0.999965 0.007758 -0.411280 0.009670 -0.007787 0.999923 41.417260
0.999975 -0.001380 -0.006886 -0.877365 0.001435 0.999968 0.007894 -0.407496 0.006875 -0.007904 0.999945 42.699643
0.999990 0.000024 -0.004523 -0.874085 0.000007 0.999977 0.006820 -0.405129 0.004523 -0.006820 0.999967 43.963156
0.999997 -0.000908 0.002082 -0.912522 0.000897 0.999983 0.005732 -0.422305 -0.002087 -0.005730 0.999981 45.203821
0.999992 -0.000194 0.004111 -0.897159 0.000177 0.999992 0.004085 -0.431066 -0.004112 -0.004084 0.999983 46.437173
0.999984 -0.000284 0.005640 -0.853717 0.000254 0.999986 0.005357 -0.450155 -0.005641 -0.005355 0.999970 47.656575
0.999945 0.000649 0.010437 -0.832621 -0.000699 0.999988 0.004802 -0.454778 -0.010434 -0.004809 0.999934 48.866132
0.999856 0.002736 0.016752 -0.812072 -0.002796 0.999990 0.003597 -0.459195 -0.016742 -0.003643 0.999853 50.064147
0.999693 0.003468 0.024540 -0.820668 -0.003564 0.999986 0.003869 -0.493059 -0.024526 -0.003956 0.999691 51.249521
0.999472 0.004836 0.032122 -0.763671 -0.004982 0.999978 0.004479 -0.514456 -0.032100 -0.004636 0.999474 52.425871
0.999086 0.006045 0.042323 -0.740372 -0.006258 0.999968 0.004900 -0.532174 -0.042292 -0.005160 0.999092 53.590328
0.998251 0.007013 0.058708 -0.717348 -0.007327 0.999960 0.005136 -0.555511 -0.058669 -0.005558 0.998262 54.739082
0.997236 0.007249 0.073951 -0.650550 -0.007748 0.999949 0.006465 -0.602361 -0.073901 -0.007020 0.997241 55.869231
0.995863 0.010432 0.090266 -0.581728 -0.011155 0.999910 0.007519 -0.610863 -0.090179 -0.008495 0.995889 56.988996
0.993814 0.009733 0.110631 -0.517791 -0.010783 0.999902 0.008895 -0.655508 -0.110534 -0.010033 0.993822 58.100519
0.991584 0.010061 0.129076 -0.373924 -0.011125 0.999910 0.007525 -0.647442 -0.128989 -0.008898 0.991606 59.189881
0.988519 0.008835 0.150840 -0.218348 -0.010084 0.999921 0.007521 -0.668739 -0.150762 -0.008956 0.988530 60.264234
0.985081 0.007089 0.171944 -0.060524 -0.008573 0.999932 0.007888 -0.673568 -0.171876 -0.009245 0.985075 61.327465
0.981091 0.002135 0.193533 0.143460 -0.004485 0.999921 0.011706 -0.695109 -0.193493 -0.012353 0.981024 62.371334
0.976130 -0.003665 0.217155 0.351092 0.000656 0.999903 0.013926 -0.687107 -0.217185 -0.013451 0.976038 63.402970
0.970756 -0.008804 0.239908 0.625484 0.005506 0.999881 0.014413 -0.684432 -0.240006 -0.012670 0.970689 64.405863
0.964087 -0.015750 0.265121 0.910949 0.012411 0.999821 0.014265 -0.691441 -0.265298 -0.010463 0.964110 65.388952
0.955626 -0.020174 0.293893 1.179975 0.016301 0.999745 0.015622 -0.692403 -0.294133 -0.010138 0.955711 66.367663
0.946641 -0.023045 0.321465 1.516753 0.018410 0.999678 0.017450 -0.679250 -0.321764 -0.010600 0.946761 67.313750
0.936680 -0.025958 0.349222 1.855471 0.020748 0.999611 0.018651 -0.659442 -0.349570 -0.010224 0.936854 68.253558
0.925523 -0.031265 0.377400 2.227832 0.025391 0.999467 0.020531 -0.662392 -0.377840 -0.009419 0.925823 69.165222
0.913132 -0.032461 0.406369 2.622332 0.028315 0.999468 0.016212 -0.659875 -0.406679 -0.003298 0.913565 70.049815
0.899854 -0.036842 0.434632 3.052253 0.035203 0.999310 0.011823 -0.650238 -0.434768 0.004661 0.900531 70.907771
0.885319 -0.039914 0.463267 3.490043 0.040019 0.999153 0.009608 -0.644094 -0.463258 0.010033 0.886167 71.758126
0.869612 -0.039437 0.492158 3.961612 0.038446 0.999187 0.012133 -0.648735 -0.492236 0.008370 0.870421 72.588540
0.851658 -0.036285 0.522840 4.446867 0.032729 0.999336 0.016040 -0.671302 -0.523074 0.003452 0.852280 73.410588
0.830947 -0.034196 0.555300 4.962637 0.030459 0.999408 0.015966 -0.665725 -0.555518 0.003648 0.831497 74.199504
0.811047 -0.030325 0.584195 5.523641 0.031420 0.999472 0.008260 -0.653815 -0.584137 0.011656 0.811572 74.941761
0.788839 -0.027924 0.613965 6.083699 0.035144 0.999382 0.000300 -0.656847 -0.613595 0.021341 0.789333 75.676237
0.766740 -0.026218 0.641423 6.692435 0.036220 0.999341 -0.002449 -0.656174 -0.640936 0.025110 0.767184 76.362320
0.743159 -0.025900 0.668614 7.294263 0.034755 0.999396 0.000083 -0.665068 -0.668212 0.023176 0.743610 77.060748
0.718691 -0.025224 0.694872 7.924287 0.035421 0.999372 -0.000357 -0.679244 -0.694427 0.024869 0.719133 77.720551
0.693495 -0.024299 0.720052 8.569796 0.038161 0.999267 -0.003032 -0.689437 -0.719450 0.029581 0.693914 78.344900
0.668787 -0.023491 0.743083 9.266770 0.039943 0.999192 -0.004362 -0.702870 -0.742381 0.032598 0.669185 78.913927
0.642503 -0.021447 0.765983 9.969276 0.041702 0.999106 -0.007005 -0.701177 -0.765148 0.036444 0.642823 79.471868
0.613561 -0.019851 0.789398 10.668845 0.043224 0.999029 -0.008474 -0.709117 -0.788463 0.039320 0.613824 80.042929
0.585638 -0.016570 0.810403 11.401119 0.046985 0.998804 -0.013532 -0.745975 -0.809210 0.046002 0.585716 80.566843
0.554543 -0.012657 0.832059 12.141225 0.054931 0.998260 -0.021425 -0.768180 -0.830340 0.057587 0.554273 81.087076
0.521033 -0.007804 0.853501 12.905345 0.060510 0.997780 -0.027816 -0.787803 -0.851389 0.066139 0.520349 81.597619
0.482450 -0.001353 0.875923 13.630834 0.061435 0.997588 -0.032297 -0.846121 -0.873767 0.069394 0.481369 82.172052
0.447985 0.005843 0.894022 14.445046 0.058158 0.997670 -0.035663 -0.861034 -0.892148 0.067971 0.446601 82.617037
0.416875 0.013176 0.908868 15.308376 0.051841 0.997923 -0.038245 -0.903963 -0.907484 0.063061 0.415326 82.978348
0.384263 0.019779 0.923012 16.182676 0.049656 0.997881 -0.042055 -0.927969 -0.921887 0.061993 0.382467 83.291515
0.351749 0.028816 0.935651 17.064638 0.046868 0.997730 -0.048348 -0.978665 -0.934920 0.060858 0.349601 83.612020
0.316190 0.036964 0.947976 17.953986 0.045362 0.997509 -0.054026 -1.018924 -0.947611 0.060084 0.313725 83.914424
0.283301 0.044068 0.958018 18.868923 0.042832 0.997366 -0.058544 -1.065744 -0.958074 0.057620 0.280667 84.152846
0.247170 0.047888 0.967788 19.786527 0.040011 0.997422 -0.059573 -1.142761 -0.968146 0.053447 0.244617 84.390504
0.210128 0.051638 0.976309 20.718539 0.039656 0.997332 -0.061285 -1.201904 -0.976869 0.051594 0.207520 84.609739
0.173442 0.052527 0.983442 21.664396 0.039142 0.997420 -0.060177 -1.254997 -0.984066 0.048931 0.170939 84.770289
0.137511 0.047106 0.989380 22.615579 0.039917 0.997793 -0.053054 -1.327711 -0.989696 0.046789 0.135327 84.913131
0.103759 0.045914 0.993542 23.571431 0.044657 0.997711 -0.050770 -1.368361 -0.993599 0.049636 0.101471 85.005777
0.069940 0.048730 0.996360 24.529893 0.049782 0.997391 -0.052275 -1.421409 -0.996308 0.053257 0.067332 85.089786
0.040284 0.043067 0.998260 25.492636 0.052521 0.997598 -0.045158 -1.487496 -0.997807 0.054248 0.037925 85.127156
0.013179 0.042304 0.999018 26.462851 0.051656 0.997742 -0.042932 -1.527124 -0.998578 0.052171 0.010964 85.168374
-0.008644 0.042492 0.999059 27.443354 0.047707 0.997977 -0.042033 -1.583076 -0.998824 0.047299 -0.010654 85.140330
-0.025867 0.042971 0.998741 28.424630 0.045662 0.998084 -0.041760 -1.633043 -0.998622 0.044525 -0.027780 85.085864
-0.042672 0.040967 0.998249 29.403315 0.048474 0.998067 -0.038887 -1.680552 -0.997912 0.046730 -0.044576 85.034652
-0.056754 0.039172 0.997619 30.385036 0.052079 0.997986 -0.036224 -1.729359 -0.997029 0.049899 -0.058679 84.978355
-0.068139 0.035227 0.997054 31.371250 0.056309 0.997919 -0.031409 -1.773404 -0.996086 0.054003 -0.069980 84.913464
-0.077840 0.030946 0.996485 32.362001 0.058730 0.997925 -0.026403 -1.812841 -0.995235 0.056468 -0.079496 84.836282
-0.084601 0.027754 0.996028 33.353189 0.062719 0.997778 -0.022475 -1.861186 -0.994439 0.060569 -0.086154 84.763132
-0.087839 0.026477 0.995783 34.345253 0.066352 0.997582 -0.020671 -1.898443 -0.993922 0.064256 -0.089383 84.680001
-0.089490 0.023729 0.995705 35.340617 0.070521 0.997358 -0.017431 -1.930885 -0.993488 0.068658 -0.090927 84.552351
-0.091640 0.023812 0.995507 36.343294 0.074442 0.997081 -0.016997 -1.932066 -0.993006 0.072550 -0.093146 84.464838
-0.094268 0.022090 0.995302 37.347483 0.076998 0.996921 -0.014833 -1.971824 -0.992565 0.075238 -0.095678 84.380110
-0.097427 0.020655 0.995028 38.352206 0.080114 0.996703 -0.012845 -1.992225 -0.992013 0.078464 -0.098760 84.277560
-0.098394 0.017509 0.994993 39.362976 0.080956 0.996672 -0.009533 -2.007163 -0.991849 0.079612 -0.099484 84.161976
-0.102910 0.018485 0.994519 40.385612 0.079534 0.996779 -0.010297 -2.017363 -0.991506 0.078039 -0.104048 84.078628
-0.104511 0.019924 0.994324 41.405853 0.079115 0.996797 -0.011658 -2.047870 -0.991372 0.077447 -0.105753 83.966497
-0.106279 0.019149 0.994152 42.426218 0.078987 0.996818 -0.010757 -2.093853 -0.991194 0.077382 -0.107453 83.859490
-0.110989 0.021588 0.993587 43.454070 0.081692 0.996579 -0.012528 -2.110802 -0.990458 0.079777 -0.112373 83.789070
-0.112307 0.022461 0.993420 44.483440 0.083167 0.996449 -0.013127 -2.144495 -0.990187 0.081145 -0.113777 83.659153
-0.109616 0.024393 0.993675 45.512852 0.087638 0.996043 -0.014783 -2.153211 -0.990103 0.085463 -0.111320 83.494762
-0.110893 0.027773 0.993444 46.547857 0.093836 0.995436 -0.017354 -2.160452 -0.989393 0.091297 -0.112993 83.353737
-0.111888 0.031660 0.993216 47.592268 0.097974 0.994974 -0.020679 -2.163303 -0.988879 0.094996 -0.114428 83.235140
-0.118195 0.034988 0.992374 48.645191 0.097215 0.994986 -0.023501 -2.184556 -0.988220 0.093696 -0.121004 83.175318
-0.121135 0.038361 0.991895 49.704123 0.091521 0.995428 -0.027320 -2.236029 -0.988408 0.087470 -0.124092 83.053801
-0.125290 0.040125 0.991308 50.766647 0.090001 0.995522 -0.028920 -2.265554 -0.988029 0.085595 -0.128340 82.976349
-0.126101 0.041405 0.991153 51.824330 0.091136 0.995387 -0.029986 -2.292017 -0.987822 0.086548 -0.129293 82.829753
-0.129581 0.042558 0.990655 52.886046 0.094618 0.995050 -0.030371 -2.321728 -0.987044 0.089798 -0.132966 82.716164
-0.129142 0.041386 0.990762 53.942690 0.096138 0.994945 -0.029030 -2.369107 -0.986955 0.091501 -0.132468 82.546259
-0.129008 0.040905 0.990800 55.012731 0.096167 0.994955 -0.028555 -2.415981 -0.986970 0.091599 -0.132291 82.397171
-0.128484 0.042559 0.990798 56.087026 0.095231 0.994991 -0.030390 -2.458667 -0.987129 0.090450 -0.131893 82.250525
-0.130424 0.046346 0.990375 57.167570 0.094902 0.994904 -0.034060 -2.505601 -0.986906 0.089547 -0.134158 82.143227
-0.128400 0.050431 0.990439 58.243371 0.097423 0.994517 -0.038009 -2.541860 -0.986926 0.091611 -0.132610 81.986042
-0.126572 0.054581 0.990455 59.327808 0.098322 0.994258 -0.042226 -2.586420 -0.987073 0.092039 -0.131212 81.843737
-0.125262 0.058177 0.990417 60.419336 0.098278 0.994097 -0.045963 -2.649751 -0.987244 0.091578 -0.130240 81.703128
-0.126273 0.056433 0.990389 61.528263 0.093258 0.994634 -0.044785 -2.693090 -0.987602 0.086706 -0.130859 81.561812
-0.128582 0.051756 0.990347 62.633129 0.083801 0.995632 -0.041151 -2.746041 -0.988152 0.077701 -0.132358 81.423700
-0.130537 0.045894 0.990381 63.744012 0.076532 0.996414 -0.036086 -2.803296 -0.988485 0.071086 -0.133581 81.279017
-0.131671 0.037880 0.990569 64.844934 0.076423 0.996684 -0.027956 -2.870369 -0.988343 0.072021 -0.134129 81.123098
-0.130530 0.032477 0.990912 65.947314 0.082301 0.996369 -0.021814 -2.892657 -0.988023 0.078705 -0.132729 80.950417
-0.132556 0.027593 0.990791 67.060001 0.088080 0.995986 -0.015953 -2.916288 -0.987254 0.085155 -0.134454 80.819812
-0.129116 0.026365 0.991279 68.173322 0.092630 0.995596 -0.014415 -2.932372 -0.987294 0.089961 -0.130990 80.658438
-0.128838 0.030115 0.991208 69.299603 0.090343 0.995739 -0.018509 -2.952630 -0.987542 0.087164 -0.131010 80.512437
-0.128179 0.027927 0.991358 70.430550 0.085218 0.996217 -0.017045 -2.970088 -0.988083 0.082296 -0.130074 80.343273
-0.128217 0.030124 0.991289 71.568140 0.082698 0.996382 -0.019582 -3.028538 -0.988292 0.079467 -0.130244 80.208086
-0.126062 0.030919 0.991540 72.698653 0.083078 0.996332 -0.020506 -3.064832 -0.988537 0.079791 -0.128168 80.044884
-0.124690 0.029003 0.991772 73.833776 0.088937 0.995876 -0.017942 -3.073741 -0.988202 0.085968 -0.126755 79.877792
-0.125464 0.028070 0.991701 74.974658 0.091522 0.995665 -0.016604 -3.112506 -0.987868 0.088679 -0.127489 79.736614
-0.125541 0.026648 0.991730 76.128661 0.090247 0.995801 -0.015333 -3.129923 -0.987975 0.087575 -0.127419 79.600656
-0.126921 0.024952 0.991599 77.294684 0.082872 0.996455 -0.014467 -3.163315 -0.988445 0.080340 -0.128539 79.470738
-0.122698 0.025143 0.992126 78.449639 0.081134 0.996587 -0.015222 -3.179809 -0.989122 0.078627 -0.124319 79.291344
-0.120650 0.027767 0.992307 79.603732 0.083643 0.996338 -0.017710 -3.226470 -0.989165 0.080862 -0.122530 79.118854
-0.123046 0.029742 0.991955 80.770141 0.088165 0.995926 -0.018924 -3.241381 -0.988477 0.085127 -0.125167 79.007749
-0.124555 0.031011 0.991728 81.948249 0.087879 0.995928 -0.020105 -3.266582 -0.988313 0.084647 -0.126773 78.874687
-0.124148 0.031553 0.991762 83.108903 0.084902 0.996167 -0.021065 -3.289585 -0.988625 0.081587 -0.126351 78.713942
-0.124075 0.032234 0.991749 84.274147 0.084168 0.996212 -0.021849 -3.312906 -0.988697 0.080762 -0.126318 78.572190
-0.122927 0.029232 0.991985 85.445690 0.084001 0.996285 -0.018949 -3.345466 -0.988854 0.080998 -0.124926 78.425126
-0.120166 0.026543 0.992399 86.620108 0.083418 0.996377 -0.016549 -3.368287 -0.989243 0.080796 -0.121945 78.266339
-0.119422 0.026279 0.992496 87.808611 0.082424 0.996461 -0.016467 -3.403517 -0.989416 0.079839 -0.121166 78.118134
-0.117544 0.024802 0.992758 88.997955 0.082387 0.996485 -0.015140 -3.428659 -0.989644 0.080011 -0.119174 77.978554
-0.117278 0.023863 0.992812 90.211162 0.079368 0.996739 -0.014582 -3.471941 -0.989923 0.077087 -0.118790 77.857538
-0.116533 0.026102 0.992844 91.427038 0.078504 0.996769 -0.016991 -3.511619 -0.990079 0.075963 -0.118206 77.721008
-0.112517 0.023728 0.993366 92.636064 0.077240 0.996899 -0.015063 -3.545496 -0.990643 0.075033 -0.114001 77.530689
-0.108758 0.024693 0.993762 93.854286 0.078833 0.996757 -0.016140 -3.574767 -0.990937 0.076586 -0.110352 77.352636
-0.107907 0.024191 0.993867 95.079126 0.080184 0.996659 -0.015553 -3.626415 -0.990922 0.078014 -0.109487 77.229427
-0.106813 0.027110 0.993909 96.312703 0.079660 0.996648 -0.018624 -3.646003 -0.991083 0.077186 -0.108615 77.116871
-0.110975 0.031791 0.993315 97.549208 0.079396 0.996577 -0.023025 -3.685214 -0.990647 0.076310 -0.113119 77.041922
-0.110018 0.032496 0.993398 98.783975 0.080772 0.996452 -0.023650 -3.725937 -0.990642 0.077637 -0.112253 76.922580
-0.109413 0.037218 0.993299 100.027767 0.080724 0.996331 -0.028440 -3.766379 -0.990713 0.077071 -0.112016 76.811536
-0.109465 0.039866 0.993191 101.273711 0.079246 0.996365 -0.031259 -3.801315 -0.990827 0.075285 -0.112226 76.668443
-0.110627 0.040195 0.993049 102.522835 0.077383 0.996497 -0.031714 -3.850807 -0.990845 0.073336 -0.113350 76.528494
-0.112982 0.042544 0.992686 103.770748 0.075618 0.996554 -0.034104 -3.914200 -0.990715 0.071211 -0.115809 76.395568
-0.113814 0.044267 0.992515 105.022619 0.076760 0.996413 -0.035638 -3.960195 -0.990532 0.072129 -0.116803 76.269956
-0.113081 0.042871 0.992660 106.267216 0.075501 0.996551 -0.034439 -4.009830 -0.990713 0.071053 -0.115928 76.084900
-0.116276 0.045808 0.992160 107.518220 0.071862 0.996706 -0.037596 -4.051995 -0.990614 0.066927 -0.119185 75.940335
-0.119947 0.044938 0.991763 108.754487 0.070217 0.996857 -0.036677 -4.120613 -0.990294 0.065240 -0.122726 75.755014
-0.126706 0.051760 0.990589 109.984632 0.076571 0.996168 -0.042258 -4.200189 -0.988981 0.070496 -0.130184 75.637384
-0.132588 0.052518 0.989779 111.222693 0.080257 0.995885 -0.042091 -4.250662 -0.987917 0.073856 -0.136257 75.477318
-0.138593 0.052040 0.988981 112.442738 0.075288 0.996282 -0.041873 -4.312392 -0.987483 0.068655 -0.141996 75.274893
-0.147885 0.051521 0.987662 113.670626 0.072809 0.996499 -0.041080 -4.370972 -0.986321 0.065836 -0.151119 75.074073
-0.159576 0.052396 0.985794 114.891478 0.074531 0.996380 -0.040894 -4.415967 -0.984368 0.066947 -0.162903 74.860864
-0.170590 0.053454 0.983891 116.108591 0.074557 0.996365 -0.041204 -4.482252 -0.982517 0.066327 -0.173956 74.622923
-0.184186 0.055716 0.981311 117.323754 0.074931 0.996283 -0.042502 -4.524352 -0.980031 0.065703 -0.187676 74.392135
-0.198616 0.053111 0.978637 118.527688 0.076526 0.996322 -0.038540 -4.583350 -0.977085 0.067236 -0.201950 74.137345
-0.212745 0.054857 0.975567 119.723499 0.080547 0.996009 -0.038441 -4.648344 -0.973782 0.070400 -0.216314 73.900927
-0.229877 0.058485 0.971461 120.909605 0.085208 0.995569 -0.039773 -4.703164 -0.969483 0.073633 -0.233841 73.646944
-0.245894 0.064438 0.967152 122.102211 0.086554 0.995261 -0.044305 -4.733664 -0.965424 0.072817 -0.250306 73.402263
-0.260620 0.072796 0.962693 123.291114 0.084605 0.995039 -0.052338 -4.799126 -0.961727 0.067808 -0.265486 73.098980
-0.275140 0.079889 0.958079 124.464302 0.083099 0.994788 -0.059086 -4.888156 -0.957806 0.063358 -0.280344 72.756095
-0.289724 0.082871 0.953516 125.627783 0.084864 0.994545 -0.060651 -4.986793 -0.953340 0.063347 -0.295176 72.417881
-0.306047 0.085403 0.948178 126.787725 0.087224 0.994295 -0.061403 -5.072591 -0.948012 0.063912 -0.311750 72.074991
-0.321784 0.085550 0.942940 127.935180 0.090540 0.994126 -0.059296 -5.135667 -0.942474 0.066293 -0.327640 71.707320
-0.336726 0.086018 0.937666 129.071911 0.089266 0.994250 -0.059153 -5.238382 -0.937362 0.063784 -0.342468 71.309104
-0.349918 0.086621 0.932767 130.192184 0.086854 0.994427 -0.059765 -5.344358 -0.932745 0.060101 -0.355491 70.876761
-0.364029 0.088929 0.927132 131.310315 0.087536 0.994292 -0.061001 -5.419823 -0.927265 0.058951 -0.369736 70.438092
-0.375840 0.091350 0.922171 132.401597 0.090928 0.993963 -0.061403 -5.486652 -0.922213 0.060773 -0.381877 69.956144
-0.388856 0.090384 0.916854 133.475489 0.093004 0.993943 -0.058538 -5.551694 -0.916592 0.062509 -0.394907 69.447849
-0.403036 0.092351 0.910513 134.561538 0.095504 0.993708 -0.058515 -5.617754 -0.910187 0.063374 -0.409320 68.946984
-0.416752 0.090566 0.904498 135.643937 0.096750 0.993792 -0.054929 -5.686902 -0.903857 0.064618 -0.422927 68.442359
-0.431889 0.091467 0.897277 136.723529 0.101516 0.993453 -0.052408 -5.759799 -0.896196 0.068454 -0.438346 67.921532
-0.447820 0.094562 0.889109 137.810285 0.105053 0.993069 -0.052707 -5.828693 -0.887931 0.069800 -0.454650 67.408959
-0.464878 0.099457 0.879771 138.898063 0.106066 0.992770 -0.056185 -5.887996 -0.878999 0.067195 -0.472066 66.868868
-0.480725 0.106969 0.870323 139.977419 0.107390 0.992242 -0.062637 -5.955265 -0.870271 0.063353 -0.488483 66.304730
-0.497170 0.108290 0.860869 141.035343 0.108671 0.992140 -0.062043 -6.035801 -0.860821 0.062706 -0.505030 65.693831
-0.511658 0.110249 0.852087 142.064196 0.109846 0.991989 -0.062390 -6.104467 -0.852139 0.061676 -0.519669 65.038160
-0.524988 0.112897 0.843588 143.088610 0.111329 0.991756 -0.063443 -6.181852 -0.843797 0.060609 -0.533229 64.360008
-0.537019 0.116305 0.835514 144.105984 0.114427 0.991339 -0.064449 -6.257969 -0.835773 0.060995 -0.545676 63.663097
-0.549905 0.117624 0.826903 145.100946 0.113453 0.991377 -0.065572 -6.361602 -0.827486 0.057756 -0.558508 62.938982
-0.565807 0.122227 0.815428 146.128866 0.113444 0.991087 -0.069840 -6.454069 -0.816696 0.052989 -0.574630 62.241148
-0.580183 0.124939 0.804846 147.139356 0.112208 0.991003 -0.072951 -6.539049 -0.806720 0.047985 -0.588983 61.513154
-0.593437 0.126491 0.794879 148.121831 0.111462 0.990974 -0.074482 -6.641409 -0.797125 0.044399 -0.602180 60.746750
-0.609450 0.131724 0.781805 149.145992 0.114590 0.990382 -0.077539 -6.741742 -0.784500 0.042330 -0.618683 60.023316
-0.621984 0.134780 0.771344 150.095382 0.118763 0.989917 -0.077206 -6.847971 -0.773972 0.043586 -0.631719 59.211980
-0.637841 0.138974 0.757526 151.078384 0.122268 0.989383 -0.078559 -6.990285 -0.760401 0.042513 -0.648061 58.438267
-0.652821 0.143059 0.743881 152.031000 0.124064 0.988937 -0.081310 -7.070804 -0.747283 0.039208 -0.663348 57.603245
-0.669481 0.149100 0.727712 152.978514 0.124174 0.988327 -0.088260 -7.170939 -0.732377 0.031275 -0.680180 56.755124
-0.687111 0.152313 0.710407 153.911554 0.125313 0.987970 -0.090620 -7.288277 -0.715664 0.026757 -0.697932 55.890323
-0.704690 0.156727 0.691989 154.794409 0.128085 0.987375 -0.093193 -7.410447 -0.697859 0.022961 -0.715867 54.972368
-0.720347 0.162927 0.674207 155.654597 0.132646 0.986439 -0.096657 -7.517181 -0.680812 0.019805 -0.732190 54.028912
-0.736159 0.163712 0.656710 156.516819 0.132823 0.986381 -0.097004 -7.621188 -0.663647 0.015816 -0.747879 53.056667
-0.752497 0.164604 0.637694 157.364763 0.134165 0.986273 -0.096261 -7.771288 -0.644785 0.013120 -0.764251 52.073802
-0.768729 0.164679 0.618010 158.213421 0.132000 0.986330 -0.098632 -7.916199 -0.625805 0.005756 -0.779958 51.091029
-0.784121 0.162948 0.598835 159.044093 0.130467 0.986633 -0.097636 -8.061753 -0.606740 0.001569 -0.794899 50.088262
-0.800687 0.163245 0.576413 159.818055 0.131640 0.986585 -0.096549 -8.207267 -0.584441 -0.001426 -0.811435 49.050587
-0.813258 0.164983 0.558024 160.534552 0.135401 0.986296 -0.094272 -8.335722 -0.565930 -0.001111 -0.824452 47.981711
-0.826953 0.164629 0.537630 161.262744 0.134432 0.986334 -0.095252 -8.489853 -0.545964 -0.006494 -0.837783 46.917207
-0.839301 0.164707 0.518117 161.976836 0.133050 0.986253 -0.097996 -8.650037 -0.527135 -0.013313 -0.849677 45.849328
-0.849759 0.160639 0.502100 162.616732 0.129475 0.986865 -0.096606 -8.827301 -0.511024 -0.017082 -0.859397 44.732640
-0.860263 0.158541 0.484575 163.263548 0.130246 0.987225 -0.091771 -8.957131 -0.492934 -0.015833 -0.869923 43.624285
-0.869197 0.163883 0.466517 163.908498 0.136686 0.986349 -0.091827 -9.074549 -0.475198 -0.016049 -0.879733 42.507916
-0.877541 0.167253 0.449387 164.554254 0.140761 0.985759 -0.092009 -9.150990 -0.458377 -0.017486 -0.888586 41.385968
-0.883952 0.168363 0.436213 165.089681 0.142595 0.985549 -0.091430 -9.235493 -0.445303 -0.018617 -0.895186 40.209163
-0.890163 0.171060 0.422313 165.633568 0.144866 0.985011 -0.093633 -9.386236 -0.432000 -0.022170 -0.901601 39.044678
-0.895675 0.172623 0.409838 166.166321 0.146370 0.984671 -0.094859 -9.510735 -0.419931 -0.024975 -0.907212 37.872809
-0.901128 0.175323 0.396522 166.698938 0.147312 0.983992 -0.100295 -9.652340 -0.407758 -0.031967 -0.912530 36.697826
-0.906571 0.176874 0.383203 167.230753 0.147142 0.983439 -0.105820 -9.824674 -0.395573 -0.039548 -0.917583 35.521891
-0.911293 0.173411 0.373461 167.693447 0.142508 0.983767 -0.109059 -9.980641 -0.386311 -0.046164 -0.921213 34.315818
-0.915737 0.169224 0.364402 168.186180 0.139743 0.984496 -0.106018 -10.130934 -0.376693 -0.046162 -0.925187 33.130013
-0.918374 0.164798 0.359765 168.637955 0.137241 0.985371 -0.101036 -10.247667 -0.371153 -0.043414 -0.927556 31.924047
-0.920457 0.161791 0.355784 169.084837 0.135975 0.985992 -0.096592 -10.362217 -0.366428 -0.040531 -0.929563 30.719906
-0.922532 0.164644 0.349038 169.582042 0.138506 0.985426 -0.098754 -10.503915 -0.360210 -0.042760 -0.931891 29.529288
-0.923919 0.168337 0.343565 170.041717 0.140201 0.984503 -0.105348 -10.661400 -0.355975 -0.049165 -0.933201 28.328104
-0.925638 0.174387 0.335831 170.531821 0.145669 0.983300 -0.109098 -10.810769 -0.349248 -0.052065 -0.935583 27.137896
-0.926253 0.183366 0.329290 171.014271 0.155234 0.981731 -0.110027 -10.949065 -0.343449 -0.050796 -0.937797 25.947371
-0.927093 0.187367 0.324642 171.452943 0.160443 0.981111 -0.108067 -11.087156 -0.338759 -0.048101 -0.939643 24.744516
-0.926930 0.188162 0.324647 171.845769 0.162440 0.981131 -0.104855 -11.219041 -0.338251 -0.044458 -0.940005 23.521602
-0.926884 0.189991 0.323713 172.273567 0.164946 0.980868 -0.103396 -11.355355 -0.337164 -0.042441 -0.940489 22.311487
-0.927433 0.185663 0.324649 172.688507 0.161045 0.981727 -0.101378 -11.506731 -0.337539 -0.041738 -0.940386 21.098135
-0.926657 0.185833 0.326761 173.071379 0.162029 0.981820 -0.098877 -11.626828 -0.339195 -0.038680 -0.939921 19.881183
-0.925352 0.183971 0.331479 173.446917 0.160850 0.982285 -0.096142 -11.756685 -0.343295 -0.035647 -0.938551 18.678431
-0.925994 0.181993 0.330778 173.903047 0.158445 0.982586 -0.097058 -11.906968 -0.342682 -0.037465 -0.938704 17.499720
-0.924947 0.183980 0.332603 174.329724 0.160277 0.982234 -0.097607 -12.043079 -0.344651 -0.036973 -0.938002 16.317495
-0.923469 0.184861 0.336203 174.767489 0.161451 0.982145 -0.096563 -12.172773 -0.348051 -0.034893 -0.936826 15.132660
-0.920255 0.188105 0.343143 175.184110 0.164165 0.981571 -0.097815 -12.288883 -0.355219 -0.033682 -0.934176 13.935261
-0.918250 0.188351 0.348340 175.627278 0.163109 0.981454 -0.100713 -12.416768 -0.360849 -0.035662 -0.931942 12.744172
-0.915330 0.188318 0.355960 176.071218 0.161438 0.981381 -0.104063 -12.557222 -0.368929 -0.037787 -0.928689 11.559300
-0.912395 0.185313 0.364958 176.512352 0.158445 0.982030 -0.102527 -12.693731 -0.377399 -0.035719 -0.925361 10.378408
-0.908536 0.187226 0.373508 176.980817 0.160045 0.981741 -0.102812 -12.849249 -0.385937 -0.033630 -0.921912 9.209903
-0.905390 0.186175 0.381585 177.498393 0.160347 0.982112 -0.098713 -12.982305 -0.393137 -0.028188 -0.919048 8.066384
-0.901457 0.184056 0.391788 177.983708 0.157481 0.982524 -0.099229 -13.130070 -0.403205 -0.027752 -0.914689 6.898665
-0.897769 0.182940 0.400680 178.528152 0.156945 0.982824 -0.097079 -13.273563 -0.411558 -0.024270 -0.911061 5.754080
-0.892087 0.180667 0.414174 179.058016 0.154810 0.983319 -0.095490 -13.409327 -0.424517 -0.021067 -0.905175 4.603668
-0.886105 0.180682 0.426816 179.613908 0.155055 0.983387 -0.094385 -13.538103 -0.436779 -0.017455 -0.899399 3.458402
-0.879784 0.178667 0.440520 180.177413 0.151768 0.983754 -0.095888 -13.676340 -0.450496 -0.017504 -0.892607 2.317272
-0.874162 0.175718 0.452729 180.762704 0.149364 0.984338 -0.093648 -13.803891 -0.462094 -0.014242 -0.886717 1.179849
-0.869205 0.173714 0.462933 181.384479 0.147054 0.984709 -0.093399 -13.944453 -0.472079 -0.013107 -0.881459 0.072106
-0.862408 0.168569 0.477324 181.977202 0.140886 0.985599 -0.093521 -14.084072 -0.486214 -0.013405 -0.873737 -1.049659
-0.853919 0.165332 0.493444 182.577962 0.136811 0.986159 -0.093664 -14.221151 -0.502100 -0.012473 -0.864720 -2.163431
-0.846675 0.162087 0.506822 183.225531 0.133344 0.986715 -0.092804 -14.358200 -0.515132 -0.010994 -0.857040 -3.237285
-0.838584 0.160527 0.520585 183.894227 0.132189 0.987000 -0.091413 -14.462272 -0.528492 -0.007842 -0.848902 -4.296871
-0.829929 0.158245 0.534954 184.583629 0.128550 0.987366 -0.092641 -14.628144 -0.542856 -0.008117 -0.839787 -5.323643
-0.820584 0.154259 0.550315 185.276755 0.124661 0.988012 -0.091066 -14.760573 -0.557765 -0.006124 -0.829976 -6.347665
-0.808492 0.154014 0.567997 185.961658 0.125893 0.988069 -0.088720 -14.858055 -0.574885 -0.000223 -0.818234 -7.373373
-0.796344 0.150593 0.585798 186.666270 0.122454 0.988594 -0.087675 -14.992428 -0.592319 0.001914 -0.805701 -8.383757
-0.780238 0.146529 0.608077 187.360402 0.120089 0.989180 -0.084275 -15.088901 -0.613846 0.007269 -0.789392 -9.402608
-0.768361 0.143864 0.623638 188.169682 0.116923 0.989563 -0.084222 -15.205200 -0.629246 0.008205 -0.777163 -10.326125
-0.754170 0.139693 0.641649 188.956089 0.112315 0.990153 -0.083555 -15.332552 -0.647003 0.009052 -0.762434 -11.263317
-0.739239 0.136163 0.659534 189.752708 0.109055 0.990624 -0.082283 -15.482188 -0.664555 0.011099 -0.747157 -12.173482
-0.722011 0.130111 0.679537 190.538542 0.102918 0.991429 -0.080477 -15.630628 -0.684184 0.011831 -0.729214 -13.068503
-0.705398 0.127241 0.697297 191.369844 0.100235 0.991776 -0.079577 -15.753269 -0.701688 0.013760 -0.712352 -13.926622
-0.685060 0.123367 0.717965 192.202285 0.095855 0.992253 -0.079035 -15.875764 -0.722153 0.014677 -0.691578 -14.777391
-0.663972 0.124563 0.737310 193.086887 0.096598 0.992054 -0.080610 -15.986757 -0.741492 0.017699 -0.670728 -15.577884
-0.642322 0.122373 0.756603 193.955751 0.096081 0.992240 -0.078916 -16.092034 -0.760389 0.022006 -0.649095 -16.382926
-0.622583 0.121801 0.773017 194.887963 0.095195 0.992265 -0.079678 -16.212773 -0.776742 0.023981 -0.629362 -17.105016
-0.604458 0.120417 0.787484 195.838510 0.095294 0.992342 -0.078596 -16.310195 -0.790917 0.027534 -0.611303 -17.798007
-0.583428 0.117873 0.803565 196.783260 0.093072 0.992597 -0.078027 -16.424645 -0.806814 0.029267 -0.590080 -18.495481
-0.561927 0.115509 0.819082 197.742408 0.091339 0.992812 -0.077346 -16.535363 -0.822129 0.031352 -0.568438 -19.137759
-0.537319 0.110960 0.836048 198.716315 0.091103 0.993143 -0.073259 -16.636737 -0.838444 0.036803 -0.543744 -19.779326
-0.512603 0.111130 0.851404 199.730369 0.094011 0.992891 -0.072997 -16.710719 -0.853464 0.042623 -0.519406 -20.360906
-0.484334 0.109418 0.868014 200.740288 0.093707 0.992929 -0.072877 -16.790159 -0.869851 0.046043 -0.491162 -20.961149
-0.457084 0.106323 0.883046 201.774763 0.090391 0.993242 -0.072802 -16.898955 -0.884819 0.046543 -0.463605 -21.514714
-0.426796 0.100794 0.898713 202.812095 0.089216 0.993615 -0.069070 -17.003088 -0.899936 0.050700 -0.433064 -22.033163
-0.393287 0.099054 0.914064 203.866963 0.093934 0.993306 -0.067225 -17.055370 -0.914605 0.059423 -0.399959 -22.534197
-0.364349 0.094123 0.926494 204.956466 0.093485 0.993550 -0.064172 -17.147657 -0.926558 0.063232 -0.370798 -22.951378
-0.331264 0.086824 0.939535 206.033799 0.090975 0.994057 -0.059786 -17.223461 -0.939142 0.065669 -0.337194 -23.375261
-0.299184 0.083592 0.950527 207.149403 0.091041 0.994111 -0.058770 -17.292692 -0.949842 0.068954 -0.305032 -23.728160
-0.266741 0.077659 0.960634 208.274716 0.087052 0.994615 -0.056234 -17.378501 -0.959829 0.068625 -0.272065 -24.044101
-0.231708 0.074920 0.969896 209.422272 0.086339 0.994679 -0.056208 -17.443988 -0.968946 0.070715 -0.236943 -24.329348
-0.196840 0.069842 0.977945 210.570661 0.083735 0.995013 -0.054207 -17.527272 -0.976853 0.071218 -0.201707 -24.577596
-0.162624 0.065909 0.984484 211.703581 0.083913 0.995076 -0.052757 -17.595508 -0.983113 0.074031 -0.167354 -24.777355
-0.130127 0.063895 0.989436 212.858951 0.085288 0.994944 -0.053033 -17.651924 -0.987822 0.077486 -0.134918 -24.917965
-0.091089 0.058131 0.994145 214.006289 0.084159 0.995173 -0.050480 -17.730228 -0.992280 0.079068 -0.095541 -25.084688
-0.055692 0.053964 0.996989 215.148179 0.085271 0.995147 -0.049101 -17.796961 -0.994800 0.082280 -0.060024 -25.171146
-0.021710 0.050990 0.998463 216.315972 0.085197 0.995160 -0.048969 -17.852898 -0.996128 0.084003 -0.025949 -25.218779
0.015336 0.045698 0.998838 217.475192 0.084646 0.995310 -0.046836 -17.923009 -0.996293 0.085266 0.011396 -25.256033
0.047535 0.042834 0.997951 218.634683 0.085559 0.995234 -0.046793 -17.985696 -0.995199 0.087608 0.043643 -25.190328
0.077283 0.037102 0.996319 219.787269 0.085007 0.995423 -0.043663 -18.064627 -0.993379 0.088068 0.073776 -25.082687
0.109406 0.030282 0.993536 220.936138 0.084075 0.995672 -0.039605 -18.110699 -0.990435 0.087865 0.106386 -24.978691
0.136907 0.025321 0.990260 222.089570 0.082672 0.995894 -0.036894 -18.180005 -0.987128 0.086918 0.134252 -24.801999
0.166665 0.019451 0.985822 223.243019 0.082534 0.996021 -0.033605 -18.249548 -0.982553 0.086965 0.164396 -24.620535
0.197273 0.012342 0.980271 224.397922 0.083914 0.996038 -0.029428 -18.287646 -0.976751 0.088064 0.195456 -24.427047
0.227327 0.005805 0.973801 225.549914 0.085189 0.996030 -0.025824 -18.317158 -0.970085 0.088828 0.225930 -24.164893
0.256028 -0.000797 0.966669 226.693166 0.085128 0.996133 -0.021725 -18.364294 -0.962914 0.087853 0.255106 -23.870410
0.285569 -0.005278 0.958344 227.838309 0.085676 0.996121 -0.020043 -18.401227 -0.954521 0.087831 0.284914 -23.559787
0.317421 -0.011004 0.948221 228.982411 0.089584 0.995809 -0.018432 -18.397718 -0.944044 0.090796 0.317076 -23.233841
0.343276 -0.015447 0.939108 230.074411 0.090004 0.995804 -0.016520 -18.431808 -0.934912 0.090194 0.343226 -22.782414
0.369774 -0.021625 0.928870 231.180202 0.088640 0.995990 -0.012100 -18.476109 -0.924884 0.086809 0.370208 -22.329492
0.396373 -0.025274 0.917742 232.283347 0.088254 0.996041 -0.010686 -18.520827 -0.913838 0.085230 0.397034 -21.860494
0.422670 -0.029557 0.905801 233.345103 0.092403 0.995665 -0.010629 -18.528492 -0.901561 0.088191 0.423569 -21.331716
0.453239 -0.035262 0.890691 234.438708 0.096616 0.995274 -0.009761 -18.543946 -0.886138 0.090479 0.454504 -20.837942
0.480531 -0.039318 0.876096 235.490658 0.096937 0.995254 -0.008504 -18.559733 -0.871604 0.089013 0.482062 -20.277498
0.504660 -0.046153 0.862083 236.530383 0.097139 0.995264 -0.003582 -18.575473 -0.857836 0.085550 0.506754 -19.645218
0.529443 -0.048951 0.846932 237.545723 0.097378 0.995242 -0.003350 -18.571732 -0.842738 0.084246 0.531690 -18.971131
0.553559 -0.053645 0.831080 238.572559 0.097729 0.995213 -0.000855 -18.601420 -0.827056 0.081694 0.556152 -18.329724
0.574361 -0.056481 0.816651 239.559126 0.097988 0.995188 -0.000087 -18.615167 -0.812716 0.080072 0.577131 -17.611129
0.593509 -0.060417 0.802556 240.546654 0.098851 0.995101 0.001809 -18.607562 -0.798734 0.078259 0.596574 -16.885239
0.613346 -0.063706 0.787241 241.550268 0.096917 0.995280 0.005033 -18.627292 -0.783846 0.073211 0.616625 -16.190346
0.630206 -0.067824 0.773460 242.495674 0.096172 0.995325 0.008919 -18.640922 -0.770449 0.068764 0.633782 -15.405057
0.643293 -0.071721 0.762254 243.432651 0.096645 0.995246 0.012082 -18.641919 -0.759496 0.065896 0.647166 -14.608711
0.656583 -0.077336 0.750279 244.353150 0.098813 0.994976 0.016085 -18.641919 -0.747753 0.063576 0.660926 -13.786368
0.672846 -0.081162 0.735317 245.295765 0.099721 0.994842 0.018558 -18.640351 -0.733031 0.060839 0.677469 -12.984343
0.689117 -0.086329 0.719490 246.224614 0.102074 0.994543 0.021567 -18.622396 -0.717425 0.058579 0.694168 -12.167876
0.701936 -0.088624 0.706705 247.094347 0.100817 0.994601 0.024590 -18.601788 -0.705069 0.053987 0.707081 -11.271031
0.715356 -0.091740 0.692711 247.954977 0.100586 0.994539 0.027839 -18.575172 -0.691482 0.049762 0.720678 -10.367672
0.727459 -0.095400 0.679487 248.757048 0.101110 0.994381 0.031363 -18.582038 -0.678660 0.045888 0.733017 -9.412391
0.740385 -0.096305 0.665248 249.564931 0.103209 0.994235 0.029064 -18.515180 -0.664212 0.047141 0.746056 -8.463039
0.753059 -0.098485 0.650540 250.372362 0.104689 0.994073 0.029305 -18.486632 -0.649571 0.046036 0.758906 -7.502614
0.765830 -0.099655 0.635274 251.189020 0.104555 0.994070 0.029898 -18.465455 -0.634486 0.043524 0.771708 -6.541266
0.776782 -0.102099 0.621439 251.966317 0.104995 0.993956 0.032061 -18.425365 -0.620956 0.040343 0.782806 -5.543562
0.786873 -0.104730 0.608163 252.737026 0.107038 0.993719 0.032635 -18.362904 -0.607761 0.039416 0.793141 -4.534799
0.796488 -0.103958 0.595651 253.470678 0.106172 0.993849 0.031484 -18.331790 -0.595260 0.038165 0.802626 -3.493935
0.803550 -0.108074 0.585344 254.199017 0.109703 0.993422 0.032820 -18.315424 -0.585041 0.037841 0.810120 -2.438473
0.813651 -0.109960 0.570860 254.959863 0.110783 0.993282 0.033427 -18.260352 -0.570701 0.036044 0.820367 -1.403861
0.821230 -0.112987 0.559299 255.666158 0.112827 0.993000 0.034936 -18.221407 -0.559331 0.034414 0.828230 -0.319943
0.827760 -0.116833 0.548783 256.379030 0.114777 0.992656 0.038205 -18.195867 -0.549217 0.031363 0.835091 0.770768
0.833122 -0.118125 0.540327 257.072126 0.114752 0.992586 0.040063 -18.169317 -0.541054 0.028626 0.840501 1.867726
0.836487 -0.117622 0.535214 257.752069 0.113389 0.992706 0.040948 -18.128113 -0.536127 0.026435 0.843723 2.988153
0.839476 -0.119532 0.530087 258.449247 0.114185 0.992529 0.042980 -18.085783 -0.531265 0.024447 0.846853 4.101241
0.843468 -0.122812 0.522953 259.192809 0.115667 0.992201 0.046454 -18.060544 -0.524579 0.021305 0.851095 5.188488
0.845638 -0.123267 0.519328 259.890127 0.115780 0.992164 0.046970 -17.998271 -0.521048 0.020408 0.853283 6.309645
0.847530 -0.125662 0.515657 260.585219 0.116972 0.991903 0.049466 -17.936743 -0.517698 0.018393 0.855366 7.437306
0.850687 -0.130647 0.509178 261.298012 0.120585 0.991293 0.052886 -17.865628 -0.511654 0.016410 0.859035 8.559912
0.852503 -0.131983 0.505785 261.936392 0.121226 0.991138 0.054307 -17.821812 -0.508471 0.015018 0.860948 9.727271
0.854245 -0.131783 0.502891 262.583871 0.121071 0.991170 0.054077 -17.755054 -0.505577 0.014690 0.862657 10.892879
0.855467 -0.133016 0.500483 263.223840 0.121095 0.991037 0.056409 -17.711553 -0.503500 0.012350 0.863907 12.068188
0.858130 -0.134382 0.495534 263.910279 0.121789 0.990871 0.057806 -17.640879 -0.498778 0.010746 0.866663 13.216665
0.860657 -0.133311 0.491424 264.587271 0.119791 0.991042 0.059047 -17.589445 -0.494893 0.008049 0.868917 14.373663
0.863521 -0.131684 0.486817 265.255722 0.118364 0.991264 0.058182 -17.521766 -0.490226 0.007380 0.871564 15.531591
0.865476 -0.130029 0.483780 265.925936 0.116170 0.991495 0.058665 -17.461385 -0.487294 0.005428 0.873221 16.693057
0.864989 -0.129535 0.484783 266.541089 0.115928 0.991557 0.058097 -17.402712 -0.488215 0.005947 0.872703 17.879313
0.865332 -0.129252 0.484247 267.180802 0.115649 0.991595 0.058011 -17.340656 -0.487675 0.005804 0.873006 19.048160
