1.000000 0.000794 0.000592 0.000000 -0.000793 0.999999 -0.001292 0.000000 -0.000593 0.001292 0.999999 0.000000
0.999996 0.002234 0.001747 0.000000 -0.002234 0.999998 0.000072 0.000000 -0.001747 -0.000076 0.999998 0.000000
0.999982 0.002359 0.005466 -0.033731 -0.002366 0.999996 0.001333 -0.084642 -0.005463 -0.001346 0.999984 3.375647
0.999964 0.003810 0.007583 -0.038301 -0.003812 0.999993 0.000226 -0.089261 -0.007582 -0.000255 0.999971 4.567704
0.999942 0.004914 0.009541 -0.065984 -0.004929 0.999987 0.001532 -0.145513 -0.009534 -0.001579 0.999953 5.761463
0.999957 0.003165 0.008745 -0.078542 -0.003169 0.999995 0.000496 -0.185061 -0.008744 -0.000523 0.999962 6.951636
0.999958 0.000769 0.009127 -0.075871 -0.000761 0.999999 -0.000868 -0.199238 -0.009128 0.000861 0.999958 8.144591
0.999979 0.000718 0.006368 -0.046360 -0.000722 1.000000 0.000576 -0.218692 -0.006367 -0.000581 0.999980 9.335840
0.999984 0.000858 0.005583 -0.069242 -0.000866 0.999999 0.001355 -0.224378 -0.005582 -0.001360 0.999983 10.527576
0.999988 -0.001340 0.004726 -0.156370 0.001336 0.999999 0.000930 -0.253701 -0.004728 -0.000923 0.999988 11.715946
0.999996 -0.001797 0.002352 -0.164085 0.001796 0.999998 0.000341 -0.264335 -0.002352 -0.000337 0.999997 12.908365
0.999998 -0.001629 0.001087 -0.190818 0.001629 0.999999 0.000024 -0.274701 -0.001087 -0.000022 0.999999 14.099997
0.999999 0.000614 -0.001136 -0.188544 -0.000614 1.000000 0.000202 -0.306014 0.001136 -0.000202 0.999999 15.293139
1.000000 -0.000040 -0.000221 -0.243749 0.000040 0.999999 -0.001480 -0.300743 0.000221 0.001480 0.999999 16.483218
1.000000 0.000079 0.000990 -0.302343 -0.000078 1.000000 -0.000291 -0.346081 -0.000990 0.000291 0.999999 17.674748
0.999998 0.000059 0.001736 -0.307341 -0.000055 0.999998 -0.002158 -0.345509 -0.001736 0.002158 0.999996 18.870689
0.999996 0.002585 -0.001421 -0.223809 -0.002591 0.999988 -0.004207 -0.347395 0.001410 0.004211 0.999990 20.061712
1.000000 0.000606 0.000064 -0.262393 -0.000605 0.999986 -0.005170 -0.381239 -0.000067 0.005170 0.999987 21.255493
0.999998 0.002044 -0.000586 -0.284242 -0.002045 0.999994 -0.002893 -0.444327 0.000580 0.002894 0.999996 22.448210
0.999994 0.002178 -0.002698 -0.265582 -0.002185 0.999995 -0.002417 -0.471608 0.002692 0.002423 0.999993 23.642347
0.999991 0.000909 -0.004192 -0.299074 -0.000919 0.999996 -0.002492 -0.523389 0.004190 0.002496 0.999988 24.835114
0.999988 0.001033 -0.004866 -0.339726 -0.001045 0.999997 -0.002382 -0.544072 0.004863 0.002387 0.999985 26.030953
0.999993 0.001803 -0.003189 -0.399114 -0.001808 0.999997 -0.001424 -0.557590 0.003186 0.001430 0.999994 27.228431
0.999995 0.002861 -0.000998 -0.435248 -0.002862 0.999995 -0.001664 -0.578655 0.000993 0.001667 0.999998 28.423549
0.999995 0.002730 -0.001550 -0.450887 -0.002734 0.999992 -0.002941 -0.594583 0.001542 0.002945 0.999994 29.614993
0.999985 0.002402 -0.004930 -0.476894 -0.002416 0.999994 -0.002674 -0.629198 0.004923 0.002686 0.999984 30.814343
0.999979 0.000837 -0.006455 -0.484270 -0.000855 0.999996 -0.002794 -0.658607 0.006452 0.002800 0.999975 32.018501
0.999962 0.001115 -0.008662 -0.480499 -0.001132 0.999997 -0.001971 -0.689010 0.008660 0.001981 0.999961 33.206977
0.999943 0.000203 -0.010634 -0.509889 -0.000215 0.999999 -0.001163 -0.719614 0.010634 0.001165 0.999943 34.401383
0.999924 -0.001244 -0.012275 -0.509185 0.001220 0.999997 -0.001913 -0.741439 0.012278 0.001898 0.999923 35.599504
0.999948 -0.004134 -0.009294 -0.611025 0.004123 0.999991 -0.001163 -0.814899 0.009298 0.001124 0.999956 36.790239
0.999917 -0.005746 -0.011575 -0.626138 0.005752 0.999983 0.000525 -0.845704 0.011571 -0.000592 0.999933 37.987971
0.999933 -0.003384 -0.011064 -0.613602 0.003393 0.999994 0.000849 -0.830131 0.011061 -0.000886 0.999938 39.187011
0.999936 -0.002936 -0.010940 -0.636703 0.002937 0.999996 0.000108 -0.834500 0.010940 -0.000140 0.999940 40.384349
0.999960 -0.005600 -0.006962 -0.784343 0.005613 0.999983 0.001853 -0.933690 0.006952 -0.001892 0.999974 41.567956
0.999956 -0.004392 -0.008273 -0.744347 0.004400 0.999990 0.000982 -0.931082 0.008269 -0.001018 0.999965 42.765098
0.999992 -0.001002 -0.003886 -0.857024 0.001007 0.999999 0.001064 -0.923375 0.003885 -0.001068 0.999992 43.960136
0.999995 -0.000210 -0.003066 -0.853526 0.000220 0.999995 0.003248 -0.939424 0.003065 -0.003248 0.999990 45.160512
0.999999 -0.000944 -0.001101 -0.889637 0.000953 0.999968 0.007882 -1.005489 0.001093 -0.007883 0.999968 46.359040
1.000000 0.000121 -0.000629 -0.883640 -0.000114 0.999936 0.011324 -1.019003 0.000630 -0.011324 0.999936 47.564612
1.000000 0.000755 -0.000619 -0.890498 -0.000747 0.999921 0.012570 -1.040083 0.000628 -0.012570 0.999921 48.767702
0.999999 -0.001439 0.000942 -0.919761 0.001429 0.999937 0.011115 -1.055071 -0.000958 -0.011114 0.999938 49.966351
0.999998 -0.001711 -0.000552 -0.882087 0.001716 0.999947 0.010142 -1.064664 0.000534 -0.010143 0.999948 51.167006
0.999996 -0.001714 -0.002303 -0.868710 0.001736 0.999954 0.009455 -1.059515 0.002286 -0.009459 0.999953 52.368404
0.999995 -0.003156 0.000254 -0.920362 0.003153 0.999944 0.010096 -1.089070 -0.000286 -0.010095 0.999949 53.572545
0.999993 -0.003672 0.001162 -0.972653 0.003660 0.999945 0.009810 -1.107705 -0.001198 -0.009806 0.999951 54.775438
0.999988 -0.004065 -0.002582 -0.957368 0.004096 0.999919 0.012091 -1.156480 0.002532 -0.012101 0.999924 55.979670
0.999962 -0.006315 -0.006059 -0.940551 0.006403 0.999874 0.014541 -1.191164 0.005966 -0.014580 0.999876 57.186871
0.999936 -0.007844 -0.008198 -0.970953 0.007977 0.999836 0.016285 -1.225173 0.008069 -0.016349 0.999834 58.391170
0.999945 -0.006237 -0.008373 -0.995950 0.006363 0.999865 0.015156 -1.215201 0.008277 -0.015209 0.999850 59.597172
0.999938 -0.005103 -0.009870 -1.033013 0.005254 0.999867 0.015415 -1.222717 0.009790 -0.015466 0.999832 60.800461
0.999932 -0.006080 -0.009916 -1.087655 0.006234 0.999858 0.015628 -1.250955 0.009820 -0.015689 0.999829 62.002779
0.999933 -0.008197 -0.008127 -1.122231 0.008309 0.999870 0.013823 -1.261882 0.008013 -0.013890 0.999871 63.204395
0.999943 -0.006986 -0.008056 -1.151705 0.007107 0.999860 0.015144 -1.255770 0.007949 -0.015201 0.999853 64.404434
0.999910 -0.008982 -0.009999 -1.174378 0.009158 0.999800 0.017767 -1.286011 0.009838 -0.017857 0.999792 65.607043
0.999921 -0.008488 -0.009261 -1.202734 0.008636 0.999833 0.016088 -1.300395 0.009123 -0.016167 0.999828 66.804203
0.999879 -0.008405 -0.013126 -1.192766 0.008616 0.999833 0.016100 -1.318557 0.012988 -0.016211 0.999784 67.997883
0.999920 -0.007172 -0.010435 -1.256512 0.007349 0.999827 0.017079 -1.329712 0.010311 -0.017155 0.999800 69.190788
0.999898 -0.005538 -0.013200 -1.235242 0.005780 0.999815 0.018338 -1.341034 0.013096 -0.018412 0.999745 70.381870
0.999931 -0.003311 -0.011252 -1.294477 0.003517 0.999825 0.018365 -1.333018 0.011189 -0.018404 0.999768 71.570627
0.999923 -0.004043 -0.011762 -1.307037 0.004279 0.999789 0.020087 -1.340194 0.011679 -0.020136 0.999729 72.757112
0.999918 -0.001700 -0.012658 -1.319660 0.001951 0.999801 0.019834 -1.334536 0.012622 -0.019857 0.999723 73.942684
0.999925 -0.003606 -0.011681 -1.338861 0.003819 0.999826 0.018281 -1.342466 0.011613 -0.018324 0.999765 75.120827
0.999925 -0.007930 -0.009372 -1.358117 0.008054 0.999879 0.013339 -1.347598 0.009266 -0.013414 0.999867 76.296078
0.999913 -0.008113 -0.010374 -1.359069 0.008258 0.999867 0.014054 -1.359511 0.010258 -0.014138 0.999847 77.471740
0.999925 -0.010292 -0.006703 -1.384693 0.010408 0.999793 0.017486 -1.372349 0.006522 -0.017555 0.999825 78.649912
0.999939 -0.010835 -0.002335 -1.424855 0.010878 0.999754 0.019337 -1.384139 0.002125 -0.019361 0.999810 79.823166
0.999963 -0.006978 0.005084 -1.467227 0.006892 0.999836 0.016720 -1.378984 -0.005200 -0.016684 0.999847 80.988623
0.999917 -0.007105 0.010745 -1.515397 0.006956 0.999881 0.013789 -1.392042 -0.010842 -0.013713 0.999847 82.152339
0.999850 -0.008049 0.015335 -1.509590 0.007883 0.999910 0.010814 -1.392946 -0.015421 -0.010691 0.999824 83.311517
0.999758 -0.009167 0.019991 -1.536779 0.008966 0.999908 0.010141 -1.404538 -0.020082 -0.009959 0.999749 84.470945
0.999623 -0.010164 0.025517 -1.547913 0.009841 0.999870 0.012754 -1.431745 -0.025644 -0.012498 0.999593 85.630468
0.999627 -0.007652 0.026205 -1.488552 0.007343 0.999903 0.011874 -1.426777 -0.026293 -0.011677 0.999586 86.783541
0.999506 -0.007433 0.030536 -1.482185 0.007160 0.999933 0.009059 -1.427609 -0.030601 -0.008835 0.999493 87.936791
0.999369 -0.005022 0.035149 -1.511191 0.004833 0.999973 0.005465 -1.416640 -0.035175 -0.005292 0.999367 89.086589
0.999272 -0.003921 0.037960 -1.457534 0.003765 0.999984 0.004172 -1.414849 -0.037976 -0.004026 0.999271 90.236233
0.999124 -0.007399 0.041190 -1.424769 0.007140 0.999954 0.006435 -1.450777 -0.041236 -0.006135 0.999131 91.389286
0.998907 -0.008073 0.046037 -1.418308 0.007737 0.999942 0.007485 -1.473321 -0.046095 -0.007120 0.998912 92.544851
0.998778 -0.009334 0.048534 -1.398030 0.008912 0.999921 0.008912 -1.483963 -0.048613 -0.008468 0.998782 93.701629
0.998721 -0.009229 0.049713 -1.328672 0.008717 0.999907 0.010501 -1.510062 -0.049805 -0.010055 0.998708 94.856078
0.998718 -0.010822 0.049441 -1.234583 0.010402 0.999908 0.008740 -1.530817 -0.049531 -0.008214 0.998739 96.006248
0.998567 -0.012370 0.052069 -1.225491 0.012073 0.999909 0.006004 -1.544030 -0.052139 -0.005367 0.998625 97.165578
0.998659 -0.012369 0.050274 -1.124825 0.012231 0.999921 0.003056 -1.564614 -0.050308 -0.002437 0.998731 98.321764
0.998588 -0.012379 0.051664 -1.062047 0.012309 0.999923 0.001668 -1.570623 -0.051680 -0.001030 0.998663 99.489388
0.998656 -0.010898 0.050666 -1.014050 0.010823 0.999940 0.001771 -1.576836 -0.050683 -0.001220 0.998714 100.664681
0.998713 -0.010370 0.049638 -0.903786 0.010226 0.999943 0.003143 -1.573357 -0.049668 -0.002631 0.998762 101.841934
0.998651 -0.012579 0.050375 -0.968446 0.012285 0.999906 0.006135 -1.656380 -0.050448 -0.005508 0.998712 103.023148
0.998763 -0.012545 0.048110 -0.891255 0.012287 0.999909 0.005642 -1.649491 -0.048176 -0.005044 0.998826 104.213570
0.998852 -0.012123 0.046353 -0.861890 0.011888 0.999915 0.005345 -1.650631 -0.046414 -0.004788 0.998911 105.412606
0.999014 -0.010316 0.043192 -0.822066 0.010098 0.999935 0.005248 -1.662301 -0.043244 -0.004806 0.999053 106.612548
0.999132 -0.009281 0.040614 -0.847351 0.009098 0.999948 0.004671 -1.702175 -0.040655 -0.004297 0.999164 107.817426
0.999227 -0.010316 0.037927 -0.837155 0.010124 0.999935 0.005250 -1.743762 -0.037979 -0.004862 0.999267 109.024380
0.999408 -0.011576 0.032390 -0.765199 0.011358 0.999912 0.006896 -1.771840 -0.032467 -0.006524 0.999452 110.235823
0.999553 -0.012000 0.027387 -0.733092 0.011773 0.999895 0.008446 -1.800513 -0.027485 -0.008120 0.999589 111.451486
0.999700 -0.011644 0.021566 -0.656493 0.011458 0.999896 0.008715 -1.797885 -0.021665 -0.008465 0.999729 112.666061
0.999833 -0.011978 0.013821 -0.617664 0.011863 0.999895 0.008367 -1.801893 -0.013920 -0.008202 0.999869 113.884675
0.999918 -0.011016 0.006534 -0.554860 0.010964 0.999909 0.007890 -1.788863 -0.006620 -0.007818 0.999948 115.103664
0.999926 -0.012121 0.000741 -0.558925 0.012115 0.999897 0.007757 -1.806668 -0.000835 -0.007747 0.999970 116.327095
0.999913 -0.012429 -0.004428 -0.570470 0.012462 0.999893 0.007648 -1.821727 0.004332 -0.007702 0.999961 117.552934
0.999924 -0.009045 -0.008397 -0.522704 0.009097 0.999939 0.006272 -1.795075 0.008340 -0.006348 0.999945 118.780402
0.999914 -0.006889 -0.011144 -0.539018 0.006976 0.999945 0.007794 -1.834353 0.011090 -0.007871 0.999908 120.011571
0.999901 -0.006477 -0.012509 -0.588807 0.006575 0.999948 0.007825 -1.872239 0.012458 -0.007907 0.999891 121.240266
0.999884 -0.004088 -0.014649 -0.581692 0.004202 0.999961 0.007813 -1.883510 0.014616 -0.007873 0.999862 122.481666
0.999875 -0.003289 -0.015460 -0.622180 0.003405 0.999966 0.007519 -1.881742 0.015435 -0.007571 0.999852 123.721872
0.999882 -0.004537 -0.014673 -0.682858 0.004666 0.999951 0.008777 -1.918840 0.014632 -0.008844 0.999854 124.961409
0.999890 0.000229 -0.014802 -0.787239 -0.000066 0.999939 0.011007 -1.931033 0.014804 -0.011005 0.999830 126.203435
0.999861 0.002406 -0.016505 -0.790194 -0.002167 0.999893 0.014480 -1.955384 0.016538 -0.014442 0.999759 127.453531
0.999819 0.001676 -0.018929 -0.794170 -0.001410 0.999900 0.014047 -1.947764 0.018951 -0.014018 0.999722 128.703448
0.999836 0.001523 -0.018044 -0.859672 -0.001286 0.999913 0.013097 -1.972230 0.018062 -0.013071 0.999751 129.951924
0.999854 -0.000179 -0.017094 -0.955328 0.000375 0.999934 0.011458 -1.931063 0.017091 -0.011463 0.999788 131.203307
0.999840 -0.001556 -0.017844 -0.996560 0.001776 0.999923 0.012299 -1.930368 0.017823 -0.012329 0.999765 132.460737
0.999836 -0.003761 -0.017694 -1.025466 0.003965 0.999926 0.011535 -1.901639 0.017650 -0.011603 0.999777 133.722686
0.999845 -0.004482 -0.017039 -1.069225 0.004691 0.999914 0.012244 -1.901264 0.016983 -0.012322 0.999780 134.985523
0.999840 -0.007964 -0.016003 -1.109354 0.008142 0.999906 0.011029 -1.918756 0.015914 -0.011158 0.999811 136.248218
0.999844 -0.009670 -0.014764 -1.159258 0.009824 0.999898 0.010397 -1.941461 0.014662 -0.010540 0.999837 137.514100
0.999786 -0.013697 -0.015512 -1.178247 0.013851 0.999855 0.009886 -1.970506 0.015374 -0.010098 0.999831 138.781131
0.999787 -0.013512 -0.015626 -1.193020 0.013686 0.999845 0.011042 -1.989896 0.015474 -0.011253 0.999817 140.054964
0.999769 -0.013481 -0.016754 -1.188332 0.013696 0.999824 0.012789 -2.001662 0.016579 -0.013016 0.999778 141.330556
0.999807 -0.011720 -0.015736 -1.248913 0.011945 0.999827 0.014275 -2.020675 0.015566 -0.014461 0.999774 142.603458
0.999830 -0.010939 -0.014844 -1.265319 0.011108 0.999873 0.011388 -2.005883 0.014718 -0.011551 0.999825 143.876294
0.999828 -0.012330 -0.013859 -1.271024 0.012475 0.999868 0.010369 -2.034756 0.013730 -0.010540 0.999850 145.147279
0.999837 -0.011991 -0.013506 -1.310696 0.012095 0.999897 0.007677 -2.052266 0.013412 -0.007839 0.999879 146.416717
0.999815 -0.013124 -0.014046 -1.349541 0.013172 0.999908 0.003325 -2.066021 0.014001 -0.003510 0.999896 147.683467
0.999832 -0.013062 -0.012837 -1.419100 0.013084 0.999913 0.001666 -2.123260 0.012814 -0.001834 0.999916 148.946532
0.999857 -0.014214 -0.009171 -1.497716 0.014235 0.999896 0.002162 -2.165642 0.009139 -0.002292 0.999956 150.209246
0.999851 -0.015429 -0.007758 -1.570225 0.015450 0.999877 0.002649 -2.208496 0.007717 -0.002768 0.999966 151.470774
0.999859 -0.015123 -0.007254 -1.604585 0.015150 0.999879 0.003649 -2.237032 0.007198 -0.003758 0.999967 152.739088
0.999811 -0.017662 -0.008073 -1.614366 0.017699 0.999833 0.004556 -2.268187 0.007991 -0.004698 0.999957 154.002645
0.999801 -0.018387 -0.007794 -1.643941 0.018425 0.999819 0.004797 -2.290874 0.007704 -0.004939 0.999958 155.267546
0.999793 -0.018334 -0.008782 -1.651854 0.018375 0.999821 0.004580 -2.312816 0.008696 -0.004740 0.999951 156.531350
0.999789 -0.018123 -0.009687 -1.683453 0.018172 0.999822 0.005007 -2.347318 0.009594 -0.005182 0.999941 157.791809
0.999782 -0.018283 -0.010052 -1.719186 0.018346 0.999812 0.006255 -2.361534 0.009935 -0.006438 0.999930 159.056054
0.999789 -0.017478 -0.010810 -1.740559 0.017553 0.999822 0.006927 -2.396422 0.010687 -0.007116 0.999918 160.317366
0.999782 -0.017801 -0.010922 -1.760481 0.017860 0.999826 0.005412 -2.409641 0.010824 -0.005606 0.999926 161.578014
0.999787 -0.017194 -0.011392 -1.796234 0.017243 0.999842 0.004241 -2.428489 0.011317 -0.004437 0.999926 162.839950
0.999767 -0.017754 -0.012311 -1.825777 0.017808 0.999832 0.004307 -2.443915 0.012233 -0.004525 0.999915 164.104166
0.999762 -0.017836 -0.012559 -1.884702 0.017889 0.999832 0.004097 -2.478842 0.012484 -0.004321 0.999913 165.364482
0.999728 -0.018232 -0.014534 -1.874363 0.018274 0.999829 0.002766 -2.493373 0.014481 -0.003031 0.999891 166.627352
0.999717 -0.019487 -0.013649 -1.920647 0.019514 0.999808 0.001842 -2.499162 0.013610 -0.002108 0.999905 167.889290
0.999646 -0.019323 -0.018270 -1.920812 0.019364 0.999810 0.002074 -2.512272 0.018226 -0.002427 0.999831 169.154773
0.999630 -0.019649 -0.018805 -1.979135 0.019710 0.999801 0.003088 -2.536947 0.018740 -0.003457 0.999818 170.417134
0.999609 -0.019727 -0.019819 -2.019852 0.019795 0.999799 0.003251 -2.553314 0.019751 -0.003642 0.999798 171.683010
0.999581 -0.019980 -0.020920 -2.031378 0.020041 0.999796 0.002706 -2.565469 0.020862 -0.003124 0.999777 172.947145
0.999585 -0.018319 -0.022210 -2.066355 0.018370 0.999829 0.002084 -2.597957 0.022168 -0.002491 0.999751 174.210928
0.999609 -0.017782 -0.021572 -2.142783 0.017862 0.999834 0.003541 -2.653458 0.021505 -0.003925 0.999761 175.468773
0.999631 -0.016140 -0.021870 -2.188519 0.016223 0.999862 0.003631 -2.666324 0.021809 -0.003985 0.999754 176.735981
0.999588 -0.016762 -0.023311 -2.241042 0.016850 0.999852 0.003574 -2.717751 0.023247 -0.003965 0.999722 177.997268
0.999612 -0.017096 -0.022006 -2.299731 0.017141 0.999851 0.001896 -2.740982 0.021970 -0.002272 0.999756 179.256471
0.999543 -0.019057 -0.023477 -2.299807 0.019143 0.999811 0.003438 -2.775901 0.023407 -0.003886 0.999718 180.518150
0.999581 -0.018787 -0.022041 -2.379271 0.018960 0.999791 0.007683 -2.812331 0.021893 -0.008098 0.999728 181.777280
0.999585 -0.018510 -0.022081 -2.432796 0.018769 0.999756 0.011607 -2.823961 0.021861 -0.012017 0.999689 183.041222
0.999560 -0.018612 -0.023094 -2.469440 0.018860 0.999766 0.010559 -2.841129 0.022892 -0.010990 0.999678 184.297877
0.999641 -0.014918 -0.022265 -2.521293 0.015078 0.999862 0.007033 -2.838223 0.022157 -0.007366 0.999727 185.547150
0.999662 -0.012691 -0.022692 -2.558673 0.012822 0.999902 0.005621 -2.844099 0.022618 -0.005910 0.999727 186.796475
0.999704 -0.010772 -0.021827 -2.575873 0.010892 0.999926 0.005351 -2.854562 0.021767 -0.005587 0.999747 188.043511
0.999608 -0.012126 -0.025219 -2.569296 0.012314 0.999898 0.007296 -2.886315 0.025128 -0.007604 0.999655 189.290578
0.999613 -0.012698 -0.024749 -2.614012 0.012929 0.999874 0.009185 -2.900361 0.024630 -0.009502 0.999651 190.535577
0.999706 -0.011362 -0.021437 -2.699673 0.011558 0.999892 0.009055 -2.882980 0.021332 -0.009300 0.999729 191.772018
0.999754 -0.011321 -0.019062 -2.790243 0.011476 0.999902 0.008044 -2.906137 0.018969 -0.008261 0.999786 193.002878
0.999759 -0.013851 -0.017018 -2.887175 0.013974 0.999877 0.007148 -2.945303 0.016917 -0.007384 0.999830 194.229864
0.999752 -0.013998 -0.017292 -2.922426 0.014099 0.999884 0.005724 -2.969791 0.017210 -0.005966 0.999834 195.456304
0.999758 -0.014227 -0.016795 -2.964459 0.014324 0.999881 0.005643 -3.004094 0.016713 -0.005882 0.999843 196.676271
0.999815 -0.014320 -0.012808 -3.077825 0.014402 0.999876 0.006383 -3.049167 0.012715 -0.006566 0.999898 197.887808
0.999836 -0.015363 -0.009621 -3.134315 0.015445 0.999845 0.008494 -3.066678 0.009489 -0.008641 0.999918 199.099664
0.999852 -0.014563 -0.009194 -3.128306 0.014651 0.999847 0.009556 -3.091866 0.009054 -0.009689 0.999912 200.307572
0.999837 -0.016616 -0.007104 -3.154981 0.016678 0.999823 0.008677 -3.110899 0.006958 -0.008794 0.999937 201.509050
0.999885 -0.014471 -0.004610 -3.138820 0.014511 0.999856 0.008745 -3.104960 0.004483 -0.008811 0.999951 202.704122
0.999884 -0.014971 -0.002624 -3.146642 0.014993 0.999851 0.008549 -3.120484 0.002496 -0.008588 0.999960 203.892207
0.999894 -0.014374 -0.002159 -3.116625 0.014391 0.999865 0.007983 -3.132595 0.002044 -0.008013 0.999966 205.070909
0.999896 -0.014249 -0.002071 -3.106541 0.014265 0.999868 0.007832 -3.133321 0.001959 -0.007861 0.999967 206.241619
0.999867 -0.016159 -0.002273 -3.133516 0.016175 0.999841 0.007554 -3.152501 0.002151 -0.007590 0.999969 207.398388
0.999822 -0.018697 -0.002473 -3.178245 0.018718 0.999786 0.008843 -3.192610 0.002307 -0.008887 0.999958 208.539943
0.999832 -0.018257 -0.001475 -3.224526 0.018270 0.999790 0.009284 -3.198197 0.001305 -0.009309 0.999956 209.668923
0.999818 -0.018946 -0.002104 -3.258996 0.018966 0.999769 0.010096 -3.224021 0.001912 -0.010134 0.999947 210.780313
0.999807 -0.019439 -0.002808 -3.267687 0.019463 0.999771 0.008907 -3.236443 0.002634 -0.008960 0.999956 211.877557
0.999814 -0.019221 -0.001262 -3.310299 0.019231 0.999785 0.007767 -3.261752 0.001112 -0.007790 0.999969 212.960982
0.999824 -0.018574 -0.002639 -3.267831 0.018594 0.999796 0.007889 -3.287976 0.002492 -0.007937 0.999965 214.030584
0.999806 -0.019106 -0.004836 -3.248721 0.019144 0.999786 0.007809 -3.294744 0.004686 -0.007900 0.999958 215.090072
0.999801 -0.018695 -0.006980 -3.231425 0.018757 0.999785 0.008846 -3.303551 0.006813 -0.008976 0.999937 216.133873
0.999708 -0.019851 -0.013780 -3.197568 0.020004 0.999739 0.011021 -3.324732 0.013557 -0.011294 0.999844 217.170666
0.999703 -0.017954 -0.016467 -3.183204 0.018163 0.999755 0.012623 -3.340198 0.016236 -0.012919 0.999785 218.193142
0.999614 -0.018383 -0.020829 -3.204245 0.018661 0.999738 0.013270 -3.355859 0.020580 -0.013654 0.999695 219.196946
0.999591 -0.016508 -0.023363 -3.245232 0.016797 0.999784 0.012260 -3.341340 0.023155 -0.012647 0.999652 220.180050
0.999576 -0.015663 -0.024555 -3.301319 0.015966 0.999798 0.012184 -3.345079 0.024359 -0.012571 0.999624 221.145114
0.999475 -0.014846 -0.028802 -3.332490 0.015235 0.999795 0.013332 -3.363195 0.028598 -0.013764 0.999496 222.086443
0.999492 -0.013335 -0.028964 -3.398806 0.013694 0.999831 0.012232 -3.367694 0.028796 -0.012622 0.999506 223.004936
0.999294 -0.012954 -0.035271 -3.322932 0.013372 0.999843 0.011641 -3.363977 0.035115 -0.012105 0.999310 223.898855
0.999175 -0.013111 -0.038429 -3.326831 0.013551 0.999845 0.011209 -3.373271 0.038276 -0.011721 0.999198 224.773609
0.998776 -0.013034 -0.047708 -3.277753 0.013603 0.999840 0.011621 -3.386478 0.047549 -0.012255 0.998794 225.626104
0.998560 -0.012745 -0.052108 -3.266713 0.013274 0.999864 0.009836 -3.379615 0.051976 -0.010513 0.998593 226.456687
0.998799 -0.008770 -0.048213 -3.373902 0.009244 0.999911 0.009621 -3.384600 0.048124 -0.010055 0.998791 227.263478
0.998836 -0.007314 -0.047669 -3.442141 0.007782 0.999923 0.009644 -3.389778 0.047595 -0.010004 0.998817 228.055136
0.998840 -0.006172 -0.047745 -3.463092 0.006669 0.999925 0.010248 -3.390836 0.047678 -0.010555 0.998807 228.832878
0.998834 -0.006582 -0.047818 -3.493923 0.007079 0.999923 0.010226 -3.387749 0.047747 -0.010553 0.998804 229.590804
0.998749 -0.006592 -0.049565 -3.528997 0.007058 0.999933 0.009223 -3.393682 0.049501 -0.009561 0.998728 230.331965
0.998959 -0.003539 -0.045476 -3.591534 0.003881 0.999965 0.007442 -3.391080 0.045448 -0.007611 0.998938 231.060688
0.999010 -0.002983 -0.044393 -3.619782 0.003259 0.999976 0.006156 -3.401564 0.044374 -0.006295 0.998995 231.788306
0.998995 -0.003247 -0.044705 -3.647409 0.003484 0.999980 0.005209 -3.414661 0.044687 -0.005359 0.998987 232.511190
0.999081 -0.002301 -0.042807 -3.693874 0.002533 0.999982 0.005363 -3.431473 0.042794 -0.005466 0.999069 233.232010
0.999292 -0.000515 -0.037617 -3.762993 0.000704 0.999987 0.005017 -3.431168 0.037614 -0.005039 0.999280 233.946966
0.999337 0.000121 -0.036419 -3.767691 0.000019 0.999993 0.003847 -3.429158 0.036419 -0.003845 0.999329 234.661490
0.999463 0.002155 -0.032686 -3.830582 -0.002034 0.999991 0.003743 -3.446775 0.032694 -0.003675 0.999459 235.369730
0.999546 0.001162 -0.030104 -3.891099 -0.001024 0.999989 0.004584 -3.477545 0.030109 -0.004551 0.999536 236.073417
0.999626 0.001091 -0.027340 -3.931719 -0.000938 0.999984 0.005624 -3.494388 0.027346 -0.005596 0.999610 236.775625
0.999678 -0.000102 -0.025364 -3.937967 0.000254 0.999982 0.005990 -3.494381 0.025363 -0.005994 0.999660 237.475768
0.999761 -0.001380 -0.021812 -3.973184 0.001515 0.999980 0.006139 -3.498561 0.021803 -0.006171 0.999743 238.171426
0.999828 -0.000152 -0.018538 -3.997422 0.000264 0.999982 0.006037 -3.505557 0.018537 -0.006041 0.999810 238.863607
0.999871 -0.000824 -0.016062 -4.017373 0.000905 0.999987 0.005031 -3.524968 0.016057 -0.005045 0.999858 239.551259
0.999924 -0.001044 -0.012307 -4.040080 0.001089 0.999993 0.003641 -3.520744 0.012303 -0.003654 0.999918 240.238612
0.999939 -0.000544 -0.011061 -4.045726 0.000582 0.999994 0.003482 -3.533476 0.011059 -0.003488 0.999933 240.927313
0.999957 0.001873 -0.009035 -4.055411 -0.001853 0.999996 0.002147 -3.536469 0.009039 -0.002130 0.999957 241.620886
0.999983 0.002291 -0.005295 -4.077215 -0.002276 0.999993 0.002858 -3.545949 0.005301 -0.002846 0.999982 242.316884
0.999996 0.002823 0.000200 -4.092737 -0.002824 0.999988 0.004029 -3.560317 -0.000189 -0.004030 0.999992 243.019169
0.999990 0.004084 0.001737 -4.096295 -0.004091 0.999984 0.003975 -3.566121 -0.001721 -0.003982 0.999991 243.722424
0.999986 0.004183 0.003269 -4.082746 -0.004191 0.999988 0.002476 -3.575262 -0.003259 -0.002490 0.999992 244.426817
0.999964 0.004350 0.007347 -4.094488 -0.004347 0.999990 -0.000364 -3.580826 -0.007349 0.000332 0.999973 245.134946
0.999963 0.003568 0.007871 -4.105164 -0.003543 0.999989 -0.003112 -3.588224 -0.007882 0.003084 0.999964 245.849771
0.999960 0.003991 0.008036 -4.113582 -0.003962 0.999986 -0.003622 -3.598202 -0.008050 0.003590 0.999961 246.571658
0.999960 0.003929 0.008040 -4.114444 -0.003889 0.999980 -0.005020 -3.614854 -0.008060 0.004989 0.999955 247.299518
0.999960 0.005018 0.007393 -4.102129 -0.004980 0.999975 -0.005097 -3.632613 -0.007418 0.005060 0.999960 248.033057
0.999935 0.006590 0.009341 -4.125837 -0.006534 0.999961 -0.005939 -3.644851 -0.009380 0.005877 0.999939 248.774768
0.999907 0.007459 0.011431 -4.155744 -0.007358 0.999934 -0.008860 -3.653133 -0.011496 0.008775 0.999895 249.520308
0.999928 0.004315 0.011196 -4.126613 -0.004196 0.999935 -0.010614 -3.675016 -0.011241 0.010566 0.999881 250.272450
0.999936 -0.000017 0.011324 -4.120230 0.000137 0.999944 -0.010601 -3.694496 -0.011323 0.010602 0.999880 251.033235
0.999943 0.002650 0.010344 -4.072988 -0.002587 0.999978 -0.006083 -3.720290 -0.010360 0.006056 0.999928 251.805761
0.999873 0.008148 0.013713 -4.108548 -0.008150 0.999967 0.000031 -3.740733 -0.013712 -0.000143 0.999906 252.588835
0.999820 0.007827 0.017310 -4.142545 -0.007884 0.999964 0.003228 -3.753852 -0.017284 -0.003364 0.999845 253.375286
0.999786 0.005390 0.019996 -4.160003 -0.005423 0.999984 0.001583 -3.779447 -0.019987 -0.001691 0.999799 254.169591
0.999692 0.006881 0.023857 -4.169632 -0.006794 0.999970 -0.003737 -3.808922 -0.023882 0.003574 0.999708 254.964009
0.999582 0.010103 0.027082 -4.158685 -0.009894 0.999920 -0.007849 -3.807378 -0.027159 0.007578 0.999602 255.770441
0.999524 0.010754 0.028906 -4.113916 -0.010561 0.999921 -0.006834 -3.833352 -0.028977 0.006526 0.999559 256.586830
0.999365 0.009247 0.034405 -4.127042 -0.009074 0.999945 -0.005202 -3.849906 -0.034451 0.004886 0.999394 257.415264
0.999184 0.005560 0.040015 -4.160583 -0.005556 0.999985 -0.000208 -3.896877 -0.040016 -0.000015 0.999199 258.248895
0.999146 0.002973 0.041209 -4.088689 -0.003073 0.999993 0.002352 -3.914480 -0.041201 -0.002477 0.999148 259.082906
0.998975 0.003201 0.045159 -4.032899 -0.003333 0.999990 0.002836 -3.926408 -0.045149 -0.002984 0.998976 259.920566
0.998612 0.006608 0.052252 -4.082322 -0.006656 0.999978 0.000728 -3.952019 -0.052246 -0.001075 0.998634 260.753658
0.998425 0.008203 0.055496 -4.042447 -0.008135 0.999966 -0.001455 -3.973102 -0.055506 0.001001 0.998458 261.590229
0.998292 0.010594 0.057448 -3.993754 -0.010481 0.999943 -0.002265 -3.971299 -0.057468 0.001659 0.998346 262.428601
0.998112 0.012033 0.060235 -3.979197 -0.012073 0.999927 0.000292 -4.009491 -0.060227 -0.001018 0.998184 263.271084
0.997939 0.014153 0.062589 -3.908569 -0.014263 0.999897 0.001297 -4.016022 -0.062564 -0.002187 0.998039 264.111008
0.997823 0.015477 0.064115 -3.832215 -0.015597 0.999877 0.001385 -4.023192 -0.064086 -0.002382 0.997942 264.948149
0.997740 0.013235 0.065872 -3.769136 -0.013399 0.999908 0.002049 -4.055917 -0.065839 -0.002927 0.997826 265.789502
0.997291 0.011464 0.072660 -3.786423 -0.011609 0.999931 0.001564 -4.068563 -0.072637 -0.002403 0.997356 266.633887
0.997123 0.007849 0.075387 -3.745368 -0.008148 0.999960 0.003664 -4.097087 -0.075355 -0.004268 0.997148 267.479996
0.996991 0.004840 0.077363 -3.737765 -0.005305 0.999969 0.005813 -4.147236 -0.077333 -0.006206 0.996986 268.327833
0.996854 0.003215 0.079190 -3.685101 -0.003710 0.999975 0.006099 -4.169516 -0.079168 -0.006373 0.996841 269.174729
0.996937 0.001296 0.078194 -3.607304 -0.001804 0.999978 0.006420 -4.184541 -0.078184 -0.006542 0.996917 270.025007
0.997092 0.000526 0.076209 -3.555896 -0.000988 0.999981 0.006023 -4.183380 -0.076204 -0.006080 0.997074 270.877576
0.997062 0.000276 0.076595 -3.481268 -0.000748 0.999981 0.006134 -4.185747 -0.076592 -0.006174 0.997043 271.730878
0.997151 -0.000191 0.075437 -3.431329 -0.000237 0.999984 0.005654 -4.207504 -0.075437 -0.005656 0.997135 272.584794
0.997352 -0.000473 0.072718 -3.370364 0.000033 0.999982 0.006058 -4.227649 -0.072719 -0.006040 0.997334 273.435868
0.997442 0.000649 0.071478 -3.323997 -0.000999 0.999988 0.004857 -4.237621 -0.071474 -0.004916 0.997430 274.291465
0.997409 0.000399 0.071944 -3.285512 -0.000804 0.999984 0.005597 -4.271669 -0.071941 -0.005641 0.997393 275.143521
0.997594 0.002856 0.069270 -3.214326 -0.003058 0.999991 0.002806 -4.267015 -0.069261 -0.003011 0.997594 275.992571
0.997781 0.003594 0.066479 -3.159568 -0.003854 0.999985 0.003776 -4.287713 -0.066464 -0.004024 0.997781 276.840934
0.997937 0.003946 0.064085 -3.140312 -0.004292 0.999977 0.005264 -4.300812 -0.064063 -0.005528 0.997931 277.689505
0.998386 0.003096 0.056714 -3.038653 -0.003585 0.999957 0.008515 -4.329645 -0.056685 -0.008705 0.998354 278.528870
0.998595 0.001224 0.052969 -3.022464 -0.001807 0.999938 0.010954 -4.362482 -0.052953 -0.011035 0.998536 279.367496
0.998849 0.000837 0.047951 -2.969748 -0.001431 0.999923 0.012360 -4.363706 -0.047937 -0.012414 0.998773 280.199659
0.999180 -0.000316 0.040493 -2.903270 -0.000236 0.999907 0.013632 -4.378232 -0.040494 -0.013630 0.999087 281.018225
0.999339 -0.000826 0.036349 -2.882669 0.000253 0.999876 0.015767 -4.399558 -0.036357 -0.015747 0.999215 281.831404
0.999437 -0.001459 0.033508 -2.893393 0.000928 0.999874 0.015857 -4.395512 -0.033527 -0.015817 0.999313 282.632094
0.999582 -0.002925 0.028759 -2.872335 0.002451 0.999861 0.016508 -4.411652 -0.028804 -0.016431 0.999450 283.416136
0.999693 -0.003407 0.024551 -2.869608 0.002968 0.999836 0.017888 -4.428336 -0.024608 -0.017810 0.999539 284.183469
0.999759 -0.002388 0.021820 -2.899876 0.001997 0.999837 0.017923 -4.432527 -0.021859 -0.017875 0.999601 284.932879
0.999843 -0.001423 0.017639 -2.871076 0.001103 0.999834 0.018160 -4.426690 -0.017661 -0.018138 0.999679 285.663154
0.999883 -0.003403 0.014904 -2.897062 0.003148 0.999850 0.017056 -4.426724 -0.014959 -0.017007 0.999743 286.370980
0.999956 -0.001166 0.009329 -2.886850 0.001034 0.999900 0.014127 -4.413750 -0.009344 -0.014116 0.999857 287.060185
0.999991 -0.000245 0.004202 -2.920965 0.000190 0.999915 0.013020 -4.420253 -0.004205 -0.013019 0.999906 287.727135
0.999998 0.000245 -0.002206 -2.952619 -0.000220 0.999938 0.011162 -4.422426 0.002208 -0.011161 0.999935 288.377551
0.999892 -0.000811 -0.014676 -2.965089 0.000961 0.999948 0.010193 -4.416596 0.014667 -0.010206 0.999840 289.016170
0.999586 0.000279 -0.028761 -2.964797 0.000006 0.999951 0.009915 -4.413592 0.028762 -0.009911 0.999537 289.645934
0.999009 0.002331 -0.044450 -3.017559 -0.001813 0.999930 0.011686 -4.440066 0.044474 -0.011594 0.998943 290.256251
0.997860 0.003732 -0.065281 -3.068571 -0.002940 0.999921 0.012225 -4.451004 0.065321 -0.012006 0.997792 290.859890
0.996162 0.004768 -0.087403 -3.118761 -0.003709 0.999918 0.012276 -4.472295 0.087455 -0.011905 0.996097 291.438846
0.993657 0.006492 -0.112270 -3.204238 -0.005161 0.999913 0.012143 -4.463397 0.112339 -0.011487 0.993604 292.012777
0.990627 0.008054 -0.136355 -3.337775 -0.006538 0.999912 0.011561 -4.456789 0.136437 -0.010561 0.990593 292.565833
0.985767 0.010000 -0.167817 -3.396290 -0.007865 0.999880 0.013381 -4.466344 0.167930 -0.011871 0.985727 293.107735
0.978933 0.009119 -0.203980 -3.506737 -0.006309 0.999876 0.014423 -4.470164 0.204086 -0.012832 0.978869 293.645350
0.972309 0.008975 -0.233526 -3.770219 -0.005652 0.999873 0.014894 -4.456981 0.233630 -0.013162 0.972237 294.114240
0.961985 0.010745 -0.272891 -3.873567 -0.005992 0.999816 0.018245 -4.469292 0.273036 -0.015916 0.961872 294.610773
0.950375 0.012636 -0.310850 -4.085531 -0.006799 0.999780 0.019854 -4.459805 0.311032 -0.016755 0.950252 295.082797
0.936087 0.013348 -0.351516 -4.248657 -0.005773 0.999728 0.022591 -4.500523 0.351722 -0.019118 0.935909 295.535683
0.919536 0.014723 -0.392731 -4.455048 -0.005725 0.999694 0.024073 -4.496643 0.392965 -0.019888 0.919338 295.994231
0.901243 0.014984 -0.433055 -4.705258 -0.004482 0.999671 0.025261 -4.511668 0.433291 -0.020825 0.901014 296.425789
0.879375 0.014097 -0.475921 -4.959627 -0.002909 0.999702 0.024237 -4.474419 0.476121 -0.019929 0.879154 296.810328
0.853980 0.013262 -0.520136 -5.197666 -0.000339 0.999689 0.024933 -4.505383 0.520305 -0.021116 0.853719 297.235948
0.824169 0.014650 -0.566154 -5.398033 0.001160 0.999620 0.027555 -4.537970 0.566342 -0.023366 0.823839 297.675664
0.790987 0.017180 -0.611592 -5.620119 0.000836 0.999574 0.029159 -4.552059 0.611832 -0.023576 0.790636 298.066118
0.758072 0.016600 -0.651960 -6.003268 0.001676 0.999623 0.027401 -4.503440 0.652169 -0.021864 0.757758 298.345815
0.729269 0.013715 -0.684090 -6.441880 0.006520 0.999614 0.026991 -4.519405 0.684196 -0.024144 0.728898 298.377170
0.688832 0.009768 -0.724855 -6.830515 0.013422 0.999566 0.026225 -4.526865 0.724797 -0.027794 0.688402 298.643658
0.644412 0.008576 -0.764630 -7.245069 0.016232 0.999558 0.024891 -4.490861 0.764506 -0.028452 0.643988 298.847103
0.594173 0.012209 -0.804245 -7.595539 0.017773 0.999441 0.028302 -4.494821 0.804141 -0.031110 0.593624 299.092281
0.541138 0.019538 -0.840707 -7.957853 0.018469 0.999213 0.035109 -4.505873 0.840731 -0.034526 0.540352 299.357897
0.490715 0.027314 -0.870892 -8.377669 0.015031 0.999094 0.039804 -4.446384 0.871191 -0.032623 0.489860 299.481418
0.437511 0.032403 -0.898629 -8.779846 0.015852 0.998917 0.043737 -4.452173 0.899074 -0.033380 0.436523 299.575369
0.378084 0.034851 -0.925115 -9.163305 0.017778 0.998834 0.044894 -4.449869 0.925600 -0.033420 0.377024 299.757153
0.322999 0.037750 -0.945646 -9.571167 0.021363 0.998659 0.047163 -4.455223 0.946158 -0.035435 0.321759 299.807163
0.266176 0.038179 -0.963168 -9.985343 0.023161 0.998674 0.045987 -4.398005 0.963646 -0.034549 0.264939 299.836651
0.204025 0.039687 -0.978161 -10.397522 0.024848 0.998646 0.045701 -4.353738 0.978650 -0.033630 0.202762 299.919613
0.142747 0.045167 -0.988728 -10.825578 0.028733 0.998348 0.049755 -4.365914 0.989342 -0.035511 0.141214 299.903722
0.078470 0.048627 -0.995730 -11.265637 0.035390 0.998044 0.051529 -4.379682 0.996288 -0.039282 0.076596 299.902074
0.013541 0.052732 -0.998517 -11.709865 0.043097 0.997650 0.053271 -4.387707 0.998979 -0.043754 0.011237 299.848000
-0.054260 0.056543 -0.996925 -12.177864 0.050148 0.997290 0.053834 -4.386763 0.997267 -0.047073 -0.056949 299.810162
-0.122034 0.060696 -0.990668 -12.640383 0.058400 0.996838 0.053881 -4.384032 0.990806 -0.051280 -0.125193 299.733994
-0.189725 0.065398 -0.979657 -13.124571 0.062640 0.996553 0.054395 -4.327573 0.979837 -0.051046 -0.193168 299.640264
-0.255213 0.069714 -0.964368 -13.594733 0.065534 0.996351 0.054683 -4.286974 0.964661 -0.049243 -0.258850 299.511034
-0.322426 0.072922 -0.943782 -14.078761 0.067335 0.996269 0.053973 -4.257434 0.944197 -0.046147 -0.326133 299.392551
-0.389973 0.077801 -0.917534 -14.592971 0.069797 0.996055 0.054794 -4.249137 0.918177 -0.042673 -0.393865 299.235724
-0.446245 0.080596 -0.891274 -15.052186 0.072879 0.995901 0.053568 -4.262911 0.891938 -0.041051 -0.450290 298.976607
-0.495305 0.083580 -0.864689 -15.492300 0.076400 0.995695 0.052480 -4.282289 0.865353 -0.040069 -0.499558 298.611601
-0.539383 0.087071 -0.837547 -15.929231 0.078536 0.995506 0.052914 -4.267367 0.838390 -0.037237 -0.543798 298.251566
-0.580752 0.087633 -0.809350 -16.377524 0.081182 0.995468 0.049533 -4.278203 0.810022 -0.036938 -0.585234 297.864875
-0.621990 0.088587 -0.777998 -16.896917 0.082357 0.995470 0.047507 -4.234689 0.778682 -0.034524 -0.626468 297.504039
-0.657317 0.086722 -0.748608 -17.311952 0.083679 0.995613 0.041861 -4.218903 0.748954 -0.035127 -0.661690 297.022551
-0.693851 0.088543 -0.714655 -17.801076 0.086701 0.995465 0.039157 -4.181558 0.714880 -0.034793 -0.698381 296.545323
-0.725987 0.092082 -0.681516 -18.222428 0.089875 0.995200 0.038726 -4.176428 0.681811 -0.033136 -0.730778 296.009068
-0.754535 0.095048 -0.649341 -18.630043 0.091316 0.995037 0.039541 -4.196588 0.649876 -0.029460 -0.759469 295.407859
-0.782976 0.104966 -0.613132 -19.095333 0.093270 0.994328 0.051118 -4.099243 0.615020 -0.017162 -0.788325 294.858705
-0.806299 0.110184 -0.581156 -19.452145 0.094718 0.993870 0.057019 -4.048648 0.583876 -0.009072 -0.811792 294.199434
-0.828411 0.112045 -0.548799 -19.850805 0.095209 0.993698 0.059160 -4.020536 0.551969 -0.003242 -0.833858 293.510844
-0.849545 0.114807 -0.514871 -20.254010 0.098242 0.993388 0.059407 -3.982044 0.518287 -0.000113 -0.855207 292.817259
-0.868536 0.121162 -0.480588 -20.611971 0.103544 0.992620 0.063123 -3.926383 0.484689 0.005063 -0.874672 292.052067
-0.888246 0.120424 -0.443303 -20.992898 0.102938 0.992665 0.063403 -3.864032 0.447687 0.010685 -0.894127 291.296361
-0.905626 0.118718 -0.407122 -21.300801 0.102699 0.992836 0.061063 -3.821714 0.411455 0.013489 -0.911330 290.458300
-0.922241 0.114333 -0.369323 -21.625649 0.099808 0.993299 0.058270 -3.770927 0.373510 0.016878 -0.927473 289.623752
-0.936247 0.114270 -0.332242 -21.953899 0.101570 0.993284 0.055405 -3.711733 0.336342 0.018127 -0.941565 288.764463
-0.948139 0.111185 -0.297776 -22.174499 0.100375 0.993621 0.051401 -3.681763 0.301592 0.018845 -0.953251 287.824892
-0.959409 0.112577 -0.258573 -22.481017 0.102683 0.993380 0.051500 -3.621036 0.262659 0.022859 -0.964618 286.908615
-0.968225 0.112113 -0.223543 -22.722442 0.102624 0.993272 0.053660 -3.573254 0.228055 0.029014 -0.973216 285.936320
-0.975119 0.112080 -0.191263 -22.889002 0.103215 0.993096 0.055734 -3.532847 0.196190 0.034606 -0.979955 284.938250
-0.980653 0.113347 -0.159602 -23.067839 0.105819 0.992867 0.054925 -3.474551 0.164689 0.036973 -0.985652 283.912507
-0.985169 0.115307 -0.127071 -23.213081 0.109088 0.992516 0.054886 -3.411884 0.132449 0.040210 -0.990374 282.848290
-0.988614 0.115186 -0.096824 -23.329181 0.110214 0.992372 0.055236 -3.362337 0.102448 0.043936 -0.993768 281.764805
-0.990820 0.113410 -0.073578 -23.362615 0.109679 0.992557 0.052919 -3.346926 0.079032 0.044363 -0.995884 280.644828
-0.992329 0.114082 -0.047636 -23.429440 0.111608 0.992406 0.051717 -3.280314 0.053174 0.046004 -0.997525 279.510587
-0.992959 0.115280 -0.027275 -23.429024 0.113836 0.992260 0.049607 -3.239733 0.032783 0.046153 -0.998396 278.344808
-0.992939 0.118308 -0.008728 -23.403171 0.117723 0.991758 0.050567 -3.183421 0.014639 0.049182 -0.998683 277.166897
-0.992365 0.123065 0.008201 -23.418515 0.123328 0.990957 0.052854 -3.117365 -0.001623 0.053462 -0.998569 275.975235
-0.991668 0.127199 0.020361 -23.406091 0.128118 0.990338 0.053071 -3.075552 -0.013414 0.055237 -0.998383 274.764470
-0.990885 0.131558 0.028965 -23.383044 0.132878 0.989886 0.049684 -3.041155 -0.022136 0.053080 -0.998345 273.536303
-0.990186 0.136687 0.029110 -23.265752 0.138008 0.989187 0.049618 -2.974765 -0.022013 0.053148 -0.998344 272.293583
-0.989942 0.138749 0.027650 -23.151663 0.140011 0.988854 0.050645 -2.924886 -0.020315 0.054007 -0.998334 271.036846
-0.989511 0.142670 0.022652 -23.037707 0.143676 0.988270 0.051770 -2.866221 -0.015000 0.054482 -0.998402 269.761180
-0.989445 0.143544 0.019865 -23.005236 0.144405 0.988135 0.052310 -2.787473 -0.012120 0.054626 -0.998433 268.467150
-0.989388 0.144202 0.017785 -22.984019 0.144933 0.988133 0.050861 -2.741682 -0.010240 0.052899 -0.998547 267.158113
-0.989124 0.146590 0.012064 -22.905287 0.147020 0.987798 0.051387 -2.687436 -0.004384 0.052601 -0.998606 265.836552
