0.999991 0.004253 0.000919 0.000000 -0.004253 0.999991 0.000462 0.000000 -0.000917 -0.000466 0.999999 0.000000
0.999962 0.008691 0.000063 0.000000 -0.008691 0.999962 -0.000354 0.000000 -0.000067 0.000353 1.000000 0.000000
0.999940 0.010927 -0.000050 -0.070478 -0.010927 0.999940 -0.000534 -0.023551 0.000045 0.000535 1.000000 2.585368
0.999938 0.010682 -0.003002 -0.025762 -0.010683 0.999943 -0.000323 -0.048170 0.002998 0.000355 0.999995 3.331296
0.999922 0.011958 -0.003673 -0.021682 -0.011960 0.999928 -0.000597 -0.061005 0.003666 0.000641 0.999993 4.086157
0.999929 0.011585 -0.002700 -0.065596 -0.011582 0.999932 0.001045 -0.091003 0.002712 -0.001014 0.999996 4.798864
0.999907 0.013329 -0.002783 -0.090538 -0.013318 0.999903 0.003990 -0.107582 0.002836 -0.003953 0.999988 5.471925
0.999900 0.014019 -0.002097 -0.081874 -0.014002 0.999872 0.007773 -0.114593 0.002206 -0.007743 0.999968 6.114466
0.999885 0.015100 0.001359 -0.126323 -0.015113 0.999834 0.010128 -0.113671 -0.001206 -0.010148 0.999948 6.735752
0.999886 0.014875 0.002673 -0.143561 -0.014906 0.999816 0.012070 -0.127603 -0.002493 -0.012109 0.999924 7.347575
0.999885 0.014975 0.002539 -0.139933 -0.015006 0.999808 0.012603 -0.148282 -0.002350 -0.012640 0.999917 7.909345
0.999848 0.016587 0.005282 -0.176817 -0.016639 0.999812 0.009946 -0.160861 -0.005116 -0.010033 0.999937 8.420764
0.999846 0.016678 0.005421 -0.171832 -0.016709 0.999844 0.005782 -0.150136 -0.005324 -0.005872 0.999969 8.905438
0.999868 0.015092 0.006054 -0.183665 -0.015116 0.999878 0.003987 -0.147711 -0.005993 -0.004078 0.999974 9.372866
0.999928 0.010393 0.006034 -0.166628 -0.010410 0.999942 0.002849 -0.177603 -0.006004 -0.002912 0.999978 9.812694
0.999938 0.007830 0.007890 -0.168003 -0.007840 0.999968 0.001281 -0.181246 -0.007879 -0.001342 0.999968 10.244372
0.999845 0.012274 0.012655 -0.188562 -0.012259 0.999924 -0.001201 -0.186443 -0.012669 0.001045 0.999919 10.616652
0.999738 0.016758 0.015595 -0.192632 -0.016730 0.999858 -0.001932 -0.198348 -0.015625 0.001671 0.999877 10.965295
0.999701 0.016675 0.017894 -0.172971 -0.016668 0.999861 -0.000527 -0.206614 -0.017901 0.000229 0.999840 11.296353
0.999656 0.014083 0.022104 -0.154722 -0.014083 0.999901 -0.000165 -0.210394 -0.022104 -0.000146 0.999756 11.604145
0.999640 0.009228 0.025207 -0.157419 -0.009207 0.999957 -0.000951 -0.203726 -0.025214 0.000718 0.999682 11.893389
0.999565 0.005275 0.029022 -0.160884 -0.005318 0.999985 0.001420 -0.224164 -0.029014 -0.001573 0.999578 12.113614
0.999534 0.004425 0.030207 -0.136325 -0.004464 0.999989 0.001226 -0.219375 -0.030201 -0.001360 0.999543 12.332306
0.999419 0.005228 0.033689 -0.146539 -0.005260 0.999986 0.000836 -0.226472 -0.033684 -0.001013 0.999432 12.542655
0.999370 0.005125 0.035130 -0.136960 -0.005123 0.999987 -0.000128 -0.236446 -0.035130 -0.000052 0.999383 12.750476
0.999294 0.007564 0.036806 -0.124573 -0.007549 0.999971 -0.000539 -0.248441 -0.036809 0.000261 0.999322 12.958305
0.999289 0.010013 0.036356 -0.097887 -0.009973 0.999949 -0.001286 -0.259560 -0.036367 0.000922 0.999338 13.156543
0.999218 0.011158 0.037939 -0.091804 -0.011069 0.999935 -0.002549 -0.270228 -0.037965 0.002127 0.999277 13.350596
0.999237 0.009473 0.037893 -0.070303 -0.009327 0.999948 -0.004023 -0.281096 -0.037929 0.003667 0.999274 13.540888
0.999287 0.007926 0.036901 -0.014715 -0.007725 0.999955 -0.005574 -0.280110 -0.036944 0.005285 0.999303 13.724895
0.999245 0.007536 0.038102 0.004844 -0.007282 0.999950 -0.006802 -0.281725 -0.038152 0.006520 0.999251 13.915614
0.999206 0.007674 0.039087 0.011976 -0.007326 0.999932 -0.009046 -0.271476 -0.039153 0.008752 0.999195 14.105971
0.999128 0.008022 0.040979 0.018888 -0.007528 0.999897 -0.012205 -0.266750 -0.041073 0.011886 0.999085 14.296576
0.999081 0.007735 0.042163 0.014341 -0.007121 0.999867 -0.014697 -0.268662 -0.042271 0.014383 0.999003 14.486948
0.999469 0.006838 0.031872 0.160330 -0.006299 0.999836 -0.016971 -0.276389 -0.031983 0.016761 0.999348 14.608837
0.999489 0.006021 0.031405 0.165498 -0.005461 0.999825 -0.017888 -0.300438 -0.031507 0.017707 0.999347 14.796134
0.999523 0.006378 0.030224 0.147213 -0.005798 0.999798 -0.019230 -0.301117 -0.030341 0.019046 0.999358 14.985034
0.999605 0.006154 0.027436 0.134175 -0.005568 0.999756 -0.021382 -0.301048 -0.027561 0.021221 0.999395 15.174226
0.999679 0.005889 0.024661 0.142000 -0.005328 0.999727 -0.022743 -0.309571 -0.024789 0.022604 0.999437 15.363389
0.999835 0.006546 0.016924 0.186718 -0.006136 0.999690 -0.024133 -0.304469 -0.017077 0.024026 0.999565 15.547174
0.999948 0.004950 0.008897 0.211920 -0.004735 0.999699 -0.024074 -0.327564 -0.009014 0.024030 0.999671 15.730383
0.999987 0.004814 0.001947 0.212984 -0.004766 0.999699 -0.024074 -0.332880 -0.002062 0.024064 0.999708 15.916827
0.999968 0.005744 -0.005503 0.186295 -0.005877 0.999684 -0.024444 -0.347303 0.005360 0.024476 0.999686 16.104046
0.999877 0.004020 -0.015129 0.143926 -0.004417 0.999646 -0.026254 -0.341806 0.015018 0.026317 0.999541 16.291352
0.999562 0.003030 -0.029424 0.195756 -0.003894 0.999562 -0.029349 -0.328395 0.029323 0.029451 0.999136 16.484916
0.998791 0.001050 -0.049152 0.254448 -0.002662 0.999460 -0.032748 -0.312195 0.049091 0.032839 0.998254 16.676375
0.997723 0.001632 -0.067424 0.200828 -0.003863 0.999449 -0.032964 -0.317667 0.067333 0.033149 0.997180 16.882936
0.996201 0.001719 -0.087063 0.145188 -0.004554 0.999465 -0.032373 -0.331678 0.086961 0.032646 0.995677 17.093109
0.993947 0.001758 -0.109851 0.077784 -0.005193 0.999506 -0.030989 -0.347273 0.109742 0.031372 0.993465 17.324334
0.990563 0.000642 -0.137055 0.055758 -0.004634 0.999574 -0.028810 -0.371339 0.136978 0.029173 0.990144 17.565926
0.986142 0.001153 -0.165900 -0.038523 -0.005832 0.999599 -0.027720 -0.362525 0.165802 0.028303 0.985753 17.819180
0.979740 -0.000031 -0.200272 -0.082262 -0.004944 0.999691 -0.024341 -0.373875 0.200211 0.024838 0.979438 18.100806
0.971722 -0.000988 -0.236126 -0.167710 -0.004168 0.999764 -0.021337 -0.372545 0.236091 0.021718 0.971488 18.370156
0.961139 0.000069 -0.276065 -0.282572 -0.004891 0.999847 -0.016779 -0.369841 0.276022 0.017477 0.960992 18.659960
0.948328 0.001442 -0.317288 -0.413878 -0.005500 0.999914 -0.011896 -0.383559 0.317244 0.013027 0.948255 18.959975
0.933785 0.004019 -0.357812 -0.579963 -0.006968 0.999952 -0.006951 -0.398000 0.357767 0.008984 0.933768 19.240972
0.916227 0.004620 -0.400633 -0.730032 -0.005893 0.999981 -0.001946 -0.411034 0.400616 0.004144 0.916237 19.564528
0.898875 0.004812 -0.438178 -0.964166 -0.003136 0.999985 0.004549 -0.425396 0.438193 -0.002715 0.898877 19.825749
0.876993 0.005545 -0.480471 -1.158077 -0.000848 0.999950 0.009992 -0.426877 0.480503 -0.008356 0.876953 20.103119
0.852979 0.010808 -0.521833 -1.427540 -0.002680 0.999863 0.016327 -0.457618 0.521938 -0.012528 0.852891 20.361813
0.825915 0.014047 -0.563620 -1.688342 -0.003516 0.999798 0.019766 -0.469048 0.563784 -0.014343 0.825797 20.637595
0.796910 0.018863 -0.603804 -1.981070 -0.006630 0.999725 0.022481 -0.467894 0.604062 -0.013912 0.796816 20.896807
0.765121 0.021887 -0.643514 -2.278962 -0.007863 0.999665 0.024652 -0.450849 0.643838 -0.013802 0.765037 21.165877
0.729088 0.024750 -0.683972 -2.586976 -0.007902 0.999584 0.027747 -0.449260 0.684374 -0.014825 0.728980 21.436703
0.693934 0.024809 -0.719611 -2.974686 -0.005976 0.999570 0.028697 -0.450803 0.720014 -0.015613 0.693784 21.674089
0.655448 0.025592 -0.754807 -3.365117 -0.005456 0.999560 0.029153 -0.439263 0.755221 -0.014991 0.655299 21.945489
0.613787 0.023058 -0.789135 -3.770924 -0.002836 0.999631 0.027002 -0.420357 0.789467 -0.014335 0.613626 22.199612
0.567636 0.021804 -0.822991 -4.183971 -0.000866 0.999664 0.025887 -0.401052 0.823279 -0.013982 0.567465 22.484083
0.522969 0.026016 -0.851955 -4.630739 -0.002399 0.999575 0.029051 -0.379823 0.852348 -0.013149 0.522809 22.706899
0.477520 0.027001 -0.878206 -5.152915 -0.003651 0.999580 0.028747 -0.380451 0.878613 -0.010521 0.477418 22.889953
0.426653 0.024982 -0.904071 -5.666750 -0.002803 0.999650 0.026300 -0.371820 0.904411 -0.008687 0.426573 23.108596
0.372330 0.022111 -0.927837 -6.215617 -0.001452 0.999729 0.023241 -0.364959 0.928099 -0.007306 0.372261 23.304343
0.320773 0.021643 -0.946909 -6.790702 -0.001539 0.999749 0.022330 -0.356326 0.947155 -0.005706 0.320726 23.452661
0.269626 0.023262 -0.962684 -7.393306 0.002422 0.999689 0.024834 -0.334057 0.962962 -0.009027 0.269486 23.575111
0.218661 0.023016 -0.975529 -8.050453 0.008107 0.999644 0.025402 -0.344818 0.975767 -0.013463 0.218396 23.682248
0.171213 0.021710 -0.984995 -8.713726 0.009623 0.999673 0.023706 -0.328335 0.985187 -0.013537 0.170949 23.750748
0.128686 0.021684 -0.991448 -9.415898 0.011194 0.999665 0.023316 -0.326434 0.991622 -0.014098 0.128400 23.810635
0.086718 0.024970 -0.995920 -10.109251 0.009010 0.999625 0.025847 -0.318103 0.996192 -0.011214 0.086460 23.871369
0.050827 0.030439 -0.998243 -10.836175 0.003619 0.999523 0.030662 -0.294591 0.998701 -0.005171 0.050693 23.873545
0.023317 0.035578 -0.999095 -11.593177 0.002784 0.999360 0.035652 -0.259664 0.999724 -0.003613 0.023203 23.857969
0.002363 0.037145 -0.999307 -12.407391 0.007598 0.999280 0.037162 -0.245079 0.999968 -0.007680 0.002080 23.840766
-0.013286 0.034359 -0.999321 -13.193559 0.013835 0.999320 0.034175 -0.226246 0.999816 -0.013372 -0.013752 23.869497
-0.019112 0.034415 -0.999225 -14.004990 0.016666 0.999280 0.034098 -0.221413 0.999678 -0.016002 -0.019672 23.761090
-0.022120 0.032988 -0.999211 -14.821582 0.014619 0.999359 0.032669 -0.214138 0.999648 -0.013885 -0.022588 23.730588
-0.022015 0.024914 -0.999447 -15.697468 0.010673 0.999638 0.024684 -0.215409 0.999701 -0.010123 -0.022273 23.664862
-0.018684 0.014678 -0.999718 -16.565163 0.007643 0.999865 0.014538 -0.182983 0.999796 -0.007369 -0.018794 23.669051
-0.012640 0.014199 -0.999819 -17.468327 0.008577 0.999864 0.014091 -0.179606 0.999883 -0.008397 -0.012760 23.690172
-0.008425 0.017165 -0.999817 -18.364338 0.006533 0.999832 0.017110 -0.163147 0.999943 -0.006388 -0.008536 23.693631
-0.006117 0.013361 -0.999892 -19.311627 0.001294 0.999910 0.013354 -0.191480 0.999980 -0.001212 -0.006134 23.672019
-0.005309 0.014605 -0.999879 -20.250454 -0.009481 0.999848 0.014655 -0.191419 0.999941 0.009558 -0.005170 23.691187
-0.003352 0.023463 -0.999719 -21.210438 -0.017683 0.999567 0.023519 -0.181436 0.999838 0.017756 -0.002935 23.638935
0.000090 0.030371 -0.999539 -22.189139 -0.019834 0.999342 0.030363 -0.158022 0.999803 0.019822 0.000693 23.550228
-0.001680 0.039723 -0.999209 -23.192484 -0.014458 0.999105 0.039743 -0.127172 0.999894 0.014514 -0.001104 23.496997
-0.006559 0.043723 -0.999022 -24.227274 -0.006353 0.999022 0.043765 -0.108448 0.999958 0.006633 -0.006275 23.460628
-0.009714 0.045169 -0.998932 -25.273673 0.003394 0.998975 0.045138 -0.071135 0.999947 -0.002952 -0.009857 23.411682
-0.013963 0.046865 -0.998804 -26.325205 0.012697 0.998829 0.046688 -0.019582 0.999822 -0.012030 -0.014542 23.410963
-0.014624 0.044575 -0.998899 -27.370346 0.019520 0.998828 0.044286 0.012511 0.999703 -0.018851 -0.015477 23.387057
-0.015752 0.043996 -0.998908 -28.418720 0.020251 0.998841 0.043674 0.047607 0.999671 -0.019540 -0.016625 23.369273
-0.014819 0.045698 -0.998845 -29.544617 0.016617 0.998828 0.045450 0.088853 0.999752 -0.015925 -0.015561 23.288066
-0.018724 0.046243 -0.998755 -30.696977 0.011926 0.998869 0.046025 0.131219 0.999754 -0.011049 -0.019255 23.261017
-0.021635 0.047092 -0.998656 -31.788441 0.006129 0.998878 0.046970 0.177123 0.999747 -0.005105 -0.021899 23.190691
-0.030940 0.045790 -0.998472 -32.921471 0.002400 0.998951 0.045738 0.203212 0.999518 -0.000981 -0.031017 23.173157
-0.035910 0.046430 -0.998276 -34.026962 0.000659 0.998921 0.046437 0.230201 0.999355 0.001009 -0.035901 23.078919
-0.042333 0.046413 -0.998025 -35.176831 0.003642 0.998921 0.046300 0.255414 0.999097 -0.001675 -0.042456 23.016334
-0.046022 0.049462 -0.997715 -36.296248 0.007637 0.998762 0.049162 0.304937 0.998911 -0.005357 -0.046343 22.902302
-0.051340 0.053745 -0.997234 -37.436836 0.010684 0.998523 0.053264 0.345557 0.998624 -0.007920 -0.051838 22.794160
-0.053510 0.058029 -0.996880 -38.552493 0.013087 0.998265 0.057407 0.385555 0.998482 -0.009974 -0.054177 22.674143
-0.056173 0.062549 -0.996460 -39.687831 0.014962 0.997976 0.061801 0.432862 0.998309 -0.011437 -0.056995 22.576206
-0.059096 0.065419 -0.996106 -40.800294 0.016823 0.997774 0.064531 0.474731 0.998111 -0.012944 -0.060065 22.496794
-0.060540 0.065402 -0.996021 -41.908238 0.015493 0.997792 0.064576 0.530140 0.998046 -0.011522 -0.061420 22.440370
-0.061813 0.066696 -0.995857 -43.016640 0.013822 0.997726 0.065963 0.594875 0.997992 -0.009688 -0.062594 22.358964
-0.064388 0.066219 -0.995726 -44.124914 0.012893 0.997768 0.065521 0.658239 0.997842 -0.008619 -0.065098 22.307303
-0.063429 0.069992 -0.995529 -45.235440 0.014027 0.997502 0.069237 0.677179 0.997888 -0.009573 -0.064253 22.207228
-0.064092 0.073726 -0.995217 -46.347470 0.011712 0.997254 0.073123 0.741200 0.997875 -0.006969 -0.064779 22.122734
-0.062798 0.077747 -0.994993 -47.463997 0.008544 0.996966 0.077362 0.781729 0.997990 -0.003643 -0.063272 22.001361
-0.062868 0.077483 -0.995010 -48.583829 0.008218 0.996988 0.077118 0.849690 0.997988 -0.003329 -0.063315 21.920297
-0.063535 0.078287 -0.994904 -49.691952 0.012023 0.996906 0.077677 0.922658 0.997907 -0.007026 -0.064280 21.850005
-0.062029 0.076419 -0.995145 -50.808303 0.015543 0.997018 0.075594 0.979013 0.997953 -0.010778 -0.063032 21.768055
-0.061427 0.073644 -0.995391 -51.943104 0.014529 0.997235 0.072884 1.034934 0.998006 -0.009985 -0.062327 21.696800
-0.062590 0.073381 -0.995338 -53.072976 0.013169 0.997267 0.072695 1.098685 0.997952 -0.008558 -0.063386 21.635939
-0.057421 0.078866 -0.995230 -54.209274 0.013011 0.996849 0.078243 1.190278 0.998265 -0.008456 -0.058267 21.538893
-0.054170 0.081485 -0.995201 -55.326504 0.014161 0.996627 0.080831 1.253144 0.998431 -0.009715 -0.055142 21.500681
-0.047394 0.086647 -0.995111 -56.456942 0.013670 0.996194 0.086090 1.326534 0.998783 -0.009523 -0.048398 21.410788
-0.040299 0.088409 -0.995269 -57.584151 0.012455 0.996045 0.087974 1.402501 0.999110 -0.008851 -0.041241 21.322588
-0.036407 0.086180 -0.995614 -58.721623 0.012787 0.996233 0.085766 1.472755 0.999255 -0.009609 -0.037372 21.280681
-0.028639 0.084887 -0.995979 -59.863603 0.014038 0.996324 0.084513 1.531750 0.999491 -0.011561 -0.029725 21.195154
-0.023629 0.083320 -0.996243 -61.007001 0.014937 0.996439 0.082982 1.603335 0.999609 -0.012920 -0.024790 21.135486
-0.017980 0.082319 -0.996444 -62.161999 0.015452 0.996509 0.082046 1.682575 0.999719 -0.013922 -0.019189 21.097193
-0.011809 0.083762 -0.996416 -63.303650 0.016106 0.996372 0.083568 1.764326 0.999801 -0.015062 -0.013115 21.057519
-0.004858 0.083321 -0.996511 -64.442657 0.015780 0.996405 0.083235 1.818882 0.999864 -0.015321 -0.006156 21.008068
-0.000003 0.082287 -0.996609 -65.586224 0.012089 0.996536 0.082281 1.883442 0.999927 -0.012048 -0.000998 20.983761
0.005408 0.079983 -0.996782 -66.747161 0.006835 0.996770 0.080019 1.955044 0.999962 -0.007246 0.004844 20.971683
0.011783 0.081350 -0.996616 -67.939643 0.006898 0.996655 0.081435 2.021932 0.999907 -0.007834 0.011183 20.931322
0.017010 0.081425 -0.996534 -69.151146 0.009563 0.996620 0.081596 2.114504 0.999810 -0.010917 0.016174 20.905593
0.019700 0.081740 -0.996459 -70.348390 0.007963 0.996608 0.081910 2.219527 0.999774 -0.009549 0.018982 20.880894
0.021852 0.083170 -0.996296 -71.548295 0.009540 0.996471 0.083394 2.264867 0.999716 -0.011327 0.020981 20.879882
0.022583 0.084480 -0.996169 -72.747930 0.009670 0.996358 0.084715 2.348405 0.999698 -0.011546 0.021684 20.890704
0.025073 0.085872 -0.995991 -73.959497 0.007265 0.996262 0.086079 2.458399 0.999659 -0.009394 0.024355 20.879478
0.024980 0.085998 -0.995982 -75.194141 0.003989 0.996277 0.086123 2.564068 0.999680 -0.006124 0.024544 20.933232
0.024274 0.083623 -0.996202 -76.386842 0.005724 0.996467 0.083785 2.606388 0.999689 -0.007736 0.023710 20.970864
0.024920 0.081494 -0.996362 -77.580887 0.006716 0.996636 0.081684 2.669760 0.999667 -0.008727 0.024289 20.970416
0.026511 0.078987 -0.996523 -78.774036 0.006733 0.996837 0.079191 2.750877 0.999626 -0.008809 0.025896 20.963536
0.025910 0.078765 -0.996556 -79.975448 0.010003 0.996821 0.079046 2.819014 0.999614 -0.012017 0.025040 20.987581
0.026572 0.081543 -0.996316 -81.159327 0.012728 0.996559 0.081902 2.899493 0.999566 -0.014857 0.025443 21.008353
0.026442 0.082716 -0.996222 -82.336551 0.012736 0.996462 0.083074 2.969528 0.999569 -0.014884 0.025295 21.027579
0.024846 0.082395 -0.996290 -83.522014 0.009575 0.996532 0.082653 3.052132 0.999645 -0.011593 0.023971 21.071557
0.024828 0.081932 -0.996329 -84.744015 0.008177 0.996586 0.082157 3.117497 0.999658 -0.010187 0.024073 21.095436
0.024255 0.079910 -0.996507 -85.949177 0.007650 0.996756 0.080116 3.191692 0.999677 -0.009566 0.023565 21.115394
0.024590 0.076782 -0.996745 -87.149238 0.009073 0.996988 0.077024 3.255784 0.999656 -0.010938 0.023820 21.129041
0.026452 0.076988 -0.996681 -88.347403 0.011508 0.996940 0.077314 3.338442 0.999584 -0.013515 0.025485 21.100000
0.029729 0.077961 -0.996513 -89.543137 0.012910 0.996841 0.078371 3.418249 0.999475 -0.015195 0.028629 21.085699
0.032194 0.078818 -0.996369 -90.748882 0.013034 0.996768 0.079271 3.485364 0.999397 -0.015539 0.031063 21.054287
0.036382 0.079433 -0.996176 -91.933070 0.012507 0.996722 0.079934 3.521554 0.999260 -0.015367 0.035270 21.031444
0.034976 0.079082 -0.996254 -93.106075 0.010638 0.996778 0.079497 3.595614 0.999332 -0.013379 0.034022 21.069236
0.032955 0.075984 -0.996564 -94.272907 0.012566 0.996996 0.076433 3.663309 0.999378 -0.015042 0.031901 21.129560
0.035632 0.075035 -0.996544 -95.446568 0.015577 0.997014 0.075628 3.720397 0.999244 -0.018218 0.034357 21.134423
0.037105 0.072412 -0.996684 -96.611174 0.017162 0.997178 0.073087 3.787820 0.999164 -0.019817 0.035757 21.134853
0.042537 0.073155 -0.996413 -97.765288 0.017062 0.997117 0.073935 3.883497 0.998949 -0.020146 0.041166 21.077400
0.045837 0.074680 -0.996154 -98.924494 0.016241 0.997014 0.075492 3.980663 0.998817 -0.019639 0.044487 21.087936
0.047586 0.075738 -0.995992 -100.094263 0.016013 0.996935 0.076574 4.042311 0.998739 -0.019593 0.046227 21.122466
0.048291 0.079668 -0.995651 -101.263359 0.012528 0.996687 0.080359 4.097334 0.998755 -0.016354 0.047133 21.138607
0.048535 0.079659 -0.995640 -102.429649 0.010896 0.996713 0.080276 4.158848 0.998762 -0.014744 0.047507 21.177368
0.046845 0.078911 -0.995780 -103.595427 0.008370 0.996809 0.079386 4.229213 0.998867 -0.012053 0.046035 21.244247
0.047681 0.077152 -0.995879 -104.760645 0.009799 0.996928 0.077703 4.288058 0.998815 -0.013463 0.046779 21.295832
0.049090 0.078671 -0.995691 -105.931483 0.011036 0.996790 0.079302 4.362605 0.998733 -0.014882 0.048064 21.317399
0.047191 0.077579 -0.995869 -107.104965 0.013842 0.996833 0.078310 4.422800 0.998790 -0.017481 0.045968 21.372953
0.045861 0.081145 -0.995647 -108.293866 0.013151 0.996560 0.081825 4.493925 0.998861 -0.016846 0.044636 21.416115
0.045294 0.084144 -0.995424 -109.475326 0.015034 0.996276 0.084900 4.559966 0.998861 -0.018811 0.043860 21.450616
0.043863 0.086878 -0.995253 -110.663001 0.012377 0.996088 0.087496 4.652077 0.998961 -0.016156 0.042616 21.485679
0.044367 0.086790 -0.995238 -111.848572 0.007835 0.996158 0.087219 4.729677 0.998985 -0.011668 0.043516 21.515226
0.041484 0.087359 -0.995313 -113.045735 0.003545 0.996151 0.087580 4.818476 0.999133 -0.007161 0.041014 21.566365
0.041400 0.086618 -0.995381 -114.249907 0.002005 0.996226 0.086775 4.909123 0.999141 -0.005588 0.041070 21.572992
0.040288 0.080453 -0.995944 -115.463600 0.001751 0.996746 0.080589 4.976249 0.999187 -0.004991 0.040016 21.613699
0.038744 0.080026 -0.996040 -116.681016 0.003432 0.996771 0.080218 5.060320 0.999243 -0.006526 0.038344 21.665335
0.033980 0.077356 -0.996424 -117.900126 0.007413 0.996953 0.077650 5.137544 0.999395 -0.010025 0.033303 21.735943
0.033009 0.076913 -0.996491 -119.125188 0.006584 0.996996 0.077170 5.223428 0.999433 -0.009108 0.032403 21.753110
0.031155 0.077064 -0.996539 -120.349132 -0.000185 0.997024 0.077096 5.337392 0.999515 -0.002217 0.031076 21.808935
0.032110 0.075614 -0.996620 -121.586176 -0.004281 0.997135 0.075515 5.416939 0.999475 0.001842 0.032342 21.799325
0.031229 0.074946 -0.996698 -122.834835 -0.005902 0.997181 0.074797 5.500933 0.999495 0.003547 0.031583 21.824202
0.034966 0.077859 -0.996351 -124.091958 -0.006226 0.996958 0.077688 5.595626 0.999369 0.003487 0.035344 21.800960
0.035014 0.082844 -0.995947 -125.351588 -0.001765 0.996562 0.082833 5.664136 0.999385 -0.001143 0.035040 21.818103
0.036023 0.089844 -0.995304 -126.610758 0.002595 0.995939 0.089995 5.735869 0.999348 -0.005825 0.035644 21.825507
0.035607 0.095036 -0.994837 -127.867398 0.001143 0.995464 0.095137 5.833387 0.999365 -0.004524 0.035337 21.844561
0.035175 0.099998 -0.994366 -129.125204 -0.000566 0.994983 0.100040 5.933753 0.999381 -0.002956 0.035055 21.864274
0.038207 0.103667 -0.993878 -130.380464 -0.002150 0.994610 0.103661 6.030733 0.999268 -0.001823 0.038224 21.820996
0.038791 0.103041 -0.993920 -131.638249 -0.002076 0.994675 0.103038 6.123891 0.999245 -0.001934 0.038798 21.831281
0.038617 0.100175 -0.994220 -132.887399 -0.003421 0.994970 0.100118 6.231405 0.999248 -0.000465 0.038765 21.878916
0.038508 0.101673 -0.994072 -134.156283 -0.001273 0.994814 0.101699 6.304348 0.999257 -0.002651 0.038438 21.924178
0.039247 0.099424 -0.994271 -135.431169 0.003561 0.995017 0.099639 6.404531 0.999223 -0.007451 0.038698 21.937049
0.037671 0.097184 -0.994553 -136.690940 0.006324 0.995217 0.097489 6.525184 0.999270 -0.009962 0.036876 21.962129
0.037885 0.096083 -0.994652 -137.963269 0.003941 0.995345 0.096300 6.633676 0.999274 -0.007568 0.037330 22.007052
0.036181 0.096291 -0.994695 -139.219894 0.002266 0.995337 0.096435 6.742049 0.999343 -0.005743 0.035795 22.062563
0.037508 0.094986 -0.994772 -140.480719 0.000603 0.995470 0.095075 6.854824 0.999296 -0.004166 0.037281 22.085317
0.038541 0.095246 -0.994707 -141.735847 0.000526 0.995445 0.095337 6.945373 0.999257 -0.004197 0.038316 22.115363
0.039829 0.095182 -0.994663 -142.997957 0.002687 0.995439 0.095364 7.038106 0.999203 -0.006471 0.039392 22.134912
0.039877 0.097063 -0.994479 -144.245966 0.004330 0.995245 0.097312 7.153464 0.999195 -0.008187 0.039267 22.186201
0.038730 0.097645 -0.994467 -145.493117 0.005635 0.995177 0.097934 7.242646 0.999234 -0.009397 0.037993 22.249548
0.038220 0.099363 -0.994317 -146.731374 0.002952 0.995028 0.099548 7.339774 0.999265 -0.006740 0.037737 22.296384
0.039427 0.097622 -0.994442 -147.974228 -0.000317 0.995217 0.097685 7.430096 0.999222 -0.003536 0.039269 22.294125
0.040672 0.097010 -0.994452 -149.222119 -0.002675 0.995283 0.096981 7.537820 0.999169 -0.001285 0.040739 22.308913
0.040970 0.094320 -0.994699 -150.463526 -0.002439 0.995541 0.094299 7.612078 0.999157 -0.001437 0.041017 22.333237
0.042352 0.091580 -0.994897 -151.700813 -0.003882 0.995798 0.091498 7.737961 0.999095 -0.000013 0.042529 22.358389
0.039289 0.088203 -0.995327 -152.935423 -0.005658 0.996100 0.088048 7.816277 0.999212 0.002172 0.039634 22.419774
0.036739 0.086417 -0.995581 -154.175033 -0.004055 0.996259 0.086326 7.887197 0.999317 0.000866 0.036952 22.487909
0.038989 0.084472 -0.995663 -155.410516 -0.001903 0.996425 0.084462 7.975550 0.999238 -0.001399 0.039010 22.484152
0.041677 0.081875 -0.995771 -156.645215 -0.001260 0.996640 0.081894 8.066440 0.999130 -0.002159 0.041640 22.486425
0.040637 0.079590 -0.995999 -157.874097 -0.002212 0.996827 0.079566 8.148186 0.999172 -0.001030 0.040684 22.520747
0.038377 0.084060 -0.995721 -159.111870 0.000260 0.996455 0.084132 8.190679 0.999263 -0.003487 0.038220 22.551269
0.036350 0.083655 -0.995832 -160.341224 0.004601 0.996466 0.083876 8.280264 0.999329 -0.007631 0.035837 22.624429
0.036052 0.088386 -0.995434 -161.571422 0.011790 0.995974 0.088861 8.354707 0.999280 -0.014940 0.034865 22.676936
0.037167 0.092329 -0.995035 -162.790439 0.011343 0.995620 0.092807 8.440687 0.999245 -0.014736 0.035957 22.705011
0.040497 0.094345 -0.994716 -164.003983 0.006869 0.995482 0.094697 8.525202 0.999156 -0.010667 0.039666 22.698600
0.044464 0.096912 -0.994299 -165.225138 0.003434 0.995263 0.097160 8.579379 0.999005 -0.007734 0.043920 22.704160
0.045297 0.101571 -0.993796 -166.443996 0.002872 0.994800 0.101805 8.651527 0.998969 -0.007466 0.044770 22.737842
0.047826 0.096461 -0.994187 -167.657047 -0.001234 0.995331 0.096513 8.757953 0.998855 -0.003389 0.047721 22.760765
0.048644 0.092607 -0.994514 -168.860200 -0.005253 0.995703 0.092460 8.838843 0.998802 0.000727 0.048922 22.789290
0.048787 0.087162 -0.994999 -170.053085 -0.008818 0.996184 0.086833 8.930786 0.998770 0.004538 0.049370 22.827298
0.048242 0.085502 -0.995169 -171.260369 -0.003847 0.996338 0.085416 8.986261 0.998828 -0.000293 0.048394 22.872215
0.048262 0.083539 -0.995335 -172.462407 0.003513 0.996476 0.083805 9.037648 0.998829 -0.007542 0.047799 22.918251
0.049329 0.085729 -0.995097 -173.660505 0.006381 0.996262 0.086146 9.121520 0.998762 -0.010599 0.048597 22.948332
0.051697 0.086279 -0.994929 -174.863778 0.004094 0.996234 0.086605 9.182237 0.998654 -0.008551 0.051149 22.973093
0.053360 0.087767 -0.994711 -176.064248 0.003066 0.996111 0.088055 9.273066 0.998571 -0.007748 0.052883 23.013228
0.051312 0.084848 -0.995072 -177.250192 0.002837 0.996368 0.085105 9.371696 0.998679 -0.007190 0.050885 23.093165
0.048788 0.084286 -0.995246 -178.417885 0.001554 0.996425 0.084462 9.444735 0.998808 -0.005667 0.048483 23.195982
0.052250 0.085184 -0.994994 -179.565794 0.001766 0.996346 0.085393 9.500767 0.998632 -0.006219 0.051909 23.220641
0.054121 0.087429 -0.994700 -180.681800 0.003642 0.996136 0.087753 9.573009 0.998528 -0.008372 0.053593 23.266937
0.055521 0.087060 -0.994655 -181.769483 0.006056 0.996144 0.087529 9.621867 0.998439 -0.010884 0.054780 23.298471
0.056340 0.084699 -0.994813 -182.832167 0.007483 0.996331 0.085252 9.678654 0.998384 -0.012247 0.055499 23.353351
0.058338 0.087719 -0.994436 -183.873008 0.010298 0.996026 0.088463 9.714334 0.998244 -0.015402 0.057203 23.372979
0.057893 0.087410 -0.994489 -184.881099 0.011422 0.996036 0.088211 9.769259 0.998257 -0.016466 0.056665 23.393194
0.054578 0.087607 -0.994659 -185.851357 0.010375 0.996040 0.088298 9.839591 0.998456 -0.015139 0.053453 23.464084
0.056065 0.089043 -0.994449 -186.798351 0.009724 0.995919 0.089723 9.897769 0.998380 -0.014701 0.054970 23.502525
0.056975 0.089208 -0.994382 -187.730380 0.010796 0.995887 0.089962 9.958240 0.998317 -0.015861 0.055778 23.561493
0.056343 0.088317 -0.994498 -188.663123 0.008890 0.995996 0.088953 10.022986 0.998372 -0.013853 0.055332 23.592716
0.052237 0.086878 -0.994848 -189.584626 0.007368 0.996148 0.087378 10.060775 0.998608 -0.011895 0.051396 23.627476
0.048445 0.087527 -0.994983 -190.503776 0.004071 0.996127 0.087826 10.110867 0.998818 -0.008305 0.047901 23.642834
0.045983 0.090228 -0.994859 -191.427311 0.001433 0.995905 0.090389 10.167749 0.998941 -0.005582 0.045665 23.636363
0.044323 0.093650 -0.994618 -192.338659 -0.000601 0.995599 0.093715 10.232483 0.999017 -0.003556 0.044184 23.636217
0.041157 0.094105 -0.994711 -193.257041 0.000951 0.995551 0.094224 10.296052 0.999152 -0.004824 0.040884 23.662524
0.039064 0.092301 -0.994965 -194.164920 0.002261 0.995714 0.092460 10.367228 0.999234 -0.005861 0.038688 23.708866
0.039881 0.090239 -0.995121 -195.071691 0.003924 0.995892 0.090466 10.425835 0.999197 -0.007513 0.039363 23.710557
0.035706 0.088464 -0.995439 -195.970878 0.003626 0.996056 0.088649 10.505280 0.999356 -0.006775 0.035245 23.771688
0.033889 0.088334 -0.995514 -196.872300 0.002027 0.996078 0.088453 10.574038 0.999424 -0.005016 0.033577 23.805975
0.036827 0.092424 -0.995038 -197.771405 -0.000545 0.995716 0.092467 10.654820 0.999322 -0.002863 0.036720 23.767584
0.036651 0.096374 -0.994670 -198.678084 -0.000305 0.995340 0.096428 10.712618 0.999328 -0.003230 0.036509 23.787484
0.033489 0.099131 -0.994511 -199.579586 -0.003097 0.995074 0.099083 10.802364 0.999434 -0.000238 0.033631 23.851487
0.033687 0.097046 -0.994710 -200.492334 -0.003764 0.995280 0.096974 10.857340 0.999425 0.000477 0.033893 23.883877
0.033372 0.097006 -0.994724 -201.408051 -0.006190 0.995280 0.096852 10.936503 0.999424 0.002925 0.033815 23.900247
0.037732 0.096331 -0.994634 -202.334175 -0.005923 0.995347 0.096176 11.001649 0.999270 0.002263 0.038127 23.872493
0.039910 0.093716 -0.994799 -203.268186 -0.002779 0.995598 0.093680 11.066819 0.999199 -0.000974 0.039995 23.891557
0.043460 0.094101 -0.994614 -204.199757 -0.000958 0.995558 0.094149 11.137336 0.999055 -0.003139 0.043357 23.886447
0.045668 0.088106 -0.995064 -205.137904 -0.004808 0.996111 0.087978 11.202232 0.998945 0.000767 0.045914 23.911732
0.044962 0.086756 -0.995214 -206.086460 -0.007920 0.996222 0.086486 11.277937 0.998957 0.003994 0.045479 23.955693
0.045261 0.089809 -0.994930 -207.049675 -0.008687 0.995948 0.089506 11.367238 0.998937 0.004592 0.045858 23.970249
0.046430 0.089589 -0.994896 -208.010491 -0.005659 0.995978 0.089422 11.447715 0.998906 0.001479 0.046750 23.991989
0.048506 0.087077 -0.995020 -209.008038 -0.005305 0.996201 0.086922 11.510573 0.998809 0.001062 0.048784 24.033585
0.051982 0.084121 -0.995099 -210.001533 -0.003323 0.996455 0.084062 11.579155 0.998642 -0.001063 0.052077 24.081525
0.053207 0.084624 -0.994991 -211.010923 0.000837 0.996399 0.084789 11.661920 0.998583 -0.005344 0.052945 24.121549
0.055469 0.083364 -0.994974 -212.016587 0.004740 0.996475 0.083754 11.724129 0.998449 -0.009362 0.054878 24.150706
0.056385 0.082096 -0.995028 -213.047530 0.005788 0.996570 0.082551 11.781708 0.998392 -0.010414 0.055716 24.200201
0.058589 0.083078 -0.994819 -214.089631 0.005302 0.996491 0.083530 11.856957 0.998268 -0.010168 0.057943 24.245737
0.060044 0.086757 -0.994418 -215.141417 0.008642 0.996133 0.087428 11.909212 0.998158 -0.013843 0.059062 24.296492
0.063914 0.088587 -0.994016 -216.166990 0.007101 0.995987 0.089220 11.993426 0.997930 -0.012761 0.063028 24.334757
0.066758 0.091811 -0.993536 -217.166177 0.005337 0.995710 0.092370 12.058198 0.997755 -0.011469 0.065982 24.382059
0.071404 0.091289 -0.993261 -218.191267 0.002531 0.995783 0.091703 12.127838 0.997444 -0.009062 0.070872 24.406474
0.072868 0.090874 -0.993193 -219.244695 0.001061 0.995833 0.091193 12.214308 0.997341 -0.007699 0.072468 24.462842
0.073908 0.091533 -0.993056 -220.286108 0.002830 0.995756 0.091993 12.296461 0.997261 -0.009609 0.073335 24.535018
0.074482 0.093142 -0.992863 -221.326433 0.004704 0.995585 0.093750 12.385503 0.997211 -0.011653 0.073715 24.617265
0.074370 0.092215 -0.992958 -222.369950 0.003489 0.995685 0.092729 12.476099 0.997225 -0.010361 0.073728 24.712139
0.076558 0.091388 -0.992868 -223.427781 0.001059 0.995783 0.091738 12.552510 0.997065 -0.008074 0.076138 24.765972
0.074666 0.089730 -0.993163 -224.490526 -0.000899 0.995949 0.089914 12.629739 0.997208 -0.005820 0.074445 24.847588
0.072624 0.086443 -0.993606 -225.566559 -0.001545 0.996245 0.086560 12.692502 0.997358 -0.004751 0.072485 24.947103
0.073131 0.085740 -0.993630 -226.668119 -0.003462 0.996314 0.085717 12.775461 0.997316 -0.002828 0.073158 25.018951
0.073488 0.083102 -0.993828 -227.776295 -0.003308 0.996537 0.083084 12.849211 0.997291 -0.002819 0.073509 25.104162
0.072746 0.084098 -0.993799 -228.893557 -0.001812 0.996448 0.084190 12.925703 0.997349 -0.004324 0.072640 25.180385
0.070237 0.081577 -0.994189 -230.015146 0.000628 0.996647 0.081823 12.977674 0.997530 -0.006372 0.069951 25.262096
0.071295 0.081693 -0.994104 -231.145478 0.001570 0.996630 0.082013 13.074972 0.997454 -0.007408 0.070926 25.308912
0.072391 0.082811 -0.993933 -232.286492 0.002151 0.996532 0.083184 13.170575 0.997374 -0.008159 0.071962 25.333681
0.069524 0.085519 -0.993908 -233.428949 0.002593 0.996300 0.085906 13.254474 0.997577 -0.008550 0.069045 25.395357
0.066676 0.088239 -0.993865 -234.574057 0.000925 0.996076 0.088498 13.330032 0.997774 -0.006820 0.066333 25.478425
0.067358 0.087971 -0.993843 -235.728164 -0.003010 0.996119 0.087968 13.406258 0.997724 -0.002934 0.067361 25.499813
0.064173 0.084977 -0.994314 -236.893853 -0.008960 0.996377 0.084575 13.484052 0.997899 0.003482 0.064702 25.580936
0.060588 0.079817 -0.994966 -238.067891 -0.012888 0.996777 0.079178 13.568233 0.998080 0.008026 0.061422 25.660074
0.056190 0.073910 -0.995681 -239.254088 -0.013150 0.997225 0.073282 13.654944 0.998334 0.008975 0.057006 25.735243
0.054694 0.070674 -0.995999 -240.442606 -0.010044 0.997480 0.070227 13.743959 0.998453 0.006162 0.055266 25.779567
0.050439 0.069883 -0.996279 -241.638507 -0.008768 0.997541 0.069528 13.819773 0.998689 0.005228 0.050928 25.850561
0.052086 0.068439 -0.996295 -242.846517 -0.008121 0.997645 0.068107 13.870651 0.998610 0.004543 0.052519 25.837076
0.046950 0.066869 -0.996657 -244.053352 -0.005601 0.997759 0.066679 13.909476 0.998882 0.002452 0.047219 25.916578
0.045230 0.065894 -0.996801 -245.266406 -0.003929 0.997826 0.065784 13.971379 0.998969 0.000941 0.045391 25.946804
0.042179 0.066997 -0.996861 -246.487517 -0.003074 0.997753 0.066927 14.026469 0.999105 0.000242 0.042290 25.997244
0.043233 0.067761 -0.996764 -247.711007 -0.006234 0.997696 0.067554 14.107555 0.999046 0.003293 0.043555 26.008583
0.042930 0.069162 -0.996681 -248.950262 -0.006203 0.997600 0.068959 14.160955 0.999059 0.003222 0.043256 26.026848
0.039339 0.068609 -0.996868 -250.190707 -0.004533 0.997642 0.068483 14.220143 0.999216 0.001824 0.039557 26.103492
0.035390 0.069164 -0.996977 -251.436113 -0.003946 0.997604 0.069068 14.282930 0.999366 0.001489 0.035578 26.169186
0.035340 0.070101 -0.996914 -252.676112 -0.002599 0.997540 0.070053 14.334204 0.999372 0.000115 0.035436 26.183209
0.033349 0.073771 -0.996717 -253.913695 -0.001438 0.997275 0.073765 14.396835 0.999443 -0.001027 0.033364 26.180899
0.033884 0.074341 -0.996657 -255.169766 -0.000059 0.997230 0.074382 14.456588 0.999426 -0.002462 0.033795 26.185989
0.033104 0.076531 -0.996517 -256.427661 -0.000465 0.997065 0.076558 14.526565 0.999452 -0.002071 0.033043 26.218711
0.032132 0.075139 -0.996655 -257.676201 -0.001354 0.997173 0.075134 14.603774 0.999483 -0.001065 0.032143 26.261573
0.032545 0.074742 -0.996672 -258.920549 -0.003556 0.997202 0.074665 14.696711 0.999464 0.001115 0.032720 26.290907
0.034351 0.073617 -0.996695 -260.178432 -0.004679 0.997284 0.073499 14.762275 0.999399 0.002139 0.034602 26.295444
0.033568 0.071873 -0.996849 -261.441163 -0.005254 0.997410 0.071736 14.822219 0.999423 0.002829 0.033858 26.326167
0.034715 0.072276 -0.996780 -262.697441 -0.004806 0.997382 0.072152 14.888888 0.999386 0.002286 0.034971 26.327197
0.036038 0.072076 -0.996748 -263.952084 -0.003826 0.997398 0.071985 14.932184 0.999343 0.001219 0.036220 26.345833
0.038884 0.070218 -0.996774 -265.197265 -0.006276 0.997525 0.070026 15.038760 0.999224 0.003533 0.039229 26.342078
0.042322 0.065374 -0.996963 -266.456741 -0.006892 0.997852 0.065139 15.120515 0.999080 0.004114 0.042682 26.341527
0.041967 0.060447 -0.997289 -267.711926 -0.004406 0.998170 0.060315 15.173017 0.999109 0.001863 0.042157 26.363037
0.043958 0.056730 -0.997421 -268.966268 -0.001227 0.998389 0.056731 15.216787 0.999033 -0.001270 0.043957 26.373390
0.043110 0.054801 -0.997566 -270.206133 0.001259 0.998491 0.054906 15.266286 0.999070 -0.003623 0.042976 26.415917
0.041537 0.054441 -0.997653 -271.443449 -0.000033 0.998514 0.054487 15.314854 0.999137 -0.002230 0.041477 26.497654
0.042700 0.056428 -0.997493 -272.690847 -0.002822 0.998407 0.056359 15.367330 0.999084 0.000409 0.042791 26.523513
0.041376 0.060220 -0.997327 -273.942475 0.000259 0.998181 0.060282 15.405952 0.999144 -0.002752 0.041286 26.565884
0.040205 0.065058 -0.997071 -275.181543 0.005795 0.997846 0.065342 15.461376 0.999175 -0.008405 0.039742 26.610933
0.042358 0.068963 -0.996720 -276.411760 0.004687 0.997590 0.069222 15.507627 0.999092 -0.007604 0.041932 26.615522
0.044958 0.070060 -0.996529 -277.634739 -0.002539 0.997543 0.070017 15.568923 0.998986 -0.000618 0.045026 26.630706
0.045484 0.066964 -0.996718 -278.862119 -0.008391 0.997741 0.066650 15.636356 0.998930 0.005332 0.045943 26.670017
0.048322 0.062016 -0.996905 -280.100708 -0.010020 0.998051 0.061602 15.690463 0.998782 0.007012 0.048850 26.689164
0.051842 0.058395 -0.996947 -281.334464 -0.009950 0.998270 0.057955 15.754078 0.998606 0.006915 0.052333 26.720300
0.053086 0.057988 -0.996905 -282.574169 -0.007823 0.998306 0.057653 15.806647 0.998559 0.004738 0.053450 26.770084
0.053620 0.058405 -0.996852 -283.806044 -0.005535 0.998290 0.058191 15.857495 0.998546 0.002397 0.053851 26.852037
0.055698 0.059710 -0.996661 -285.039226 -0.004335 0.998215 0.059561 15.912133 0.998438 0.001003 0.055857 26.874904
0.054274 0.059117 -0.996775 -286.260213 -0.002974 0.998251 0.059042 15.956012 0.998522 -0.000240 0.054354 26.950918
0.052613 0.057203 -0.996975 -287.478875 -0.003122 0.998363 0.057118 15.983731 0.998610 0.000107 0.052706 27.037726
0.058439 0.059676 -0.996506 -288.698318 -0.006095 0.998214 0.059421 16.050036 0.998272 0.002601 0.058699 26.991392
0.058278 0.059874 -0.996503 -289.919932 -0.007185 0.998199 0.059556 16.095583 0.998275 0.003689 0.058603 27.048485
0.058688 0.059876 -0.996479 -291.145854 -0.005974 0.998203 0.059628 16.128965 0.998258 0.002454 0.058940 27.099109
0.059755 0.060158 -0.996399 -292.363966 -0.007778 0.998180 0.059799 16.217948 0.998183 0.004177 0.060114 27.176388
0.059377 0.060809 -0.996382 -293.588043 -0.006298 0.998146 0.060541 16.235788 0.998216 0.002680 0.059650 27.242213
0.059654 0.059483 -0.996445 -294.812111 -0.004922 0.998228 0.059295 16.252982 0.998207 0.001367 0.059841 27.264842
0.056232 0.058636 -0.996694 -296.060289 -0.006552 0.998274 0.058360 16.310749 0.998396 0.003249 0.056519 27.378016
0.053150 0.055861 -0.997023 -297.245045 -0.008866 0.998421 0.055467 16.333924 0.998547 0.005892 0.053561 27.503605
0.053241 0.056837 -0.996963 -298.475607 -0.011590 0.998347 0.056297 16.376402 0.998514 0.008557 0.053811 27.537021
0.051206 0.057930 -0.997007 -299.706969 -0.013816 0.998262 0.057293 16.424847 0.998593 0.010841 0.051918 27.606225
0.049041 0.061686 -0.996890 -300.941218 -0.013258 0.998043 0.061105 16.467276 0.998709 0.010220 0.049763 27.657656
0.048753 0.065231 -0.996678 -302.171148 -0.013342 0.997819 0.064653 16.533549 0.998722 0.010146 0.049517 27.700393
0.050012 0.070295 -0.996272 -303.413083 -0.013927 0.997472 0.069680 16.617593 0.998651 0.010390 0.050865 27.712355
0.045597 0.071006 -0.996433 -304.651675 -0.013412 0.997424 0.070463 16.655540 0.998870 0.010152 0.046431 27.840961
0.042734 0.070290 -0.996611 -305.896914 -0.015349 0.997450 0.069691 16.712338 0.998969 0.012319 0.043704 27.917149
0.039131 0.067510 -0.996951 -307.145065 -0.015957 0.997630 0.066930 16.757183 0.999107 0.013290 0.040116 27.978748
0.039507 0.064564 -0.997131 -308.394541 -0.016628 0.997815 0.063949 16.824584 0.999081 0.014054 0.040494 28.001527
0.039173 0.063293 -0.997226 -309.642932 -0.013651 0.997933 0.062802 16.849775 0.999139 0.011153 0.039956 27.991331
0.038262 0.062731 -0.997297 -310.881785 -0.012285 0.997982 0.062303 16.913013 0.999192 0.009868 0.038955 28.027603
0.036411 0.063247 -0.997333 -312.124185 -0.013697 0.997933 0.062785 16.984322 0.999243 0.011375 0.037202 28.063192
0.036274 0.063900 -0.997297 -313.365934 -0.013695 0.997892 0.063440 17.030167 0.999248 0.011357 0.037072 28.090041
0.038540 0.062952 -0.997272 -314.626193 -0.011688 0.997974 0.062544 17.049292 0.999189 0.009246 0.039197 28.116244
0.039724 0.061487 -0.997317 -315.878868 -0.011558 0.998066 0.061073 17.101186 0.999144 0.009101 0.040358 28.134118
0.044666 0.057377 -0.997353 -317.134521 -0.010098 0.998324 0.056981 17.134543 0.998951 0.007526 0.045170 28.110708
0.046879 0.055710 -0.997346 -318.386670 -0.009173 0.998425 0.055339 17.186012 0.998858 0.006554 0.047317 28.108782
0.049162 0.054644 -0.997295 -319.686114 -0.007522 0.998494 0.054339 17.219989 0.998762 0.004830 0.049499 28.146763
