0.999986 -0.002307 -0.004674 0.000000 0.002288 0.999989 -0.004070 0.000000 0.004683 0.004059 0.999981 0.000000
0.999962 -0.000153 -0.008758 0.000000 0.000103 0.999983 -0.005774 0.000000 0.008758 0.005773 0.999945 0.000000
0.999895 -0.001567 -0.014421 -0.012684 0.001456 0.999969 -0.007741 0.025258 0.014432 0.007719 0.999866 2.719080
0.999783 0.000548 -0.020835 -0.016687 -0.000701 0.999973 -0.007327 0.004957 0.020831 0.007340 0.999756 3.578261
0.999665 -0.000011 -0.025873 -0.046264 -0.000201 0.999966 -0.008190 -0.005597 0.025873 0.008192 0.999632 4.438123
0.999538 0.002737 -0.030262 -0.077419 -0.003029 0.999949 -0.009602 -0.004005 0.030234 0.009689 0.999496 5.296955
0.999371 0.005182 -0.035091 -0.124783 -0.005462 0.999954 -0.007876 -0.044636 0.035049 0.008063 0.999353 6.155227
0.999283 0.006800 -0.037252 -0.183747 -0.007006 0.999961 -0.005404 -0.064313 0.037214 0.005661 0.999291 7.012422
0.999007 0.004777 -0.044286 -0.190504 -0.004858 0.999987 -0.001705 -0.088574 0.044277 0.001918 0.999017 7.872360
0.998754 0.004968 -0.049660 -0.200656 -0.004971 0.999988 0.000057 -0.088109 0.049660 0.000190 0.998766 8.732898
0.998665 0.006673 -0.051215 -0.294330 -0.006725 0.999977 -0.000859 -0.085816 0.051208 0.001203 0.998687 9.586907
0.998552 0.006587 -0.053389 -0.354009 -0.006675 0.999977 -0.001484 -0.093063 0.053377 0.001838 0.998573 10.445236
0.998472 0.003367 -0.055161 -0.401899 -0.003508 0.999991 -0.002451 -0.104625 0.055152 0.002641 0.998474 11.304182
0.998152 0.005414 -0.060527 -0.425996 -0.005515 0.999984 -0.001490 -0.118121 0.060518 0.001822 0.998165 12.163331
0.998158 0.004948 -0.060473 -0.490408 -0.005048 0.999986 -0.001505 -0.137784 0.060465 0.001808 0.998169 13.016548
0.998099 0.006725 -0.061258 -0.562582 -0.006905 0.999972 -0.002730 -0.158239 0.061238 0.003148 0.998118 13.876951
0.998060 0.006926 -0.061879 -0.649864 -0.007207 0.999965 -0.004328 -0.182936 0.061847 0.004765 0.998074 14.742937
0.997899 0.010841 -0.063871 -0.703142 -0.011249 0.999918 -0.006043 -0.186328 0.063801 0.006749 0.997940 15.622934
0.997582 0.012580 -0.068358 -0.727650 -0.013041 0.999895 -0.006293 -0.186504 0.068271 0.007169 0.997641 16.514520
0.997618 0.012157 -0.067907 -0.805976 -0.012550 0.999907 -0.005366 -0.205285 0.067835 0.006206 0.997677 17.412636
0.997483 0.013774 -0.069549 -0.861247 -0.014170 0.999886 -0.005211 -0.197874 0.069469 0.006183 0.997565 18.317084
0.997348 0.014159 -0.071391 -0.936314 -0.014592 0.999878 -0.005555 -0.206523 0.071303 0.006582 0.997433 19.226997
0.997323 0.014327 -0.071707 -1.010653 -0.014805 0.999872 -0.006141 -0.221730 0.071610 0.007187 0.997407 20.138946
0.997276 0.012048 -0.072772 -1.073820 -0.012644 0.999890 -0.007736 -0.222648 0.072671 0.008635 0.997319 21.055278
0.997350 0.013575 -0.071474 -1.165139 -0.014030 0.999884 -0.005868 -0.239512 0.071386 0.006856 0.997425 21.979320
0.997488 0.015418 -0.069135 -1.259512 -0.015539 0.999879 -0.001214 -0.278064 0.069108 0.002285 0.997607 22.909900
0.997498 0.015318 -0.069013 -1.318476 -0.015254 0.999883 0.001457 -0.275319 0.069028 -0.000400 0.997615 23.845372
0.997657 0.014207 -0.066923 -1.391818 -0.013857 0.999888 0.005699 -0.311617 0.066996 -0.004758 0.997742 24.785827
0.997760 0.013230 -0.065572 -1.429503 -0.012855 0.999898 0.006147 -0.322472 0.065647 -0.005290 0.997829 25.731896
0.997741 0.013935 -0.065723 -1.473478 -0.013768 0.999901 0.002989 -0.321126 0.065758 -0.002078 0.997833 26.680304
0.997769 0.016613 -0.064663 -1.550681 -0.016796 0.999856 -0.002275 -0.339203 0.064616 0.003356 0.997905 27.630305
0.997659 0.016247 -0.066432 -1.577075 -0.016654 0.999846 -0.005575 -0.340785 0.066331 0.006669 0.997775 28.589976
0.997818 0.013984 -0.064520 -1.654451 -0.014213 0.999894 -0.003087 -0.366919 0.064470 0.003998 0.997912 29.556401
0.997850 0.013260 -0.064177 -1.719700 -0.013163 0.999911 0.001939 -0.382428 0.064197 -0.001090 0.997937 30.531126
0.997808 0.008507 -0.065623 -1.771598 -0.008160 0.999951 0.005549 -0.402859 0.065667 -0.005002 0.997829 31.510369
0.997607 -0.000362 -0.069137 -1.807337 0.000672 0.999990 0.004458 -0.420074 0.069135 -0.004494 0.997597 32.490185
0.997458 -0.002231 -0.071222 -1.866242 0.002206 0.999997 -0.000429 -0.422164 0.071223 0.000271 0.997460 33.468982
0.997470 -0.001671 -0.071071 -1.962847 0.001445 0.999994 -0.003227 -0.444987 0.071076 0.003116 0.997466 34.449802
0.997361 -0.000289 -0.072595 -2.054682 0.000095 0.999996 -0.002679 -0.462137 0.072595 0.002665 0.997358 35.458839
0.997499 0.000633 -0.070684 -2.214509 -0.000703 0.999999 -0.000968 -0.486005 0.070684 0.001015 0.997498 36.506902
0.997249 0.002702 -0.074081 -2.247303 -0.002516 0.999993 0.002600 -0.498095 0.074088 -0.002406 0.997249 37.550951
0.997237 0.003570 -0.074198 -2.344496 -0.003287 0.999987 0.003925 -0.519811 0.074211 -0.003671 0.997236 38.592743
0.997121 0.005856 -0.075603 -2.428830 -0.005330 0.999960 0.007155 -0.545746 0.075642 -0.006731 0.997112 39.624038
0.996932 0.005003 -0.078108 -2.492740 -0.004213 0.999938 0.010284 -0.546615 0.078155 -0.009924 0.996892 40.659946
0.996836 0.010401 -0.078807 -2.565184 -0.009355 0.999863 0.013633 -0.562493 0.078938 -0.012853 0.996797 41.683039
0.996887 0.008821 -0.078346 -2.660908 -0.007842 0.999887 0.012797 -0.551974 0.078450 -0.012143 0.996844 42.703366
0.996995 0.009046 -0.076939 -2.765989 -0.008193 0.999901 0.011403 -0.559342 0.077034 -0.010738 0.996971 43.710391
0.997183 0.011647 -0.074091 -2.900736 -0.010904 0.999886 0.010423 -0.572270 0.074204 -0.009585 0.997197 44.709174
0.997006 0.010666 -0.076589 -2.971053 -0.009962 0.999905 0.009570 -0.571123 0.076684 -0.008778 0.997017 45.710363
0.996707 0.007727 -0.080718 -3.008784 -0.006927 0.999924 0.010194 -0.572651 0.080791 -0.009602 0.996685 46.711347
0.996733 0.008809 -0.080289 -3.097057 -0.007930 0.999905 0.011253 -0.576450 0.080380 -0.010579 0.996708 47.705055
0.996829 0.011632 -0.078722 -3.203627 -0.011017 0.999905 0.008253 -0.585742 0.078811 -0.007360 0.996862 48.688289
0.996909 0.012979 -0.077482 -3.307897 -0.012629 0.999908 0.005014 -0.601956 0.077540 -0.004020 0.996981 49.663135
0.996995 0.015051 -0.075991 -3.429709 -0.014837 0.999884 0.003378 -0.607285 0.076033 -0.002241 0.997103 50.640042
0.997055 0.012596 -0.075651 -3.496990 -0.012122 0.999904 0.006717 -0.624084 0.075728 -0.005780 0.997112 51.621159
0.997175 0.010010 -0.074440 -3.580381 -0.009322 0.999911 0.009581 -0.627153 0.074529 -0.008860 0.997180 52.596743
0.997204 0.008575 -0.074228 -3.661169 -0.007928 0.999928 0.009001 -0.625242 0.074300 -0.008387 0.997201 53.565977
0.997130 0.004355 -0.075586 -3.709143 -0.003829 0.999967 0.007104 -0.627646 0.075615 -0.006795 0.997114 54.530209
0.997203 0.001263 -0.074726 -3.793079 -0.000827 0.999982 0.005861 -0.636002 0.074732 -0.005783 0.997187 55.492369
0.997050 0.000229 -0.076757 -3.854288 0.000345 0.999972 0.007471 -0.650684 0.076756 -0.007476 0.997022 56.451315
0.996935 -0.003821 -0.078143 -3.924753 0.004546 0.999948 0.009104 -0.623342 0.078104 -0.009431 0.996901 57.412682
0.996842 -0.005284 -0.079240 -3.973392 0.006423 0.999880 0.014119 -0.618314 0.079156 -0.014584 0.996756 58.375475
0.996552 -0.005350 -0.082798 -4.026660 0.006657 0.999857 0.015518 -0.615290 0.082703 -0.016016 0.996446 59.328320
0.996380 -0.003167 -0.084947 -4.108658 0.004170 0.999924 0.011629 -0.626615 0.084904 -0.011941 0.996318 60.268318
0.995855 -0.001652 -0.090945 -4.133129 0.001875 0.999995 0.002375 -0.611641 0.090941 -0.002535 0.995853 61.195205
0.995894 0.000735 -0.090526 -4.228639 -0.000975 0.999996 -0.002608 -0.627746 0.090523 0.002686 0.995891 62.107635
0.995910 0.006449 -0.090115 -4.362779 -0.006635 0.999976 -0.001757 -0.642447 0.090102 0.002347 0.995930 63.011430
0.996024 0.009197 -0.088615 -4.487109 -0.009155 0.999958 0.000886 -0.658104 0.088619 -0.000072 0.996066 63.904292
0.995685 0.011355 -0.092098 -4.550866 -0.011352 0.999935 0.000560 -0.658028 0.092098 0.000488 0.995750 64.787956
0.995436 0.010268 -0.094873 -4.593523 -0.010345 0.999946 -0.000318 -0.661863 0.094865 0.001298 0.995489 65.658704
0.994865 0.010171 -0.100695 -4.634588 -0.010131 0.999948 0.000908 -0.679226 0.100699 0.000117 0.994917 66.515629
0.994709 0.013015 -0.101909 -4.729424 -0.013024 0.999915 0.000576 -0.670502 0.101908 0.000754 0.994794 67.356408
0.994472 0.012637 -0.104237 -4.799986 -0.012652 0.999920 0.000522 -0.683404 0.104235 0.000800 0.994552 68.185084
0.994342 0.012570 -0.105478 -4.908448 -0.012491 0.999921 0.001413 -0.692956 0.105487 -0.000088 0.994421 68.997431
0.994025 0.014709 -0.108158 -5.003336 -0.014319 0.999888 0.004387 -0.693198 0.108211 -0.002812 0.994124 69.799393
0.993799 0.016387 -0.109979 -5.083814 -0.015578 0.999845 0.008204 -0.699074 0.110096 -0.006440 0.993900 70.592327
0.993637 0.020909 -0.110671 -5.187343 -0.019798 0.999742 0.011127 -0.707883 0.110875 -0.008865 0.993795 71.364780
0.993415 0.023810 -0.112072 -5.279364 -0.023221 0.999709 0.006552 -0.707420 0.112195 -0.003906 0.993679 72.115803
0.993384 0.021915 -0.112727 -5.368903 -0.022080 0.999756 -0.000212 -0.734829 0.112695 0.002700 0.993626 72.843801
0.993116 0.022775 -0.114903 -5.456624 -0.023581 0.999706 -0.005664 -0.745884 0.114741 0.008334 0.993361 73.554319
0.992922 0.023272 -0.116470 -5.527588 -0.024150 0.999690 -0.006137 -0.764819 0.116291 0.008906 0.993175 74.248738
0.992764 0.027707 -0.116840 -5.622475 -0.028104 0.999603 -0.001750 -0.781667 0.116745 0.005021 0.993149 74.921887
0.992730 0.027803 -0.117107 -5.707165 -0.027815 0.999612 0.001528 -0.799967 0.117104 0.001741 0.993118 75.576012
0.992531 0.026312 -0.119124 -5.761109 -0.026531 0.999648 -0.000255 -0.850752 0.119075 0.003413 0.992879 76.205591
0.992301 0.019180 -0.122356 -5.724579 -0.019999 0.999785 -0.005465 -0.875716 0.122225 0.007870 0.992471 76.818202
0.992148 0.013990 -0.124288 -5.744034 -0.015581 0.999808 -0.011842 -0.882060 0.124099 0.013686 0.992175 77.414610
0.992237 0.016857 -0.123215 -5.760669 -0.018271 0.999779 -0.010357 -0.917961 0.123013 0.012528 0.992326 77.997684
0.993030 0.022938 -0.115609 -5.873193 -0.023893 0.999691 -0.006881 -0.933216 0.115415 0.009595 0.993271 78.558907
0.993569 0.020044 -0.111437 -5.917639 -0.020544 0.999783 -0.003340 -0.962891 0.111346 0.005608 0.993766 79.113359
0.994039 0.015387 -0.107934 -5.952390 -0.015233 0.999881 0.002260 -1.005342 0.107956 -0.000602 0.994155 79.654665
0.994998 0.010788 -0.099313 -6.028940 -0.010351 0.999934 0.004912 -1.008167 0.099360 -0.003860 0.995044 80.181101
0.996032 0.014032 -0.087888 -6.067016 -0.013630 0.999894 0.005169 -1.016946 0.087951 -0.003950 0.996117 80.692252
0.997668 0.019749 -0.065335 -6.250759 -0.019660 0.999805 0.001997 -0.968534 0.065361 -0.000707 0.997861 81.156926
0.998513 0.022948 -0.049446 -6.242660 -0.022878 0.999736 0.001987 -0.956414 0.049479 -0.000852 0.998775 81.644806
0.999338 0.022574 -0.028517 -6.240633 -0.022485 0.999741 0.003446 -0.968748 0.028587 -0.002802 0.999587 82.119277
0.999802 0.019510 -0.003962 -6.218280 -0.019489 0.999797 0.005169 -0.972070 0.004062 -0.005090 0.999979 82.579001
0.999517 0.017903 0.025399 -6.175126 -0.018076 0.999815 0.006598 -0.981562 -0.025277 -0.007054 0.999656 83.031882
0.997906 0.017521 0.062257 -6.184607 -0.018068 0.999803 0.008241 -0.983021 -0.062101 -0.009349 0.998026 83.481955
0.995138 0.017587 0.096908 -6.062922 -0.018352 0.999807 0.007011 -0.964607 -0.096766 -0.008755 0.995269 83.902020
0.990832 0.017970 0.133896 -5.934648 -0.019294 0.999777 0.008600 -0.988161 -0.133712 -0.011105 0.990958 84.320893
0.984197 0.017054 0.176253 -5.794043 -0.019418 0.999743 0.011697 -1.042698 -0.176008 -0.014935 0.984275 84.725580
0.973687 0.018431 0.227144 -5.700517 -0.021446 0.999712 0.010812 -1.054484 -0.226880 -0.015398 0.973801 85.127831
0.959624 0.018858 0.280653 -5.579124 -0.021862 0.999732 0.007575 -1.039398 -0.280435 -0.013405 0.959779 85.526111
0.940568 0.015531 0.339251 -5.458341 -0.019753 0.999764 0.008995 -1.076153 -0.339031 -0.015162 0.940653 85.902446
0.919338 0.014935 0.393185 -5.233286 -0.020066 0.999759 0.008941 -1.092956 -0.392957 -0.016109 0.919416 86.236593
0.889883 0.013096 0.456001 -5.071063 -0.019287 0.999774 0.008925 -1.104416 -0.455781 -0.016737 0.889935 86.598605
0.858223 0.010731 0.513165 -4.841977 -0.018196 0.999789 0.009524 -1.126246 -0.512954 -0.017511 0.858237 86.899225
0.824175 0.008604 0.566269 -4.562369 -0.016692 0.999819 0.009103 -1.122293 -0.566089 -0.016954 0.824170 87.167171
0.787947 0.006168 0.615712 -4.281395 -0.016589 0.999800 0.011213 -1.128679 -0.615519 -0.019050 0.787892 87.413284
0.749066 0.007542 0.662452 -3.969944 -0.020827 0.999709 0.012168 -1.143217 -0.662168 -0.022912 0.749005 87.644507
0.705578 0.008218 0.708585 -3.678750 -0.025303 0.999587 0.013603 -1.175256 -0.708181 -0.027527 0.705494 87.892069
0.662040 0.005181 0.749450 -3.361950 -0.025660 0.999547 0.015756 -1.207793 -0.749029 -0.029662 0.661873 88.092027
0.614818 0.000575 0.788669 -3.051703 -0.023720 0.999561 0.017763 -1.219844 -0.788312 -0.029629 0.614561 88.311707
0.564779 0.001708 0.825241 -2.743433 -0.024430 0.999594 0.014651 -1.216628 -0.824881 -0.028436 0.564591 88.518099
0.521791 0.005475 0.853055 -2.391584 -0.026994 0.999585 0.010096 -1.228139 -0.852646 -0.028296 0.521723 88.661895
0.469869 0.004063 0.882727 -2.096046 -0.023055 0.999705 0.007671 -1.205753 -0.882435 -0.023955 0.469824 88.901520
0.429698 -0.003977 0.902964 -1.734783 -0.019845 0.999707 0.013847 -1.208405 -0.902755 -0.023869 0.429493 89.007439
0.391101 -0.019652 0.920138 -1.356709 -0.015166 0.999499 0.027794 -1.189520 -0.920223 -0.024825 0.390607 89.094444
0.352370 -0.023644 0.935562 -0.995949 -0.015491 0.999397 0.031091 -1.170938 -0.935733 -0.025448 0.351791 89.229330
0.317320 -0.019905 0.948110 -0.630460 -0.013154 0.999591 0.025389 -1.162218 -0.948227 -0.020528 0.316928 89.352221
0.285193 -0.008523 0.958432 -0.260191 -0.012990 0.999834 0.012757 -1.166567 -0.958382 -0.016088 0.285035 89.470047
0.255792 -0.004195 0.966723 0.121166 -0.012309 0.999895 0.007596 -1.181463 -0.966653 -0.013842 0.255714 89.566553
0.229789 -0.003691 0.973233 0.517916 -0.009800 0.999933 0.006106 -1.178101 -0.973191 -0.010941 0.229738 89.643603
0.205860 -0.010210 0.978528 0.923898 -0.006231 0.999912 0.011743 -1.180676 -0.978562 -0.008514 0.205779 89.709832
0.184742 -0.016600 0.982647 1.340769 0.001906 0.999862 0.016532 -1.165948 -0.982785 -0.001181 0.184748 89.786711
0.163050 -0.018034 0.986453 1.763242 0.010453 0.999808 0.016550 -1.140556 -0.986563 0.007613 0.163207 89.860271
0.145410 -0.014984 0.989258 2.208417 0.010525 0.999852 0.013597 -1.134668 -0.989315 0.008435 0.145547 89.928292
0.128137 -0.011859 0.991686 2.671152 0.005008 0.999923 0.011310 -1.141026 -0.991744 0.003518 0.128187 90.000736
0.114519 -0.010707 0.993363 3.144199 0.002302 0.999942 0.010512 -1.131251 -0.993418 0.001083 0.114537 90.047937
0.101178 -0.013662 0.994774 3.629285 0.000210 0.999906 0.013711 -1.139788 -0.994868 -0.001178 0.101172 90.099099
0.088694 -0.017704 0.995902 4.125315 0.000254 0.999842 0.017751 -1.134353 -0.996059 -0.001322 0.088685 90.145662
0.077725 -0.020875 0.996756 4.639696 0.000859 0.999782 0.020872 -1.134593 -0.996974 -0.000766 0.077726 90.173088
0.069919 -0.025170 0.997235 5.170194 0.001356 0.999683 0.025137 -1.135394 -0.997552 -0.000406 0.069931 90.185274
0.066865 -0.028147 0.997365 5.716295 0.002268 0.999604 0.028058 -1.122305 -0.997759 0.000386 0.066903 90.181479
0.059882 -0.030043 0.997753 6.277127 0.003612 0.999547 0.029880 -1.111532 -0.998199 0.001815 0.059963 90.241787
0.052273 -0.030889 0.998155 6.859098 0.004179 0.999520 0.030713 -1.101029 -0.998624 0.002566 0.052377 90.292462
0.047194 -0.032891 0.998344 7.460635 0.004914 0.999453 0.032695 -1.083981 -0.998874 0.003362 0.047330 90.335980
0.043054 -0.034908 0.998463 8.079132 0.004165 0.999387 0.034761 -1.070138 -0.999064 0.002662 0.043173 90.369475
0.041933 -0.037225 0.998427 8.718697 0.004329 0.999303 0.037075 -1.050600 -0.999111 0.002767 0.042065 90.370267
0.039019 -0.041126 0.998392 9.372634 0.004261 0.999150 0.040991 -1.019478 -0.999229 0.002655 0.039161 90.391964
0.039442 -0.047346 0.998100 10.045741 0.005038 0.998874 0.047184 -0.985926 -0.999209 0.003168 0.039636 90.402230
0.042064 -0.051630 0.997780 10.730665 0.005726 0.998660 0.051434 -0.941031 -0.999099 0.003549 0.042303 90.393623
0.044235 -0.053493 0.997588 11.433951 0.006955 0.998558 0.053237 -0.901333 -0.998997 0.004584 0.044544 90.460253
0.047254 -0.054824 0.997377 12.152328 0.007375 0.998485 0.054535 -0.863472 -0.998856 0.004779 0.047587 90.537112
0.051708 -0.055241 0.997133 12.889859 0.007099 0.998464 0.054946 -0.828089 -0.998637 0.004238 0.052020 90.575031
0.054471 -0.056126 0.996937 13.645646 0.005725 0.998420 0.055897 -0.791498 -0.998499 0.002663 0.054706 90.639894
0.059205 -0.054016 0.996783 14.414803 0.004597 0.998539 0.053838 -0.737768 -0.998235 0.001395 0.059367 90.679818
0.063236 -0.052098 0.996638 15.199534 0.003406 0.998642 0.051986 -0.690007 -0.997993 0.000107 0.063327 90.735779
0.065718 -0.050856 0.996541 15.990125 0.002607 0.998706 0.050795 -0.657878 -0.997835 -0.000740 0.065765 90.818511
0.071474 -0.048674 0.996254 16.792906 0.002263 0.998814 0.048637 -0.641160 -0.997440 -0.001222 0.071500 90.849018
0.072686 -0.045621 0.996311 17.590983 0.006426 0.998954 0.045273 -0.602267 -0.997334 0.003111 0.072903 90.951299
0.073604 -0.039962 0.996487 18.392785 0.012178 0.999158 0.039170 -0.544512 -0.997213 0.009252 0.074029 91.056127
0.073378 -0.036981 0.996618 19.203809 0.015594 0.999233 0.035930 -0.510920 -0.997182 0.012904 0.073898 91.137817
0.072705 -0.033224 0.996800 20.020058 0.015093 0.999367 0.032208 -0.480928 -0.997239 0.012703 0.073160 91.209766
0.072071 -0.030384 0.996937 20.837571 0.013529 0.999474 0.029483 -0.452206 -0.997308 0.011362 0.072444 91.273179
0.073048 -0.031329 0.996836 21.654203 0.014084 0.999439 0.030378 -0.420917 -0.997229 0.011820 0.073449 91.329126
0.073482 -0.028134 0.996900 22.471745 0.013260 0.999541 0.027231 -0.418835 -0.997208 0.011217 0.073821 91.384679
0.072465 -0.024746 0.997064 23.283580 0.013088 0.999630 0.023859 -0.415636 -0.997285 0.011320 0.072762 91.480062
0.073570 -0.022667 0.997032 24.093902 0.012322 0.999686 0.021818 -0.419507 -0.997214 0.010681 0.073827 91.558674
0.073374 -0.020048 0.997103 24.905348 0.014930 0.999708 0.019002 -0.393140 -0.997193 0.013493 0.073652 91.595458
0.071829 -0.018748 0.997241 25.717765 0.014699 0.999735 0.017736 -0.377026 -0.997309 0.013384 0.072085 91.635500
0.068491 -0.015919 0.997525 26.526019 0.013674 0.999794 0.015017 -0.373302 -0.997558 0.012611 0.068694 91.711592
0.063822 -0.013087 0.997876 27.338230 0.011158 0.999861 0.012399 -0.368518 -0.997899 0.010343 0.063959 91.761616
0.057163 -0.009689 0.998318 28.149896 0.008311 0.999923 0.009229 -0.372832 -0.998330 0.007769 0.057239 91.810064
0.049863 -0.006901 0.998732 28.957100 0.008341 0.999944 0.006493 -0.384202 -0.998721 0.008007 0.049918 91.843690
0.039943 -0.005874 0.999185 29.758411 0.010297 0.999932 0.005467 -0.378363 -0.999149 0.010071 0.040000 91.888445
0.031757 -0.007344 0.999469 30.560202 0.010318 0.999922 0.007020 -0.383337 -0.999442 0.010089 0.031830 91.900955
0.021886 -0.008597 0.999723 31.358346 0.010405 0.999911 0.008371 -0.382620 -0.999706 0.010219 0.021974 91.890912
0.010417 -0.006779 0.999923 32.151124 0.010216 0.999926 0.006672 -0.379147 -0.999894 0.010146 0.010486 91.896098
-0.001544 -0.008391 0.999964 32.943611 0.010530 0.999909 0.008407 -0.377456 -0.999943 0.010543 -0.001456 91.895339
-0.012198 -0.008718 0.999888 33.730996 0.010800 0.999903 0.008849 -0.380527 -0.999867 0.010907 -0.012102 91.894445
-0.023976 -0.007547 0.999684 34.511013 0.011996 0.999897 0.007837 -0.389187 -0.999641 0.012181 -0.023883 91.873190
-0.036190 -0.006405 0.999324 35.287496 0.012989 0.999892 0.006879 -0.392359 -0.999261 0.013229 -0.036102 91.871790
-0.046148 -0.006118 0.998916 36.055592 0.014358 0.999874 0.006787 -0.391230 -0.998831 0.014656 -0.046055 91.821336
-0.054346 -0.006862 0.998499 36.813229 0.014466 0.999866 0.007658 -0.407525 -0.998417 0.014860 -0.054239 91.742339
-0.068858 -0.009229 0.997584 37.561996 0.015978 0.999819 0.010353 -0.392016 -0.997499 0.016652 -0.068698 91.837450
-0.078663 -0.010683 0.996844 38.307497 0.015945 0.999801 0.011973 -0.404078 -0.996774 0.016837 -0.078477 91.784462
-0.087177 -0.012774 0.996111 39.044020 0.014880 0.999790 0.014123 -0.416991 -0.996082 0.016053 -0.086968 91.708550
-0.095273 -0.015151 0.995336 39.775489 0.014593 0.999755 0.016615 -0.389537 -0.995344 0.016107 -0.095029 91.671258
-0.102212 -0.017335 0.994612 40.496779 0.012458 0.999747 0.018704 -0.385179 -0.994685 0.014303 -0.101970 91.608222
-0.109613 -0.018821 0.993796 41.214381 0.010630 0.999741 0.020106 -0.376259 -0.993917 0.012768 -0.109385 91.579632
-0.112138 -0.021889 0.993452 41.915942 0.007950 0.999706 0.022924 -0.385687 -0.993661 0.010469 -0.111931 91.499142
-0.113721 -0.024902 0.993201 42.603869 0.006683 0.999644 0.025829 -0.369486 -0.993490 0.009575 -0.113514 91.435558
-0.114255 -0.026010 0.993111 43.275730 0.005841 0.999622 0.026852 -0.380748 -0.993434 0.008869 -0.114060 91.346792
-0.112525 -0.027850 0.993259 43.929923 0.006254 0.999567 0.028736 -0.372961 -0.993629 0.009446 -0.112302 91.261025
-0.108365 -0.027973 0.993718 44.565370 0.007627 0.999551 0.028969 -0.359330 -0.994082 0.010719 -0.108103 91.161104
-0.104888 -0.028748 0.994068 45.189035 0.008141 0.999524 0.029765 -0.353999 -0.994451 0.011215 -0.104604 91.132357
-0.102196 -0.027424 0.994386 45.793701 0.010038 0.999541 0.028598 -0.335608 -0.994714 0.012904 -0.101873 91.138678
-0.091255 -0.026443 0.995476 46.376428 0.010279 0.999569 0.027494 -0.328372 -0.995775 0.012742 -0.090943 91.086981
-0.079707 -0.024523 0.996517 46.940644 0.012223 0.999598 0.025576 -0.320953 -0.996743 0.014219 -0.079375 91.073332
-0.062794 -0.024788 0.997719 47.484271 0.014602 0.999562 0.025753 -0.308456 -0.997920 0.016186 -0.062404 91.069315
-0.039559 -0.023361 0.998944 48.019015 0.016915 0.999568 0.024046 -0.317697 -0.999074 0.017848 -0.039147 91.037332
-0.015184 -0.023398 0.999611 48.546484 0.019610 0.999527 0.023694 -0.314941 -0.999692 0.019962 -0.014718 91.010851
0.011071 -0.023191 0.999670 49.067266 0.023115 0.999470 0.022931 -0.289627 -0.999672 0.022854 0.011602 91.062300
0.040107 -0.022825 0.998935 49.579421 0.024641 0.999458 0.021847 -0.248442 -0.998892 0.023738 0.040647 91.171050
0.074796 -0.024925 0.996887 50.089386 0.020603 0.999513 0.023445 -0.275017 -0.996986 0.018785 0.075273 91.279684
0.117060 -0.023737 0.992841 50.597665 0.016225 0.999627 0.021986 -0.272972 -0.992992 0.013535 0.117401 91.356700
0.167372 -0.021309 0.985664 51.108652 0.009927 0.999752 0.019928 -0.300221 -0.985844 0.006449 0.167542 91.406635
0.216355 -0.017617 0.976156 51.610354 0.006255 0.999842 0.016658 -0.291935 -0.976295 0.002501 0.216431 91.529071
0.265135 -0.014477 0.964103 52.071498 0.002880 0.999895 0.014222 -0.287325 -0.964207 -0.000994 0.265149 91.715323
0.317491 -0.012973 0.948173 52.522190 0.002604 0.999915 0.012808 -0.284997 -0.948258 -0.001597 0.317497 91.930014
0.371787 -0.016449 0.928172 52.952021 0.004969 0.999864 0.015729 -0.304980 -0.928305 -0.001236 0.371818 92.172806
0.434603 -0.017779 0.900447 53.370009 0.008570 0.999842 0.015605 -0.317914 -0.900582 0.000934 0.434686 92.378055
0.493463 -0.021620 0.869498 53.763198 0.013599 0.999761 0.017141 -0.328160 -0.869660 0.003365 0.493639 92.653377
0.552007 -0.019561 0.833610 54.105505 0.015769 0.999791 0.013018 -0.317729 -0.833690 0.005959 0.552200 92.954187
0.609800 -0.017770 0.792356 54.463296 0.017631 0.999805 0.008853 -0.295957 -0.792359 0.008572 0.609995 93.269618
0.662635 -0.020283 0.748668 54.787809 0.019118 0.999766 0.010164 -0.314273 -0.748699 0.007578 0.662867 93.617627
0.714687 -0.022390 0.699086 55.101395 0.020755 0.999726 0.010800 -0.302086 -0.699136 0.006791 0.714956 93.943477
0.762219 -0.021709 0.646955 55.405078 0.016932 0.999764 0.013599 -0.289059 -0.647098 0.000588 0.762407 94.311697
0.803426 -0.024103 0.594916 55.653249 0.013966 0.999668 0.021640 -0.297716 -0.595240 -0.009077 0.803496 94.720094
0.840858 -0.022884 0.540772 55.868487 0.010557 0.999609 0.025886 -0.278451 -0.541153 -0.016057 0.840771 95.122899
0.872076 -0.022485 0.488854 56.061509 0.007738 0.999453 0.032167 -0.266698 -0.489310 -0.024269 0.871772 95.563573
0.899304 -0.018572 0.436929 56.273847 0.003894 0.999398 0.034467 -0.251893 -0.437306 -0.029295 0.898835 95.996326
0.920230 -0.014805 0.391099 56.429320 0.000065 0.999290 0.037674 -0.265761 -0.391379 -0.034643 0.919577 96.439707
0.936242 -0.006556 0.351295 56.556774 -0.007074 0.999272 0.037501 -0.263939 -0.351285 -0.037595 0.935514 96.913731
0.947900 -0.000252 0.318569 56.648949 -0.011331 0.999340 0.034506 -0.263032 -0.318367 -0.036318 0.947271 97.384127
0.958031 0.000894 0.286662 56.795059 -0.011004 0.999373 0.033658 -0.242265 -0.286452 -0.035400 0.957440 97.853093
0.964002 -0.003847 0.265867 56.918797 -0.005631 0.999376 0.034880 -0.241392 -0.265835 -0.035122 0.963379 98.329738
0.968758 -0.008285 0.247868 57.058691 -0.000321 0.999399 0.034661 -0.205174 -0.248006 -0.033657 0.968174 98.804296
0.971943 -0.002222 0.235206 57.166125 -0.005728 0.999435 0.033113 -0.194499 -0.235146 -0.033531 0.971381 99.300001
0.974090 0.005131 0.226104 57.283885 -0.012384 0.999453 0.030669 -0.175425 -0.225823 -0.032675 0.973620 99.804305
0.975236 0.012686 0.220802 57.374645 -0.019148 0.999448 0.027151 -0.153112 -0.220336 -0.030706 0.974941 100.321609
0.975888 0.017254 0.217589 57.493694 -0.022615 0.999498 0.022171 -0.143515 -0.217097 -0.026557 0.975789 100.844186
0.976228 0.016554 0.216111 57.623653 -0.021601 0.999546 0.021012 -0.144816 -0.215665 -0.025181 0.976143 101.374335
0.975749 0.013560 0.218473 57.759486 -0.017817 0.999688 0.017528 -0.122965 -0.218167 -0.020995 0.975686 101.913589
0.974647 0.011322 0.223462 57.878301 -0.014362 0.999825 0.011982 -0.108495 -0.223287 -0.014888 0.974639 102.465368
0.973327 0.011614 0.229127 58.006329 -0.014013 0.999863 0.008844 -0.123337 -0.228993 -0.011819 0.973356 103.027347
0.972232 0.015582 0.233499 58.165068 -0.018054 0.999801 0.008453 -0.114889 -0.233321 -0.012434 0.972320 103.603503
0.970377 0.019519 0.240805 58.268518 -0.022842 0.999678 0.011017 -0.108142 -0.240512 -0.016191 0.970511 104.203480
0.969260 0.017362 0.245424 58.425777 -0.021964 0.999630 0.016028 -0.097085 -0.245055 -0.020926 0.969283 104.806631
0.968650 0.012686 0.248107 58.588461 -0.018529 0.999603 0.021232 -0.077635 -0.247739 -0.025164 0.968500 105.418597
0.967441 0.011096 0.252855 58.728457 -0.018371 0.999482 0.026428 -0.067477 -0.252431 -0.030213 0.967143 106.049899
0.966771 0.006059 0.255573 58.937195 -0.013903 0.999486 0.028899 -0.064701 -0.255267 -0.031492 0.966358 106.668435
0.966457 0.003802 0.256799 59.096737 -0.010903 0.999596 0.026234 -0.055969 -0.256596 -0.028154 0.966109 107.310703
0.966485 0.000725 0.256723 59.286898 -0.006140 0.999775 0.020293 -0.053736 -0.256651 -0.021190 0.966272 107.949053
0.966443 0.001841 0.256876 59.455561 -0.005771 0.999878 0.014544 -0.057307 -0.256818 -0.015538 0.966335 108.606527
0.967204 0.002626 0.253985 59.625399 -0.005341 0.999936 0.009999 -0.037895 -0.253943 -0.011027 0.967156 109.278058
0.967938 0.004060 0.251158 59.795676 -0.007939 0.999864 0.014436 -0.045386 -0.251065 -0.015967 0.967838 109.970994
0.968344 0.000447 0.249621 59.983707 -0.006387 0.999715 0.022986 -0.043970 -0.249539 -0.023852 0.968071 110.676181
0.968627 0.003035 0.248501 60.127780 -0.010439 0.999540 0.028484 -0.041621 -0.248300 -0.030184 0.968213 111.401590
0.969096 0.007697 0.246565 60.308328 -0.014908 0.999514 0.027392 -0.033035 -0.246234 -0.030222 0.968739 112.122564
0.969670 0.012547 0.244094 60.501765 -0.018268 0.999609 0.021191 -0.016530 -0.243733 -0.025007 0.969520 112.846019
0.970846 0.011696 0.239419 60.721759 -0.016084 0.999736 0.016385 -0.010349 -0.239164 -0.019758 0.970778 113.574775
0.971738 0.010087 0.235846 60.896670 -0.013821 0.999804 0.014185 -0.007878 -0.235657 -0.017044 0.971687 114.328514
0.972680 0.008362 0.231999 61.094077 -0.012083 0.999820 0.014624 0.017029 -0.231835 -0.017028 0.972606 115.092487
0.973378 0.005897 0.229132 61.256271 -0.010019 0.999808 0.016832 0.023287 -0.228988 -0.018679 0.973250 115.873811
0.973377 0.006164 0.229126 61.404485 -0.010779 0.999763 0.018896 0.044945 -0.228955 -0.020862 0.973213 116.671709
0.973431 0.004100 0.228946 61.585231 -0.009329 0.999720 0.021764 0.048231 -0.228792 -0.023321 0.973196 117.482398
0.973616 -0.000871 0.228190 61.782617 -0.004413 0.999734 0.022643 0.072878 -0.228149 -0.023052 0.973353 118.289493
0.973380 -0.000543 0.229197 61.928389 -0.004758 0.999734 0.022572 0.102377 -0.229148 -0.023062 0.973118 119.116626
0.972842 0.007168 0.231359 62.084399 -0.011886 0.999749 0.019007 0.107493 -0.231164 -0.021241 0.972683 119.941102
0.972438 0.012971 0.232799 62.266693 -0.016478 0.999778 0.013128 0.125531 -0.232577 -0.016602 0.972436 120.764908
0.971887 0.022144 0.234405 62.444456 -0.024731 0.999661 0.008103 0.142109 -0.234146 -0.013673 0.972105 121.595102
0.970442 0.029191 0.239563 62.588036 -0.031546 0.999484 0.005997 0.164165 -0.239264 -0.013377 0.970862 122.439106
0.969364 0.030431 0.243737 62.776073 -0.033149 0.999426 0.007058 0.168303 -0.243382 -0.014921 0.969816 123.279846
0.968694 0.030807 0.246340 62.989741 -0.033253 0.999430 0.005773 0.158962 -0.246022 -0.013784 0.969166 124.114467
0.968512 0.027885 0.247399 63.230201 -0.029487 0.999561 0.002772 0.164325 -0.247213 -0.009980 0.968910 124.944213
0.969025 0.019698 0.246176 63.500091 -0.022071 0.999733 0.006883 0.154925 -0.245975 -0.012103 0.969201 125.781772
0.969216 0.011532 0.245940 63.756065 -0.013571 0.999886 0.006595 0.154063 -0.245836 -0.009729 0.969263 126.616684
0.969114 0.008869 0.246453 64.009313 -0.010770 0.999922 0.006370 0.153700 -0.246377 -0.008827 0.969134 127.450540
0.968917 0.012778 0.247058 64.233905 -0.014979 0.999863 0.007029 0.168543 -0.246934 -0.010511 0.968975 128.295246
0.968972 0.016241 0.246638 64.499211 -0.019480 0.999753 0.010698 0.185015 -0.246403 -0.015171 0.969049 129.128852
0.968865 0.018971 0.246862 64.719757 -0.022867 0.999655 0.012925 0.197057 -0.246532 -0.018168 0.968964 129.970017
0.968865 0.014827 0.247144 64.947721 -0.017238 0.999823 0.007594 0.198295 -0.246987 -0.011618 0.968949 130.785939
0.969094 0.007347 0.246584 65.162711 -0.006355 0.999968 -0.004816 0.188990 -0.246612 0.003100 0.969109 131.594917
0.969322 0.003659 0.245768 65.396633 -0.000271 0.999905 -0.013817 0.189043 -0.245795 0.013326 0.969230 132.400497
0.969788 0.001819 0.243942 65.619054 -0.000412 0.999983 -0.005820 0.186767 -0.243948 0.005544 0.969772 133.224532
0.970250 -0.000117 0.242104 65.835450 -0.003454 0.999891 0.014325 0.179850 -0.242079 -0.014735 0.970145 134.067088
0.971003 -0.001129 0.239063 66.092256 -0.005917 0.999569 0.028754 0.172395 -0.238993 -0.029334 0.970578 134.889553
0.971235 0.003825 0.238092 66.300058 -0.009451 0.999702 0.022495 0.157026 -0.237935 -0.024098 0.970982 135.696090
0.971124 0.010483 0.238347 66.448663 -0.012307 0.999905 0.006165 0.160025 -0.238259 -0.008920 0.971161 136.502210
0.971159 0.009664 0.238237 66.611241 -0.009523 0.999953 -0.001741 0.162514 -0.238242 -0.000578 0.971206 137.309568
0.971483 0.005627 0.237043 66.809750 -0.005479 0.999984 -0.001281 0.147611 -0.237046 -0.000054 0.971498 138.115393
0.972451 0.005980 0.233029 67.032805 -0.006544 0.999977 0.001646 0.114629 -0.233014 -0.003126 0.972468 138.917082
0.973395 0.004665 0.229085 67.239352 -0.004933 0.999988 0.000597 0.101885 -0.229079 -0.001711 0.973406 139.712689
0.974920 0.003849 0.222521 67.461694 -0.003462 0.999992 -0.002133 0.107863 -0.222527 0.001309 0.974926 140.499433
0.975786 0.008694 0.218555 67.628502 -0.008236 0.999962 -0.003009 0.084112 -0.218573 0.001136 0.975820 141.314501
0.976186 0.013423 0.216520 67.789127 -0.012579 0.999907 -0.005276 0.082078 -0.216571 0.002427 0.976264 142.100822
0.976636 0.016427 0.214270 67.953567 -0.015738 0.999864 -0.004921 0.071814 -0.214321 0.001434 0.976762 142.904379
0.977051 0.015100 0.212471 68.119849 -0.015279 0.999883 -0.000800 0.069038 -0.212458 -0.002465 0.977167 143.707141
0.977142 0.015546 0.212020 68.266321 -0.015450 0.999878 -0.002108 0.074121 -0.212027 -0.001216 0.977263 144.507592
0.977587 0.015208 0.209981 68.425195 -0.014711 0.999884 -0.003927 0.041965 -0.210017 0.000750 0.977697 145.301441
0.978812 0.007761 0.204613 68.591999 -0.006573 0.999957 -0.006487 0.026696 -0.204655 0.005004 0.978821 146.086609
0.980102 0.003305 0.198467 68.746696 -0.001811 0.999969 -0.007711 0.012806 -0.198487 0.007198 0.980077 146.882281
0.980893 0.001840 0.194537 68.878599 -0.001357 0.999996 -0.002612 0.007502 -0.194541 0.002298 0.980892 147.687608
0.981828 0.002693 0.189752 69.007882 -0.003965 0.999972 0.006326 -0.021590 -0.189729 -0.006963 0.981812 148.495407
0.982666 0.000313 0.185385 69.155017 -0.003409 0.999860 0.016382 -0.026331 -0.185354 -0.016730 0.982529 149.299525
0.984002 0.006832 0.178025 69.363161 -0.010111 0.999795 0.017517 -0.023105 -0.177869 -0.019037 0.983870 150.083678
0.984508 0.009783 0.175066 69.484517 -0.012027 0.999859 0.011760 -0.024034 -0.174926 -0.013683 0.984486 150.876440
0.985807 0.009108 0.167635 69.637911 -0.009580 0.999952 0.002006 -0.032569 -0.167608 -0.003584 0.985847 151.659038
0.986742 0.004189 0.162244 69.735073 -0.003725 0.999988 -0.003164 -0.018701 -0.162255 0.002518 0.986746 152.458599
0.988165 0.003540 0.153355 69.900038 -0.003216 0.999992 -0.002366 -0.022101 -0.153362 0.001844 0.988168 153.257658
0.989311 0.010879 0.145416 70.007469 -0.010883 0.999940 -0.000767 -0.022236 -0.145416 -0.000824 0.989370 154.072861
0.990418 0.016151 0.137152 70.106022 -0.015945 0.999869 -0.002605 -0.040023 -0.137176 0.000393 0.990547 154.884630
0.991463 0.018682 0.129041 70.163557 -0.017704 0.999805 -0.008719 -0.057898 -0.129179 0.006360 0.991601 155.695068
0.992697 0.015658 0.119613 70.280229 -0.014451 0.999836 -0.010948 -0.081913 -0.119765 0.009139 0.992760 156.502326
0.993593 0.014954 0.112026 70.374960 -0.014175 0.999870 -0.007744 -0.108188 -0.112127 0.006107 0.993675 157.319297
0.994168 0.017902 0.106350 70.432627 -0.017920 0.999839 -0.000787 -0.122540 -0.106347 -0.001123 0.994328 158.145599
0.994929 0.021096 0.098340 70.504513 -0.021523 0.999763 0.003289 -0.110492 -0.098247 -0.005389 0.995147 158.973351
0.995739 0.020160 0.089981 70.589994 -0.020721 0.999771 0.005305 -0.103715 -0.089854 -0.007147 0.995929 159.794195
0.996298 0.021849 0.083140 70.686960 -0.022409 0.999732 0.005811 -0.103511 -0.082991 -0.007653 0.996521 160.612356
0.996625 0.021358 0.079267 70.728539 -0.021769 0.999754 0.004322 -0.115930 -0.079155 -0.006033 0.996844 161.435189
0.996808 0.026069 0.075461 70.773973 -0.026019 0.999660 -0.001644 -0.133549 -0.075478 -0.000325 0.997147 162.254178
0.996578 0.032705 0.075908 70.760357 -0.032141 0.999446 -0.008639 -0.140543 -0.076148 0.006170 0.997077 163.072913
0.996642 0.035396 0.073840 70.810876 -0.034720 0.999343 -0.010431 -0.161256 -0.074161 0.007833 0.997216 163.888797
0.997047 0.036277 0.067686 70.887433 -0.035972 0.999336 -0.005713 -0.169055 -0.067849 0.003261 0.997690 164.720639
0.997053 0.038730 0.066222 70.916745 -0.039165 0.999219 0.005273 -0.183791 -0.065966 -0.007851 0.997791 165.560346
0.997269 0.039929 0.062124 70.962891 -0.040769 0.999093 0.012323 -0.193678 -0.061575 -0.014822 0.997992 166.395171
0.997660 0.036782 0.057628 71.018382 -0.037385 0.999257 0.009405 -0.203677 -0.057239 -0.011537 0.998294 167.217161
0.998349 0.024934 0.051739 71.099083 -0.024917 0.999689 -0.000970 -0.205312 -0.051747 -0.000321 0.998660 168.028703
0.998620 0.023669 0.046871 71.098008 -0.023435 0.999710 -0.005538 -0.203464 -0.046988 0.004432 0.998886 168.847132
0.999001 0.026050 0.036318 71.167122 -0.025927 0.999656 -0.003871 -0.227320 -0.036407 0.002926 0.999333 169.671885
0.999195 0.027426 0.029262 71.175139 -0.027505 0.999619 0.002306 -0.237865 -0.029187 -0.003109 0.999569 170.506640
0.999481 0.023447 0.022077 71.185500 -0.023545 0.999714 0.004179 -0.231578 -0.021972 -0.004697 0.999748 171.343037
0.999828 0.011594 0.014501 71.242161 -0.011720 0.999894 0.008689 -0.239932 -0.014399 -0.008857 0.999857 172.182161
0.999955 0.004768 0.008201 71.262956 -0.004843 0.999946 0.009148 -0.254793 -0.008157 -0.009187 0.999925 173.024923
0.999999 0.000900 -0.000728 71.337984 -0.000898 0.999997 0.002262 -0.270266 0.000730 -0.002261 0.999997 173.858268
0.999963 -0.006430 -0.005780 71.314011 0.006389 0.999954 -0.007100 -0.290638 0.005826 0.007063 0.999958 174.686895
0.999774 -0.017839 -0.011543 71.286749 0.017692 0.999763 -0.012683 -0.287676 0.011766 0.012476 0.999853 175.518964
0.999745 -0.015058 -0.016851 71.265580 0.014972 0.999874 -0.005198 -0.300823 0.016927 0.004945 0.999844 176.371514
0.999745 -0.003154 -0.022369 71.227236 0.003329 0.999964 0.007786 -0.309358 0.022344 -0.007859 0.999719 177.231303
0.999628 0.001308 -0.027243 71.199431 -0.000863 0.999866 0.016335 -0.319068 0.027261 -0.016306 0.999495 178.086973
0.999431 -0.001117 -0.033721 71.205100 0.001530 0.999924 0.012236 -0.309592 0.033705 -0.012280 0.999356 178.932118
0.999277 0.000569 -0.038016 71.207719 -0.000566 1.000000 0.000074 -0.298534 0.038016 -0.000052 0.999277 179.770433
0.999149 0.014672 -0.038552 71.137040 -0.015033 0.999846 -0.009071 -0.297853 0.038413 0.009642 0.999215 180.606965
0.999175 0.013411 -0.038334 71.082813 -0.013898 0.999826 -0.012456 -0.308089 0.038160 0.012978 0.999187 181.452875
0.999103 0.008499 -0.041479 71.049878 -0.008826 0.999931 -0.007711 -0.327016 0.041410 0.008070 0.999110 182.310607
0.999043 0.008737 -0.042853 71.030988 -0.008716 0.999962 0.000691 -0.329637 0.042857 -0.000317 0.999081 183.173496
0.998990 0.010919 -0.043594 70.987011 -0.010698 0.999929 0.005306 -0.333361 0.043649 -0.004834 0.999035 184.037047
0.998816 0.009883 -0.047635 70.978876 -0.009753 0.999948 0.002962 -0.322017 0.047662 -0.002494 0.998860 184.893613
0.998771 0.008727 -0.048789 70.937367 -0.009041 0.999940 -0.006218 -0.338500 0.048732 0.006651 0.998790 185.742533
0.998716 -0.000819 -0.050645 70.911145 -0.000100 0.999835 -0.018140 -0.348640 0.050652 0.018122 0.998552 186.587831
0.998377 -0.010724 -0.055933 70.937881 0.009575 0.999739 -0.020764 -0.392857 0.056141 0.020195 0.998219 187.435449
0.998495 -0.007695 -0.054297 70.871690 0.006881 0.999861 -0.015156 -0.422952 0.054406 0.014760 0.998410 188.294649
0.998467 -0.004068 -0.055199 70.821773 0.003862 0.999985 -0.003825 -0.440335 0.055214 0.003606 0.998468 189.157392
0.998262 -0.003178 -0.058838 70.812037 0.003186 0.999995 0.000031 -0.471954 0.058838 -0.000219 0.998268 190.007607
0.998283 -0.003083 -0.058491 70.750537 0.002844 0.999987 -0.004162 -0.488624 0.058503 0.003988 0.998279 190.845243
0.998282 -0.002423 -0.058548 70.730933 0.001812 0.999943 -0.010480 -0.507728 0.058570 0.010356 0.998230 191.682382
0.998288 0.002805 -0.058426 70.664455 -0.003469 0.999930 -0.011275 -0.512792 0.058391 0.011459 0.998228 192.520826
0.998253 0.004937 -0.058886 70.609692 -0.005471 0.999945 -0.008906 -0.522667 0.058839 0.009213 0.998225 193.362297
0.998216 0.007422 -0.059236 70.572107 -0.007695 0.999961 -0.004384 -0.548101 0.059201 0.004832 0.998234 194.200872
0.998154 0.013826 -0.059131 70.501564 -0.013883 0.999903 -0.000559 -0.566281 0.059118 0.001379 0.998250 195.034970
0.998020 0.016981 -0.060569 70.444754 -0.017022 0.999855 -0.000167 -0.584806 0.060557 0.001198 0.998164 195.867054
0.997935 0.016958 -0.061949 70.380285 -0.017174 0.999848 -0.002948 -0.605364 0.061890 0.004006 0.998075 196.690026
0.997809 0.021292 -0.062633 70.316519 -0.021821 0.999732 -0.007777 -0.617968 0.062451 0.009127 0.998006 197.502638
0.997682 0.019890 -0.065080 70.270820 -0.020354 0.999772 -0.006478 -0.643445 0.064936 0.007788 0.997859 198.316865
0.997598 0.021569 -0.065821 70.214759 -0.021461 0.999767 0.002347 -0.638837 0.065856 -0.000928 0.997829 199.022018
0.997522 0.017826 -0.068054 70.174755 -0.017088 0.999789 0.011413 -0.649839 0.068244 -0.010222 0.997616 199.729098
0.997370 0.011422 -0.071568 70.151644 -0.010591 0.999872 0.011974 -0.656430 0.071696 -0.011185 0.997364 200.436585
0.997221 0.009075 -0.073942 70.114349 -0.008713 0.999948 0.005218 -0.660696 0.073986 -0.004560 0.997249 201.143584
