0.999857 0.000678 0.016911 0.000000 -0.000658 0.999999 -0.001203 0.000000 -0.016912 0.001191 0.999856 0.000000
0.999338 0.002631 0.036275 0.000000 -0.002594 0.999996 -0.001066 0.000000 -0.036277 0.000972 0.999341 0.000000
0.998128 0.003758 0.061049 -0.068595 -0.003798 0.999993 0.000536 -0.003618 -0.061046 -0.000767 0.998135 1.268282
0.995547 0.002904 0.094221 -0.038307 -0.003117 0.999993 0.002121 0.017291 -0.094214 -0.002405 0.995549 1.443176
0.991400 -0.000140 0.130870 0.006882 -0.000551 0.999986 0.005247 0.004953 -0.130868 -0.005274 0.991386 1.630606
0.985303 -0.002268 0.170799 0.044491 0.001240 0.999980 0.006128 0.015316 -0.170810 -0.005826 0.985287 1.835120
0.976817 -0.002649 0.214059 0.129412 0.001040 0.999970 0.007627 0.006593 -0.214073 -0.007228 0.976791 2.037906
0.965215 -0.002048 0.261448 0.215318 -0.000782 0.999942 0.010717 0.008291 -0.261455 -0.010549 0.965158 2.255736
0.951461 -0.005350 0.307724 0.323489 -0.000286 0.999833 0.018267 0.014257 -0.307770 -0.017468 0.951300 2.479559
0.935376 -0.013113 0.353413 0.495533 0.003254 0.999589 0.028476 0.005531 -0.353641 -0.025486 0.935034 2.681301
0.915008 -0.018662 0.403003 0.639418 0.005484 0.999413 0.033828 0.017851 -0.403397 -0.028743 0.914573 2.909900
0.888965 -0.019565 0.457557 0.688390 0.003382 0.999340 0.036160 -0.008425 -0.457963 -0.030598 0.888445 2.636613
0.863149 -0.021943 0.504473 0.980159 0.001821 0.999184 0.040345 -0.017862 -0.504946 -0.033906 0.862485 2.597399
0.832025 -0.028213 0.554020 1.189606 0.003107 0.998927 0.046204 -0.028326 -0.554729 -0.036722 0.831220 2.819983
0.798149 -0.037236 0.601309 1.419508 0.007853 0.998646 0.051418 0.016415 -0.602410 -0.036317 0.797361 3.034933
0.761387 -0.042922 0.646875 1.633256 0.009759 0.998452 0.054764 0.058649 -0.648224 -0.035384 0.760627 3.286466
0.723905 -0.050185 0.688072 1.916159 0.013423 0.998186 0.058682 0.082576 -0.689769 -0.033244 0.723266 3.485354
0.683667 -0.053478 0.727832 2.217189 0.012829 0.998038 0.061282 0.029581 -0.729681 -0.032559 0.683012 3.687441
0.642631 -0.054073 0.764266 2.546297 0.010499 0.998034 0.061784 0.055745 -0.766104 -0.031681 0.641935 3.882227
0.603401 -0.057487 0.795363 2.887909 0.011799 0.997933 0.063177 0.094065 -0.797350 -0.028736 0.602832 4.096692
0.563420 -0.061495 0.823879 3.231043 0.014306 0.997803 0.064694 0.155088 -0.826047 -0.024664 0.563061 4.343110
0.526863 -0.062923 0.847618 3.641448 0.011237 0.997684 0.067079 0.146979 -0.849876 -0.025816 0.526350 4.524984
0.478060 -0.064875 0.875928 3.816815 0.012796 0.997677 0.066908 0.186949 -0.878234 -0.020778 0.477780 4.962611
0.441093 -0.067441 0.894924 4.244809 0.015520 0.997597 0.067529 0.217924 -0.897327 -0.015898 0.441080 5.208584
0.406799 -0.071865 0.910686 4.688704 0.019960 0.997362 0.069789 0.242390 -0.913300 -0.010213 0.407160 5.472872
0.378184 -0.076510 0.922563 5.189152 0.024691 0.997058 0.072566 0.269722 -0.925401 -0.004664 0.378960 5.680612
0.354051 -0.079188 0.931868 5.717315 0.030053 0.996858 0.073293 0.341032 -0.934743 0.002056 0.355318 5.880699
0.334731 -0.080888 0.938836 6.270586 0.031646 0.996712 0.074592 0.376821 -0.941782 0.004742 0.336190 6.094132
0.321025 -0.082749 0.943449 6.856005 0.031994 0.996555 0.076520 0.414987 -0.946530 0.005620 0.322566 6.302236
0.310912 -0.084520 0.946673 7.470091 0.031930 0.996405 0.078474 0.467078 -0.949902 0.005829 0.312493 6.497484
0.298615 -0.083221 0.950738 8.093354 0.027698 0.996527 0.078530 0.485085 -0.953972 0.002884 0.299883 6.746430
0.291458 -0.082948 0.952980 8.774322 0.024618 0.996554 0.079212 0.517566 -0.956267 0.000374 0.292496 6.889831
0.283940 -0.081496 0.955372 9.473491 0.022220 0.996673 0.078416 0.554345 -0.958584 -0.001036 0.284806 7.040721
0.274955 -0.080454 0.958085 10.184835 0.019568 0.996755 0.078086 0.599641 -0.961258 -0.002722 0.275637 7.234620
0.263057 -0.079819 0.961473 10.895935 0.018640 0.996806 0.077653 0.654916 -0.964600 -0.002505 0.263704 7.488358
0.252328 -0.081162 0.964232 11.638904 0.017442 0.996696 0.079331 0.698857 -0.967484 -0.003199 0.252910 7.700195
0.244347 -0.080740 0.966321 12.415822 0.014529 0.996720 0.079606 0.750033 -0.969579 -0.005412 0.244719 7.844476
0.233822 -0.080492 0.968942 13.189778 0.010495 0.996718 0.080267 0.797117 -0.972223 -0.008599 0.233899 8.039366
0.219083 -0.080447 0.972384 13.965091 0.007706 0.996707 0.080723 0.871301 -0.975676 -0.010192 0.218981 8.244478
0.206932 -0.081606 0.974946 14.755329 0.003989 0.996577 0.082570 0.895612 -0.978347 -0.013197 0.206550 8.419231
0.194813 -0.080495 0.977532 15.551542 0.002802 0.996668 0.081512 0.931324 -0.980836 -0.013140 0.194390 8.564672
0.183961 -0.080915 0.979597 16.354908 0.003737 0.996656 0.081622 0.988588 -0.982926 -0.011354 0.183648 8.697114
0.169832 -0.081365 0.982108 17.165036 0.005888 0.996652 0.081552 1.041945 -0.985455 -0.008067 0.169742 8.812892
0.149102 -0.079399 0.985629 17.972133 0.008346 0.996837 0.079039 1.112781 -0.988787 -0.003559 0.149293 8.955399
0.124992 -0.077151 0.989154 18.793596 0.008908 0.997019 0.076639 1.156539 -0.992118 -0.000768 0.125307 9.048862
0.096551 -0.074977 0.992500 19.618244 0.007329 0.997185 0.074618 1.192998 -0.995301 0.000070 0.096829 9.126726
0.063073 -0.073321 0.995312 20.446049 0.009358 0.997297 0.072874 1.267272 -0.997965 0.004717 0.063588 9.212559
0.028699 -0.073015 0.996918 21.281427 0.010168 0.997298 0.072751 1.311012 -0.999536 0.008049 0.029364 9.246426
-0.003635 -0.073169 0.997313 22.119024 0.010958 0.997257 0.073205 1.354266 -0.999933 0.011194 -0.002823 9.255096
-0.034007 -0.073627 0.996706 22.958812 0.012453 0.997174 0.074086 1.383816 -0.999344 0.014932 -0.032994 9.219401
-0.067432 -0.071099 0.995187 23.798572 0.015614 0.997260 0.072305 1.431536 -0.997602 0.020415 -0.066137 9.193273
-0.098893 -0.074918 0.992274 24.633764 0.019672 0.996820 0.077222 1.485719 -0.994904 0.027157 -0.097105 9.095580
-0.130873 -0.080239 0.988147 25.469060 0.022192 0.996233 0.083834 1.520400 -0.991151 0.032900 -0.128600 8.977979
-0.161921 -0.084364 0.983191 26.299804 0.026838 0.995594 0.089848 1.579308 -0.986439 0.040935 -0.158943 8.858065
-0.190971 -0.087086 0.977725 27.128615 0.029713 0.995087 0.094436 1.637244 -0.981146 0.047086 -0.187445 8.706546
-0.220374 -0.093478 0.970926 27.956206 0.031584 0.994191 0.102887 1.696435 -0.974904 0.053339 -0.216142 8.514791
-0.245692 -0.099394 0.964239 28.771993 0.038872 0.992919 0.112255 1.750438 -0.968568 0.065062 -0.240089 8.302870
-0.271275 -0.102338 0.957046 29.569162 0.051361 0.991376 0.120567 1.810744 -0.961130 0.081862 -0.263680 8.059899
-0.295251 -0.100789 0.950089 30.362448 0.067119 0.989775 0.125857 1.881260 -0.953059 0.100928 -0.285467 7.825887
-0.321109 -0.097250 0.942036 31.153118 0.082343 0.988080 0.130071 1.970242 -0.943456 0.119337 -0.309273 7.603659
-0.345015 -0.096783 0.933594 31.920912 0.091281 0.986495 0.136000 2.066276 -0.934148 0.132142 -0.331521 7.295263
-0.369952 -0.095065 0.924174 32.711267 0.094239 0.985780 0.139126 2.168049 -0.924259 0.138563 -0.355733 7.050283
-0.391761 -0.094745 0.915176 33.459261 0.092995 0.985512 0.141835 2.286265 -0.915355 0.140672 -0.377275 6.699987
-0.411557 -0.094464 0.906475 34.217212 0.086801 0.986030 0.142164 2.398926 -0.907241 0.137191 -0.397608 6.369613
-0.430325 -0.100477 0.897065 34.974726 0.078670 0.985830 0.148157 2.493505 -0.899239 0.134328 -0.416323 6.046057
-0.444896 -0.099592 0.890028 35.721506 0.077535 0.985783 0.149064 2.595557 -0.892220 0.135327 -0.430849 5.716734
-0.457240 -0.101909 0.883485 36.443090 0.077925 0.985001 0.153948 2.693316 -0.885923 0.139237 -0.442441 5.357207
-0.466522 -0.099675 0.878876 37.142037 0.080071 0.984791 0.154191 2.798623 -0.880878 0.142306 -0.451445 4.973650
-0.475301 -0.092262 0.874972 37.837744 0.085426 0.984948 0.150264 2.898364 -0.875666 0.146166 -0.460265 4.590255
-0.485496 -0.090755 0.869516 38.536079 0.084243 0.985112 0.149858 3.001896 -0.870171 0.146006 -0.470622 4.206580
-0.495161 -0.089274 0.864202 39.234855 0.084446 0.985051 0.150142 3.101825 -0.864687 0.147323 -0.480221 3.820548
-0.502101 -0.089146 0.860202 39.920082 0.086297 0.984543 0.152404 3.234113 -0.860493 0.150755 -0.486647 3.408828
-0.508367 -0.087397 0.856694 40.648912 0.089576 0.984073 0.153547 3.353726 -0.856469 0.154797 -0.492442 3.046150
-0.508060 -0.086722 0.856945 41.370799 0.093569 0.983473 0.155002 3.505647 -0.856224 0.158934 -0.491548 2.646928
-0.505142 -0.091792 0.858141 42.128425 0.088073 0.983654 0.157062 3.575916 -0.858531 0.154918 -0.488800 2.250082
-0.500147 -0.090299 0.861220 42.903429 0.089790 0.983779 0.155294 3.728826 -0.861273 0.154999 -0.483926 1.870760
-0.492086 -0.090364 0.865844 43.679284 0.090630 0.983876 0.154190 3.867424 -0.865816 0.154347 -0.475962 1.453266
-0.485662 -0.089429 0.869560 44.486808 0.090589 0.984248 0.151819 3.979070 -0.869440 0.152505 -0.469910 1.052043
-0.480491 -0.089807 0.872390 45.309612 0.090613 0.984335 0.151238 4.093245 -0.872306 0.151718 -0.464826 0.645418
-0.471268 -0.086862 0.877703 46.113723 0.094544 0.984430 0.148188 4.262015 -0.876908 0.152817 -0.455718 0.183288
-0.468611 -0.083473 0.879452 46.958178 0.094964 0.984997 0.144092 4.376153 -0.878286 0.151039 -0.453653 -0.261446
-0.470098 -0.081609 0.878833 47.834652 0.093073 0.985581 0.141308 4.479357 -0.877693 0.148224 -0.455724 -0.679795
-0.471062 -0.078540 0.878597 48.722947 0.093627 0.985950 0.138336 4.607475 -0.877117 0.147425 -0.457090 -1.098782
-0.472205 -0.077834 0.878046 49.610271 0.093966 0.985974 0.137935 4.743455 -0.876466 0.147640 -0.458267 -1.542188
-0.473468 -0.078086 0.877343 50.516563 0.093144 0.986039 0.138026 4.866178 -0.875873 0.147070 -0.459584 -1.987690
-0.473104 -0.073374 0.877946 51.415975 0.095976 0.986303 0.134149 5.016238 -0.875763 0.147728 -0.459582 -2.464386
-0.474760 -0.070292 0.877304 52.329687 0.097936 0.986396 0.132031 5.144452 -0.874649 0.148603 -0.461417 -2.932884
-0.475986 -0.067370 0.876869 53.258660 0.099110 0.986601 0.129600 5.268024 -0.873851 0.148594 -0.462931 -3.386733
-0.475481 -0.065823 0.877260 54.178966 0.099765 0.986729 0.128110 5.387550 -0.874051 0.148433 -0.462604 -3.853317
-0.474261 -0.064301 0.878033 55.103200 0.100530 0.986850 0.126570 5.504683 -0.874625 0.148296 -0.461561 -4.308628
-0.472633 -0.065968 0.878787 56.011310 0.097439 0.987168 0.126508 5.605078 -0.875856 0.145420 -0.460140 -4.794605
-0.470612 -0.067845 0.879728 56.927683 0.092750 0.987712 0.125790 5.698323 -0.877452 0.140793 -0.458536 -5.265358
-0.465875 -0.069975 0.882079 57.829318 0.091340 0.987740 0.126599 5.820200 -0.880123 0.139549 -0.453772 -5.752068
-0.465010 -0.071228 0.882435 58.761203 0.090003 0.987790 0.127161 5.924217 -0.880719 0.138553 -0.452922 -6.171233
-0.461778 -0.069039 0.884305 59.675580 0.092623 0.987763 0.125483 6.040312 -0.882146 0.139852 -0.449733 -6.620902
-0.459258 -0.072763 0.885318 60.567362 0.090382 0.987640 0.128058 6.138158 -0.883693 0.138829 -0.447005 -7.113505
-0.459709 -0.070536 0.885264 61.465675 0.093784 0.987411 0.127376 6.261670 -0.883104 0.141580 -0.447306 -7.570407
-0.460847 -0.069663 0.884741 62.357372 0.096496 0.987071 0.127984 6.364984 -0.882218 0.144355 -0.448166 -8.036708
-0.465399 -0.065783 0.882653 63.251699 0.099359 0.987048 0.125953 6.473886 -0.879507 0.146318 -0.452835 -8.484433
-0.470325 -0.066195 0.880007 64.139626 0.096065 0.987417 0.125618 6.574399 -0.877249 0.143619 -0.458048 -8.949873
-0.475678 -0.067268 0.877044 65.024681 0.091360 0.987901 0.125322 6.669009 -0.874862 0.139740 -0.463777 -9.412217
-0.482611 -0.062256 0.873619 65.913572 0.092245 0.988310 0.121388 6.769280 -0.870963 0.139170 -0.471227 -9.849572
-0.489152 -0.064094 0.869840 66.782276 0.092675 0.987831 0.124903 6.856208 -0.867261 0.141709 -0.477260 -10.312801
-0.493744 -0.062367 0.867368 67.641189 0.093798 0.987786 0.124420 6.946318 -0.864534 0.142789 -0.481864 -10.781045
-0.499137 -0.059334 0.864489 68.504053 0.096410 0.987656 0.123452 7.047027 -0.861143 0.144965 -0.487255 -11.238033
-0.502481 -0.056703 0.862727 69.354372 0.098210 0.987645 0.122114 7.148645 -0.858992 0.146088 -0.490705 -11.707050
-0.506335 -0.055671 0.860538 70.204182 0.096724 0.987950 0.120825 7.250164 -0.856895 0.144413 -0.494849 -12.172408
-0.508201 -0.055702 0.859435 71.050428 0.088853 0.989190 0.116653 7.357177 -0.856643 0.135647 -0.497759 -12.652749
-0.511202 -0.053363 0.857803 71.894199 0.081929 0.990500 0.110443 7.460975 -0.855547 0.126738 -0.501973 -13.132288
-0.513270 -0.054262 0.856510 72.735716 0.080002 0.990629 0.110701 7.561305 -0.854490 0.125342 -0.504119 -13.602035
-0.510860 -0.053793 0.857979 73.526465 0.085909 0.989850 0.113213 7.661932 -0.855360 0.131544 -0.501054 -14.124131
-0.514918 -0.052443 0.855634 74.357936 0.092123 0.988961 0.116055 7.752743 -0.852275 0.138582 -0.504403 -14.571711
-0.516030 -0.057029 0.854670 75.172127 0.090822 0.988514 0.120797 7.849814 -0.851742 0.139958 -0.504923 -15.054094
-0.517627 -0.062039 0.853354 75.996250 0.086092 0.988529 0.124088 7.929041 -0.851264 0.137698 -0.506348 -15.524147
-0.519323 -0.059471 0.852506 76.827299 0.083635 0.989250 0.119958 8.016047 -0.850476 0.133597 -0.508766 -15.977728
-0.519833 -0.057042 0.852361 77.650922 0.080532 0.990053 0.115371 8.117079 -0.850463 0.128616 -0.510068 -16.438807
-0.519340 -0.053615 0.852884 78.470062 0.079253 0.990707 0.110538 8.220052 -0.850885 0.125000 -0.510264 -16.907479
-0.518972 -0.044002 0.853658 79.291459 0.083031 0.991357 0.101578 8.292257 -0.850749 0.123596 -0.510833 -17.361390
-0.513910 -0.038585 0.856976 80.088872 0.085975 0.991642 0.096205 8.376351 -0.853525 0.123119 -0.506298 -17.853271
-0.514554 -0.042635 0.856397 80.908678 0.082679 0.991642 0.099045 8.447975 -0.853463 0.121771 -0.506728 -18.303242
-0.514240 -0.045251 0.856452 81.724770 0.083051 0.991287 0.102241 8.527343 -0.853616 0.123705 -0.506001 -18.750850
-0.509459 -0.046877 0.859217 82.537213 0.084585 0.990951 0.104217 8.614480 -0.856328 0.125771 -0.500884 -19.196387
-0.503727 -0.053036 0.862233 83.351462 0.081355 0.990765 0.108471 8.688202 -0.860023 0.124787 -0.494761 -19.643121
-0.495844 -0.061451 0.866235 84.156949 0.077378 0.990399 0.114552 8.778187 -0.864957 0.123827 -0.486329 -20.108164
-0.482154 -0.060792 0.873975 84.944361 0.079497 0.990438 0.112750 8.876144 -0.872472 0.123841 -0.472710 -20.589984
-0.469757 -0.060345 0.880731 85.767231 0.079355 0.990736 0.110208 8.965939 -0.879222 0.121662 -0.460617 -21.015554
-0.458571 -0.063099 0.886415 86.594768 0.076296 0.990997 0.110014 9.053786 -0.885376 0.118079 -0.449629 -21.429760
-0.447684 -0.063955 0.891902 87.428598 0.075097 0.991226 0.108771 9.127676 -0.891033 0.115674 -0.438953 -21.818303
-0.435536 -0.065973 0.897750 88.266360 0.074072 0.991302 0.108784 9.214593 -0.897118 0.113877 -0.426861 -22.205305
-0.420385 -0.069457 0.904684 89.084361 0.074024 0.991117 0.110490 9.299838 -0.904321 0.113417 -0.411509 -22.618633
-0.407772 -0.068205 0.910533 89.922369 0.080754 0.990605 0.110368 9.395458 -0.909506 0.118534 -0.398433 -22.977283
-0.394464 -0.072903 0.916015 90.746224 0.087545 0.989332 0.116438 9.482967 -0.914732 0.126123 -0.383873 -23.349602
-0.381588 -0.070247 0.921659 91.590699 0.095268 0.988809 0.114809 9.595311 -0.919410 0.131614 -0.370625 -23.671431
-0.368948 -0.068811 0.926899 92.443082 0.094379 0.989327 0.111012 9.688993 -0.924646 0.128438 -0.358516 -23.996268
-0.354365 -0.070864 0.932418 93.290634 0.090724 0.989815 0.109706 9.766144 -0.930696 0.123469 -0.344327 -24.336839
-0.342558 -0.069583 0.936916 94.143329 0.094048 0.989704 0.107889 9.845029 -0.934777 0.125073 -0.332487 -24.639669
-0.332933 -0.067252 0.940549 94.996333 0.101534 0.989097 0.106664 9.920486 -0.937468 0.131010 -0.322475 -24.922455
-0.327022 -0.065008 0.942778 95.851757 0.109109 0.988362 0.105998 9.995113 -0.938697 0.137529 -0.316123 -25.199881
-0.325630 -0.064364 0.943304 96.717097 0.111142 0.988158 0.105791 10.065043 -0.938942 0.139289 -0.314620 -25.456643
-0.320453 -0.064294 0.945080 97.576019 0.111174 0.988246 0.104927 10.141195 -0.940718 0.138693 -0.309539 -25.735744
-0.313282 -0.063438 0.947539 98.431833 0.112232 0.988301 0.103274 10.223409 -0.943005 0.138698 -0.302497 -26.011502
-0.306222 -0.062301 0.949919 99.294512 0.109710 0.988898 0.100225 10.302760 -0.945617 0.134907 -0.295987 -26.278595
-0.300243 -0.061886 0.951853 100.162312 0.107320 0.989365 0.098177 10.380787 -0.947806 0.131630 -0.290409 -26.538734
-0.295180 -0.060486 0.953525 101.031615 0.104823 0.989919 0.095245 10.447221 -0.949674 0.128066 -0.285864 -26.774296
-0.290509 -0.054317 0.955329 101.900856 0.108604 0.990064 0.089318 10.511033 -0.950689 0.129700 -0.281724 -26.997631
-0.283458 -0.046709 0.957847 102.766971 0.115855 0.989829 0.082554 10.586311 -0.951961 0.134372 -0.275163 -27.217565
-0.276672 -0.051260 0.959596 103.624384 0.118877 0.989080 0.087110 10.637214 -0.953583 0.138175 -0.267557 -27.460850
-0.270234 -0.056055 0.961162 104.488165 0.118631 0.988758 0.091018 10.682732 -0.955458 0.138620 -0.260546 -27.690578
-0.265345 -0.054128 0.962633 105.360851 0.119039 0.988945 0.088420 10.753290 -0.956777 0.138053 -0.255968 -27.891351
-0.257944 -0.053812 0.964660 106.233886 0.115975 0.989504 0.086209 10.818586 -0.959174 0.134113 -0.248996 -28.107938
-0.250729 -0.054637 0.966514 107.111213 0.113163 0.989907 0.085316 10.878402 -0.961420 0.130765 -0.242016 -28.312406
-0.245111 -0.053957 0.967992 107.986097 0.118217 0.989336 0.085081 10.935343 -0.962260 0.135287 -0.236119 -28.485843
-0.239227 -0.056988 0.969290 108.860664 0.120146 0.988867 0.087792 10.997073 -0.963502 0.137459 -0.229717 -28.666520
-0.234187 -0.055504 0.970606 109.736591 0.120556 0.989005 0.085643 11.048702 -0.964688 0.137069 -0.224920 -28.845097
-0.227466 -0.057596 0.972081 110.613297 0.118575 0.989183 0.086355 11.096519 -0.966540 0.134907 -0.218176 -29.039554
-0.218429 -0.063779 0.973767 111.484618 0.116772 0.988984 0.090969 11.162945 -0.968841 0.133579 -0.208575 -29.244511
-0.210745 -0.066465 0.975279 112.360677 0.115873 0.988954 0.092435 11.225592 -0.970649 0.132488 -0.200715 -29.423907
-0.205761 -0.066176 0.976362 113.241550 0.117599 0.988809 0.091802 11.303166 -0.971511 0.133709 -0.195677 -29.567356
-0.197173 -0.061804 0.978419 114.116848 0.119497 0.989054 0.086557 11.372870 -0.973059 0.133985 -0.187630 -29.744049
-0.192327 -0.057208 0.979662 115.003135 0.119007 0.989572 0.081150 11.426234 -0.974088 0.132194 -0.183513 -29.868479
-0.187753 -0.062096 0.980251 115.878053 0.117234 0.989449 0.085134 11.476880 -0.975195 0.130903 -0.178492 -30.056561
-0.183746 -0.064300 0.980869 116.760743 0.118481 0.989134 0.087037 11.544425 -0.975807 0.132207 -0.174131 -30.191373
-0.178920 -0.065498 0.981681 117.634910 0.119712 0.988919 0.087799 11.618044 -0.976554 0.133228 -0.169096 -30.355991
-0.172793 -0.072475 0.982288 118.517750 0.115983 0.988854 0.093362 11.678742 -0.978106 0.130061 -0.162461 -30.513051
-0.167621 -0.079933 0.982606 119.394061 0.114547 0.988378 0.099943 11.781442 -0.979174 0.129307 -0.156516 -30.670585
-0.162601 -0.081326 0.983335 120.272982 0.115956 0.988116 0.100896 11.866536 -0.979855 0.130429 -0.151239 -30.802207
-0.158088 -0.081577 0.984050 121.152826 0.117500 0.987946 0.100776 11.931480 -0.980409 0.131557 -0.146597 -30.934434
-0.154381 -0.080285 0.984744 122.027296 0.120244 0.987757 0.099382 12.011082 -0.980667 0.133752 -0.142837 -31.064580
-0.150219 -0.078945 0.985496 122.904990 0.120647 0.987893 0.097527 12.085702 -0.981264 0.133547 -0.138876 -31.194986
-0.147950 -0.077230 0.985975 123.782742 0.122699 0.987811 0.095786 12.178535 -0.981354 0.135150 -0.136671 -31.306769
-0.150130 -0.077595 0.985616 124.664530 0.118676 0.988293 0.095883 12.250638 -0.981518 0.131364 -0.139164 -31.390353
-0.148067 -0.074411 0.986174 125.548832 0.113972 0.989238 0.091754 12.313601 -0.982388 0.125982 -0.137992 -31.502998
-0.147200 -0.077643 0.986055 126.421506 0.111824 0.989216 0.094585 12.373411 -0.982765 0.124188 -0.136930 -31.633270
-0.143371 -0.077731 0.986612 127.284129 0.117584 0.988512 0.094967 12.441330 -0.982659 0.129625 -0.132584 -31.755342
-0.142472 -0.078843 0.986654 128.144214 0.121507 0.987890 0.096487 12.509943 -0.982313 0.133632 -0.131166 -31.880011
-0.139473 -0.076983 0.987229 129.003805 0.124189 0.987742 0.094568 12.597591 -0.982408 0.135792 -0.128203 -32.006710
-0.138899 -0.075688 0.987410 129.866495 0.124834 0.987783 0.093277 12.674138 -0.982407 0.136219 -0.127753 -32.117590
-0.139754 -0.079940 0.986954 130.728321 0.124071 0.987467 0.097550 12.724113 -0.982382 0.136085 -0.128084 -32.223079
-0.137910 -0.078504 0.987329 131.580257 0.127016 0.987221 0.096237 12.786447 -0.982267 0.138679 -0.126176 -32.341807
-0.137679 -0.071186 0.987915 132.433560 0.130856 0.987364 0.089383 12.845236 -0.981795 0.141581 -0.126625 -32.414279
-0.135284 -0.064934 0.988677 133.277290 0.135500 0.987263 0.083382 12.913277 -0.981498 0.145246 -0.124762 -32.516752
-0.134343 -0.067957 0.988602 134.120345 0.136424 0.986878 0.086377 12.955665 -0.981499 0.146473 -0.123309 -32.616396
-0.135119 -0.068894 0.988431 134.961483 0.136595 0.986760 0.087450 13.003411 -0.981369 0.146830 -0.123919 -32.686454
-0.132644 -0.069993 0.988689 135.788175 0.138939 0.986341 0.088467 13.065479 -0.981377 0.149102 -0.121107 -32.801446
-0.132470 -0.077942 0.988118 136.623196 0.134818 0.986222 0.095867 13.119379 -0.981975 0.145916 -0.120137 -32.894824
-0.130829 -0.084462 0.987801 137.448234 0.129519 0.986369 0.101493 13.181050 -0.982908 0.141218 -0.118107 -32.992013
-0.129349 -0.090365 0.987473 138.276687 0.122867 0.986704 0.106389 13.241757 -0.983957 0.135090 -0.116527 -33.100150
-0.126204 -0.098023 0.987150 139.090299 0.120747 0.986189 0.113365 13.308065 -0.984628 0.133503 -0.112625 -33.211643
-0.121136 -0.099660 0.987620 139.898587 0.124718 0.985535 0.114747 13.371252 -0.984770 0.137074 -0.106954 -33.298494
-0.115736 -0.100408 0.988192 140.701312 0.128401 0.985018 0.115124 13.455462 -0.984946 0.140209 -0.101110 -33.376111
-0.107993 -0.101639 0.988942 141.501470 0.128071 0.985049 0.115224 13.537491 -0.985868 0.139098 -0.093361 -33.457763
-0.100918 -0.104028 0.989441 142.307598 0.122302 0.985678 0.116107 13.609524 -0.987349 0.132728 -0.086749 -33.506770
-0.092140 -0.104255 0.990273 143.109097 0.121163 0.985940 0.115072 13.685842 -0.988347 0.130587 -0.078213 -33.524331
-0.079090 -0.110174 0.990761 143.901146 0.122697 0.985241 0.119355 13.758252 -0.989288 0.131004 -0.064405 -33.563436
-0.066098 -0.111376 0.991578 144.690729 0.124262 0.985096 0.118931 13.839356 -0.990046 0.131076 -0.051273 -33.586509
-0.051953 -0.116495 0.991832 145.479685 0.123881 0.984750 0.122152 13.917121 -0.990936 0.129216 -0.036730 -33.613322
-0.036686 -0.123057 0.991721 146.257814 0.123630 0.984207 0.126698 13.985369 -0.991650 0.127254 -0.020893 -33.649584
-0.022502 -0.124905 0.991913 147.029381 0.129671 0.983419 0.126777 14.055841 -0.991302 0.131476 -0.005932 -33.655036
-0.010710 -0.119259 0.992805 147.789526 0.137815 0.983211 0.119593 14.124449 -0.990400 0.138105 0.005906 -33.609832
0.002797 -0.119078 0.992881 148.547186 0.144775 0.982473 0.117422 14.192930 -0.989461 0.143416 0.019988 -33.576433
0.016173 -0.120370 0.992597 149.311114 0.144846 0.982537 0.116790 14.271209 -0.989322 0.141885 0.033326 -33.549559
0.027342 -0.115523 0.992928 150.075872 0.141267 0.983778 0.110569 14.349846 -0.989594 0.137244 0.043218 -33.485132
0.038550 -0.113709 0.992766 150.833727 0.138761 0.984488 0.107373 14.413846 -0.989575 0.133618 0.053731 -33.422547
0.045760 -0.107537 0.993147 151.575308 0.145637 0.984285 0.099867 14.475766 -0.988279 0.140069 0.060702 -33.329852
0.051923 -0.103146 0.993310 152.313397 0.153587 0.983643 0.094114 14.535700 -0.986770 0.147673 0.066916 -33.251204
0.054388 -0.099434 0.993557 153.056608 0.156923 0.983516 0.089839 14.603323 -0.986112 0.151026 0.069095 -33.182057
0.054093 -0.095763 0.993933 153.809591 0.151719 0.984622 0.086608 14.661995 -0.986942 0.146114 0.067790 -33.101438
0.055426 -0.092493 0.994170 154.564462 0.147364 0.985554 0.083475 14.716206 -0.987528 0.141878 0.068255 -33.070576
0.050507 -0.093406 0.994346 155.316300 0.144303 0.985852 0.085278 14.763291 -0.988244 0.139180 0.063271 -33.004019
0.049014 -0.094985 0.994271 156.063572 0.144020 0.985737 0.087070 14.814607 -0.988360 0.138928 0.061995 -32.969772
0.045632 -0.096552 0.994281 156.807976 0.143599 0.985615 0.089120 14.860251 -0.988583 0.138711 0.058841 -32.925901
0.043726 -0.095064 0.994510 157.559756 0.141085 0.986074 0.088055 14.903955 -0.989031 0.136460 0.056529 -32.892331
0.038084 -0.093628 0.994879 158.305057 0.140798 0.986171 0.087418 14.950320 -0.989306 0.136748 0.050740 -32.838544
0.032770 -0.090751 0.995334 159.049724 0.139794 0.986496 0.085343 15.010766 -0.989638 0.136345 0.045014 -32.798673
0.028033 -0.090689 0.995485 159.794110 0.138084 0.986680 0.085998 15.062729 -0.990024 0.135050 0.040182 -32.771453
0.024323 -0.090813 0.995571 160.528261 0.137234 0.986741 0.086655 15.109202 -0.990240 0.134518 0.036463 -32.755896
0.017549 -0.088900 0.995886 161.258558 0.137373 0.986808 0.085669 15.148129 -0.990364 0.135304 0.029530 -32.711958
0.015455 -0.088037 0.995997 161.985573 0.138492 0.986703 0.085067 15.188299 -0.990243 0.136623 0.027442 -32.691706
0.012304 -0.088444 0.996005 162.705702 0.141028 0.986277 0.085838 15.234637 -0.989929 0.139408 0.024608 -32.662884
0.010644 -0.091891 0.995712 163.419992 0.142632 0.985726 0.089445 15.286992 -0.989719 0.141069 0.023598 -32.657059
0.010459 -0.093755 0.995540 164.138161 0.141275 0.985747 0.091349 15.346299 -0.989915 0.139690 0.023555 -32.633441
0.014424 -0.097293 0.995151 164.854322 0.138008 0.985923 0.094390 15.403701 -0.990326 0.135978 0.027648 -32.626150
0.020579 -0.100070 0.994768 165.562245 0.137560 0.985799 0.096322 15.446586 -0.990280 0.134858 0.034052 -32.584668
0.031827 -0.106406 0.993813 166.261288 0.136958 0.985402 0.101120 15.488838 -0.990065 0.132892 0.045935 -32.546209
0.045504 -0.111284 0.992746 166.953590 0.137396 0.985029 0.104121 15.546684 -0.989470 0.131661 0.060113 -32.484870
0.056682 -0.113047 0.991972 167.639689 0.135239 0.985281 0.104557 15.604800 -0.989190 0.128227 0.071136 -32.403932
0.072845 -0.112340 0.990996 168.319920 0.129400 0.986302 0.102296 15.651588 -0.988913 0.120783 0.086384 -32.313038
0.088625 -0.110988 0.989862 168.996279 0.123906 0.987282 0.099605 15.709767 -0.988328 0.113822 0.101250 -32.213744
0.107418 -0.114400 0.987610 169.671853 0.116224 0.987992 0.101803 15.765045 -0.987397 0.103849 0.119424 -32.147657
0.123968 -0.115616 0.985528 170.333903 0.109170 0.988749 0.102262 15.815986 -0.986263 0.094913 0.135195 -32.026191
0.143686 -0.116479 0.982745 170.992507 0.102120 0.989493 0.102348 15.859629 -0.984340 0.085652 0.154071 -31.924138
0.162445 -0.117863 0.979653 171.640677 0.098378 0.989828 0.102774 15.902120 -0.981801 0.079681 0.172388 -31.825674
0.176070 -0.118017 0.977278 172.269528 0.097485 0.989997 0.101990 15.950199 -0.979539 0.077312 0.185813 -31.646154
0.192797 -0.119369 0.973951 172.889515 0.097673 0.989978 0.101999 16.003310 -0.976365 0.075463 0.202524 -31.501253
0.210323 -0.113909 0.970973 173.509261 0.094499 0.990907 0.095778 16.056701 -0.973054 0.071612 0.219175 -31.344190
0.227367 -0.112154 0.967329 174.126055 0.089452 0.991551 0.093937 16.103421 -0.969692 0.065171 0.235478 -31.196882
0.239511 -0.117432 0.963766 174.740229 0.086817 0.991272 0.099208 16.145415 -0.967004 0.059910 0.247616 -31.036042
0.250110 -0.120467 0.960694 175.346921 0.086378 0.991049 0.101785 16.186355 -0.964357 0.057525 0.258277 -30.868059
0.257133 -0.118603 0.959070 175.934193 0.087979 0.991192 0.098988 16.219805 -0.962363 0.058925 0.265303 -30.666472
0.267196 -0.115890 0.956648 176.520301 0.091617 0.991300 0.094499 16.248070 -0.959277 0.062395 0.275489 -30.484378
0.277495 -0.118332 0.953412 177.100586 0.100903 0.990487 0.093565 16.283282 -0.955414 0.070238 0.286795 -30.308568
0.284864 -0.124636 0.950431 177.681534 0.108904 0.989299 0.097092 16.327284 -0.952362 0.075847 0.295389 -30.126713
0.291159 -0.124775 0.948503 178.264007 0.107174 0.989471 0.097266 16.377238 -0.950653 0.073335 0.301466 -29.934050
0.298477 -0.122877 0.946474 178.864533 0.099044 0.990311 0.097335 16.435292 -0.949264 0.064690 0.307756 -29.757247
0.301347 -0.119189 0.946036 179.456496 0.085460 0.991540 0.097700 16.470982 -0.949677 0.051407 0.308983 -29.540378
0.305853 -0.119379 0.944565 180.065434 0.076929 0.991963 0.100460 16.509083 -0.948966 0.041938 0.312578 -29.375531
0.305648 -0.121706 0.944334 180.649852 0.076982 0.991709 0.102896 16.540846 -0.949027 0.041247 0.312483 -29.164381
0.306783 -0.125751 0.943436 181.232086 0.081279 0.991074 0.105671 16.590692 -0.948303 0.044263 0.314266 -28.959004
0.306967 -0.130005 0.942799 181.817917 0.082761 0.990520 0.109639 16.649395 -0.948115 0.044372 0.314817 -28.763424
0.308868 -0.129700 0.942220 182.405665 0.080395 0.990673 0.110016 16.712857 -0.947701 0.041769 0.316415 -28.561566
0.313371 -0.130474 0.940625 182.998666 0.078275 0.990695 0.111341 16.790722 -0.946399 0.038737 0.320668 -28.369574
0.314355 -0.130062 0.940354 183.595699 0.072577 0.990964 0.112799 16.839306 -0.946527 0.032789 0.320953 -28.145298
0.316853 -0.132732 0.939141 184.196575 0.071716 0.990678 0.115820 16.896481 -0.945759 0.030654 0.323418 -27.924640
0.321040 -0.133179 0.937655 184.790739 0.070414 0.990680 0.116602 16.966275 -0.944445 0.028590 0.327425 -27.680382
0.328797 -0.135897 0.934572 185.398222 0.068418 0.990420 0.119947 17.022268 -0.941919 0.024504 0.334945 -27.461097
0.338301 -0.137176 0.930986 185.995082 0.068001 0.990296 0.121205 17.088638 -0.938578 0.022304 0.344346 -27.221424
0.352233 -0.136143 0.925957 186.603676 0.068564 0.990458 0.119545 17.158485 -0.933398 0.021380 0.358206 -27.013538
0.363578 -0.134445 0.921811 187.198324 0.070530 0.990663 0.116669 17.217922 -0.928890 0.022597 0.369666 -26.760893
0.376607 -0.133871 0.916649 187.806052 0.072716 0.990722 0.114813 17.283184 -0.923515 0.023415 0.382847 -26.523309
0.391126 -0.137026 0.910080 188.423778 0.073955 0.990336 0.117326 17.355369 -0.917361 0.021416 0.397479 -26.282109
0.402362 -0.138910 0.904880 189.036576 0.071565 0.990169 0.120181 17.426241 -0.912679 0.016402 0.408348 -26.004774
0.414722 -0.138464 0.899352 189.642578 0.069669 0.990285 0.120337 17.493729 -0.907277 0.012750 0.420340 -25.716993
0.427824 -0.136409 0.893509 190.250929 0.067478 0.990608 0.118923 17.562734 -0.901340 0.009415 0.433011 -25.434276
0.434814 -0.131594 0.890853 190.842004 0.062257 0.991291 0.116044 17.634901 -0.898366 0.005005 0.439220 -25.091149
0.441649 -0.127130 0.888135 191.444785 0.059464 0.991881 0.112410 17.702008 -0.895215 0.003166 0.445623 -24.763105
0.444281 -0.126226 0.886951 192.057061 0.056483 0.992002 0.112883 17.761440 -0.894105 -0.000055 0.447857 -24.418900
0.446196 -0.129596 0.885502 192.691400 0.054991 0.991560 0.117409 17.823039 -0.893244 -0.003693 0.449556 -24.095516
0.446303 -0.134192 0.884763 193.316790 0.059636 0.990955 0.120216 17.884747 -0.892893 -0.000889 0.450269 -23.765995
0.441761 -0.134735 0.886957 193.937921 0.059016 0.990881 0.121128 17.941960 -0.895189 -0.001165 0.445684 -23.406819
0.439219 -0.138824 0.887589 194.580389 0.062066 0.990317 0.124178 18.005493 -0.896234 0.000548 0.443582 -23.064379
0.440396 -0.143576 0.886249 195.254800 0.063665 0.989639 0.128689 18.080303 -0.895544 -0.000251 0.444974 -22.754883
0.437737 -0.146862 0.887028 195.909183 0.062123 0.989152 0.133113 18.183085 -0.896955 -0.003163 0.442111 -22.407987
0.438353 -0.147501 0.886618 196.576900 0.059579 0.989041 0.135083 18.268936 -0.896826 -0.006390 0.442337 -22.075050
0.439804 -0.150361 0.885418 197.256695 0.058170 0.988584 0.138987 18.350539 -0.896208 -0.009622 0.443529 -21.766632
0.436205 -0.149079 0.887412 197.904790 0.057601 0.988784 0.137795 18.439773 -0.898002 -0.008991 0.439900 -21.393538
0.434198 -0.145489 0.888991 198.556759 0.056084 0.989323 0.134517 18.544737 -0.899070 -0.008549 0.437722 -21.034265
0.433508 -0.145571 0.889314 199.219540 0.057965 0.989327 0.133686 18.631320 -0.899284 -0.006405 0.437319 -20.699799
0.433880 -0.146786 0.888933 199.886790 0.064896 0.989168 0.131662 18.741418 -0.898630 0.000563 0.438706 -20.380831
0.432607 -0.146915 0.889532 200.542622 0.071016 0.989121 0.128826 18.841057 -0.898782 0.007440 0.438334 -20.043419
0.432810 -0.145443 0.889675 201.201929 0.072252 0.989321 0.126584 18.935359 -0.898585 0.009494 0.438697 -19.708597
0.431435 -0.143670 0.890631 201.872708 0.069395 0.989598 0.126018 19.022120 -0.899471 0.007436 0.436917 -19.383987
0.430013 -0.141333 0.891692 202.529370 0.064830 0.989955 0.125644 19.099453 -0.900492 0.003780 0.434856 -19.034441
0.427369 -0.136467 0.893718 203.193584 0.061987 0.990639 0.121624 19.172478 -0.901950 0.003421 0.431828 -18.698423
0.423113 -0.131928 0.896421 203.862126 0.059461 0.991253 0.117819 19.248537 -0.904124 0.003452 0.427256 -18.371531
0.416870 -0.132835 0.899207 204.531167 0.059606 0.991130 0.118781 19.328407 -0.907009 0.004082 0.421090 -18.056557
0.406452 -0.132388 0.904030 205.197394 0.060122 0.991178 0.118120 19.394977 -0.911692 0.006342 0.410826 -17.729394
0.395816 -0.134439 0.908436 205.868237 0.061858 0.990883 0.119688 19.448737 -0.916244 0.008820 0.400523 -17.425524
0.385864 -0.133611 0.912829 206.548401 0.065225 0.990932 0.117471 19.535725 -0.920247 0.014211 0.391080 -17.138960
0.373736 -0.130008 0.918379 207.226322 0.062985 0.991400 0.114713 19.611837 -0.925394 0.014971 0.378711 -16.843435
0.363717 -0.135919 0.921540 207.925194 0.058218 0.990680 0.123138 19.681933 -0.929688 0.008863 0.368240 -16.586388
0.354433 -0.140687 0.924437 208.615539 0.052431 0.990052 0.130571 19.752705 -0.933610 0.002190 0.358283 -16.308569
0.346959 -0.141935 0.927078 209.300406 0.048019 0.989874 0.133578 19.839342 -0.936650 -0.001828 0.350261 -16.035638
0.340230 -0.137513 0.930233 209.977810 0.046144 0.990499 0.129545 19.937215 -0.939209 -0.001151 0.343343 -15.743392
0.338692 -0.138797 0.930604 210.675793 0.045052 0.990318 0.131306 20.020915 -0.939818 -0.002547 0.341665 -15.500288
0.336571 -0.140101 0.931178 211.378235 0.045042 0.990134 0.132691 20.105696 -0.940580 -0.002718 0.339561 -15.244380
0.336438 -0.138868 0.931410 212.076889 0.047133 0.990311 0.130625 20.186032 -0.940525 -0.000047 0.339723 -14.986443
0.336234 -0.136057 0.931899 212.775176 0.047593 0.990700 0.127470 20.274191 -0.940575 0.001492 0.339583 -14.713546
0.336504 -0.134814 0.931982 213.474603 0.045711 0.990871 0.126828 20.354007 -0.940572 -0.000076 0.339595 -14.428493
0.337770 -0.131971 0.931931 214.170139 0.044130 0.991253 0.124377 20.447980 -0.940194 -0.000885 0.340639 -14.134032
0.340330 -0.135388 0.930508 214.879165 0.045372 0.990792 0.127564 20.542081 -0.939211 -0.001195 0.343339 -13.867508
0.341503 -0.138346 0.929643 215.592211 0.045630 0.990382 0.130623 20.615181 -0.938772 -0.002188 0.344531 -13.595892
0.344244 -0.139279 0.928492 216.310064 0.044187 0.990243 0.132159 20.702118 -0.937840 -0.004468 0.347039 -13.317330
0.348493 -0.138830 0.926973 217.026814 0.042050 0.990290 0.132504 20.794466 -0.936368 -0.007198 0.350947 -13.034105
0.352193 -0.134703 0.926183 217.744550 0.035988 0.990806 0.130417 20.875195 -0.935235 -0.012601 0.353803 -12.728963
0.355807 -0.132926 0.925058 218.464973 0.031035 0.990968 0.130459 20.962283 -0.934044 -0.017709 0.356719 -12.436907
0.360643 -0.130529 0.923525 219.192464 0.028782 0.991245 0.128861 21.035228 -0.932260 -0.019892 0.361242 -12.147184
0.362831 -0.126375 0.923246 219.913633 0.029713 0.991827 0.124085 21.108608 -0.931381 -0.017589 0.363620 -11.838614
0.367642 -0.121799 0.921957 220.635950 0.033009 0.992471 0.117951 21.194945 -0.929381 -0.012931 0.368894 -11.532803
0.371828 -0.116360 0.920980 221.358821 0.033134 0.993144 0.112100 21.281416 -0.927710 -0.011166 0.373134 -11.221198
0.375597 -0.114013 0.919743 222.081970 0.031166 0.993397 0.110415 21.345145 -0.926259 -0.012807 0.376671 -10.891916
0.377814 -0.112371 0.919037 222.804990 0.032198 0.993602 0.108252 21.409921 -0.925321 -0.011308 0.379015 -10.569366
0.382682 -0.112833 0.916964 223.540009 0.035995 0.993582 0.107238 21.492429 -0.923179 -0.008032 0.384287 -10.263821
0.387970 -0.112675 0.914759 224.272396 0.037523 0.993607 0.106472 21.573331 -0.920908 -0.006983 0.389718 -9.948124
0.392416 -0.113236 0.912791 225.006941 0.035899 0.993522 0.107817 21.637944 -0.919087 -0.009541 0.393939 -9.638568
0.397052 -0.117872 0.910195 225.733282 0.038702 0.992987 0.111711 21.702077 -0.916980 -0.009129 0.398830 -9.323247
0.401523 -0.120918 0.907831 226.450672 0.040707 0.992623 0.114207 21.770381 -0.914944 -0.008901 0.403483 -9.001829
0.404061 -0.120256 0.906793 227.161489 0.041942 0.992714 0.112961 21.849384 -0.913770 -0.007610 0.406161 -8.664775
0.407986 -0.116518 0.905523 227.875150 0.038331 0.993134 0.110521 21.927642 -0.912183 -0.010381 0.409651 -8.322270
0.412958 -0.114462 0.903529 228.585636 0.036318 0.993351 0.109242 22.004549 -0.910026 -0.012298 0.414370 -7.983060
0.416934 -0.117778 0.901274 229.286987 0.040151 0.992988 0.111189 22.057631 -0.908049 -0.010171 0.418739 -7.645877
0.419358 -0.117824 0.900143 229.983776 0.046425 0.993028 0.108354 22.123003 -0.906633 -0.003650 0.421904 -7.301567
0.422476 -0.110993 0.899553 230.678471 0.046904 0.993821 0.100596 22.192323 -0.905160 -0.000306 0.425071 -6.943652
0.424586 -0.103531 0.899449 231.378907 0.039410 0.994612 0.095882 22.251936 -0.904529 -0.005263 0.426379 -6.573216
0.423396 -0.101631 0.900226 232.072805 0.027791 0.994677 0.099223 22.304795 -0.905518 -0.016992 0.423967 -6.177707
0.425706 -0.105080 0.898739 232.795953 0.017923 0.994019 0.107730 22.364600 -0.904684 -0.029753 0.425043 -5.831946
0.429394 -0.103645 0.897150 233.521043 0.009400 0.993852 0.110318 22.433002 -0.903068 -0.038937 0.427729 -5.490057
0.431092 -0.103121 0.896396 234.232605 0.006307 0.993768 0.111290 22.485789 -0.902286 -0.042323 0.429056 -5.126650
0.433247 -0.103087 0.895360 234.936373 0.009856 0.993920 0.109666 22.539848 -0.901221 -0.038688 0.431628 -4.771281
0.436012 -0.103167 0.894008 235.630679 0.015971 0.994138 0.106933 22.611977 -0.899799 -0.032346 0.435104 -4.399096
0.439704 -0.103664 0.892140 236.334807 0.019904 0.994197 0.105713 22.669775 -0.897922 -0.028726 0.439216 -4.039513
0.442622 -0.103277 0.890741 237.032975 0.021646 0.994286 0.104527 22.729104 -0.896447 -0.026984 0.442329 -3.667649
0.445561 -0.105424 0.889023 237.737563 0.024241 0.994099 0.105735 22.791480 -0.894923 -0.025560 0.445487 -3.311477
0.449311 -0.106431 0.887013 238.443242 0.025378 0.993998 0.106412 22.879781 -0.893015 -0.025301 0.449315 -2.949003
0.451973 -0.105549 0.885765 239.146744 0.019752 0.993916 0.108357 22.948964 -0.891813 -0.031479 0.451308 -2.563450
0.455999 -0.108172 0.883382 239.868576 0.016321 0.993436 0.113223 23.019471 -0.889831 -0.037212 0.454771 -2.209898
0.460188 -0.109665 0.881023 240.595850 0.013574 0.993095 0.116525 23.119205 -0.887718 -0.041664 0.458499 -1.865373
0.462830 -0.111090 0.879459 241.311769 0.011132 0.992767 0.119544 23.215222 -0.886377 -0.045538 0.460719 -1.494315
0.464765 -0.114370 0.878017 242.039751 0.006778 0.992053 0.125637 23.298910 -0.885408 -0.052441 0.461847 -1.131840
0.467729 -0.114926 0.876368 242.757507 0.006553 0.991934 0.126584 23.380932 -0.883848 -0.053464 0.464710 -0.760783
0.468536 -0.106857 0.876958 243.440429 0.010245 0.993248 0.115553 23.453878 -0.883385 -0.045156 0.466467 -0.352870
0.470023 -0.106053 0.876260 244.133844 0.022930 0.993888 0.107990 23.532615 -0.882357 -0.030665 0.469581 0.034479
0.470834 -0.104699 0.875987 244.839859 0.030081 0.994261 0.102667 23.620188 -0.881709 -0.021988 0.471281 0.391524
0.470878 -0.105706 0.875843 245.548990 0.028404 0.994097 0.104707 23.696495 -0.881741 -0.024427 0.471101 0.778574
0.471722 -0.104902 0.875485 246.258365 0.023025 0.994025 0.106700 23.762513 -0.881447 -0.030175 0.471319 1.177820
0.474811 -0.105169 0.873781 246.975593 0.023097 0.993981 0.107086 23.834197 -0.879784 -0.030664 0.474383 1.551351
0.474292 -0.109724 0.873503 247.673496 0.024983 0.993481 0.111230 23.891820 -0.880013 -0.030933 0.473941 1.961062
0.476275 -0.115015 0.871742 248.398307 0.027300 0.992865 0.116080 23.961273 -0.878872 -0.031488 0.476017 2.333209
0.478185 -0.113019 0.870957 249.113573 0.023140 0.992962 0.116147 24.039219 -0.877954 -0.035386 0.477435 2.729423
