1.000000 -0.000328 -0.000656 0.000000 0.000329 0.999999 0.001545 0.000000 0.000655 -0.001546 0.999999 0.000000
0.999998 -0.001441 -0.001144 0.000000 0.001443 0.999997 0.002027 0.000000 0.001141 -0.002028 0.999997 0.000000
0.999998 -0.001660 -0.000979 -0.018310 0.001660 0.999999 0.000225 -0.060945 0.000979 -0.000226 0.999999 3.630761
0.999994 -0.002720 -0.001912 -0.011610 0.002722 0.999996 0.000772 -0.102447 0.001910 -0.000778 0.999998 4.949559
0.999994 -0.002968 -0.001596 -0.018082 0.002970 0.999994 0.001507 -0.120171 0.001591 -0.001512 0.999998 6.270150
0.999991 -0.004057 -0.001191 -0.041298 0.004060 0.999989 0.002530 -0.137752 0.001181 -0.002535 0.999996 7.597058
0.999988 -0.004386 -0.002093 -0.068809 0.004395 0.999981 0.004251 -0.204765 0.002074 -0.004260 0.999989 8.925370
0.999991 -0.003555 -0.002422 -0.093957 0.003561 0.999990 0.002548 -0.230800 0.002413 -0.002556 0.999994 10.255654
1.000000 0.000185 0.000056 -0.153566 -0.000185 1.000000 0.000259 -0.248297 -0.000056 -0.000259 1.000000 11.588908
0.999998 0.002210 0.000292 -0.222508 -0.002210 0.999998 0.000221 -0.291595 -0.000292 -0.000222 1.000000 12.924319
0.999987 0.005113 0.000254 -0.244787 -0.005113 0.999987 -0.000272 -0.312171 -0.000255 0.000271 1.000000 14.262523
0.999978 0.006363 0.002044 -0.317813 -0.006366 0.999979 0.001381 -0.368370 -0.002035 -0.001394 0.999997 15.609738
0.999985 0.004871 0.002538 -0.310980 -0.004881 0.999980 0.004002 -0.402771 -0.002519 -0.004014 0.999989 16.960973
0.999994 0.001446 0.003183 -0.319892 -0.001461 0.999989 0.004534 -0.401700 -0.003176 -0.004539 0.999985 18.313532
0.999998 -0.000770 0.001569 -0.286638 0.000768 0.999998 0.001605 -0.413495 -0.001570 -0.001604 0.999997 19.665186
0.999998 -0.002048 0.000458 -0.264745 0.002049 0.999998 -0.000793 -0.433728 -0.000457 0.000794 1.000000 21.019627
0.999999 -0.000070 0.001131 -0.323128 0.000072 0.999997 -0.002236 -0.458387 -0.001131 0.002236 0.999997 22.382954
0.999996 0.002384 0.001759 -0.349480 -0.002384 0.999997 0.000047 -0.493134 -0.001759 -0.000051 0.999998 23.748845
0.999995 0.002445 0.001965 -0.373793 -0.002452 0.999991 0.003486 -0.506948 -0.001956 -0.003491 0.999992 25.125318
0.999997 0.000590 0.002559 -0.386580 -0.000603 0.999986 0.005173 -0.526886 -0.002556 -0.005175 0.999983 26.496865
0.999996 -0.002260 0.001972 -0.368703 0.002254 0.999992 0.003158 -0.547582 -0.001979 -0.003154 0.999993 27.871220
0.999998 -0.000812 0.001776 -0.422689 0.000811 1.000000 0.000258 -0.556532 -0.001776 -0.000257 0.999998 29.245726
0.999995 -0.002499 0.001978 -0.467968 0.002501 0.999996 -0.001101 -0.591125 -0.001975 0.001106 0.999997 30.624521
0.999998 0.000331 0.001710 -0.465949 -0.000328 0.999999 -0.001504 -0.620662 -0.001710 0.001504 0.999997 32.009917
0.999996 0.001667 0.002079 -0.476371 -0.001659 0.999991 -0.003931 -0.644003 -0.002086 0.003927 0.999990 33.392440
0.999995 0.002426 0.002240 -0.505619 -0.002418 0.999990 -0.003699 -0.652147 -0.002248 0.003694 0.999991 34.785482
0.999996 0.000786 0.002617 -0.595430 -0.000779 0.999996 -0.002823 -0.638052 -0.002619 0.002821 0.999993 36.179939
0.999998 0.000749 0.002032 -0.619005 -0.000747 0.999999 -0.001037 -0.672821 -0.002033 0.001036 0.999997 37.577539
0.999991 0.003477 0.002441 -0.670314 -0.003474 0.999993 -0.001119 -0.691596 -0.002445 0.001110 0.999996 38.972346
0.999975 0.006520 0.002664 -0.678618 -0.006516 0.999977 -0.001641 -0.723041 -0.002674 0.001624 0.999995 40.374922
0.999963 0.008188 0.002452 -0.687584 -0.008185 0.999966 -0.001318 -0.733411 -0.002462 0.001297 0.999996 41.781745
0.999950 0.009664 0.002572 -0.714703 -0.009661 0.999952 -0.001410 -0.758645 -0.002585 0.001385 0.999996 43.189034
0.999955 0.009113 0.002590 -0.775726 -0.009109 0.999957 -0.001573 -0.788481 -0.002604 0.001549 0.999995 44.597234
0.999943 0.009935 0.003906 -0.805032 -0.009926 0.999948 -0.002183 -0.816757 -0.003928 0.002144 0.999990 46.009874
0.999943 0.010251 0.003021 -0.807921 -0.010244 0.999945 -0.002283 -0.842054 -0.003044 0.002252 0.999993 47.425589
0.999946 0.010173 0.001957 -0.826280 -0.010173 0.999948 -0.000372 -0.886687 -0.001961 0.000352 0.999998 48.847546
0.999937 0.011194 -0.000466 -0.787877 -0.011194 0.999937 -0.001197 -0.903494 0.000453 0.001202 0.999999 50.269644
0.999925 0.012184 -0.001189 -0.808097 -0.012185 0.999924 -0.001608 -0.918981 0.001170 0.001622 0.999998 51.695703
0.999926 0.011926 -0.002564 -0.809829 -0.011927 0.999929 -0.000138 -0.968965 0.002563 0.000169 0.999997 53.123806
0.999965 0.007748 -0.003060 -0.880257 -0.007744 0.999969 0.001094 -0.985350 0.003069 -0.001071 0.999995 54.549622
0.999958 0.008067 -0.004270 -0.852872 -0.008064 0.999967 0.000766 -1.019554 0.004276 -0.000732 0.999991 55.981057
0.999984 0.004056 -0.003863 -0.953865 -0.004055 0.999992 0.000282 -1.033242 0.003864 -0.000266 0.999993 57.406468
0.999987 0.003015 -0.004035 -0.967287 -0.003013 0.999995 0.000502 -1.054806 0.004037 -0.000490 0.999992 58.834505
0.999992 0.001875 -0.003594 -0.995067 -0.001871 0.999998 0.001102 -1.082527 0.003596 -0.001095 0.999993 60.263636
0.999992 0.001080 -0.003887 -0.977757 -0.001073 0.999997 0.002010 -1.113933 0.003889 -0.002005 0.999990 61.688102
0.999997 0.000700 -0.002399 -1.022634 -0.000699 1.000000 0.000678 -1.130720 0.002400 -0.000676 0.999997 63.111519
0.999997 0.001079 -0.002138 -1.019159 -0.001080 0.999999 -0.000446 -1.186169 0.002138 0.000448 0.999998 64.530468
0.999997 0.001373 -0.001915 -1.023160 -0.001375 0.999999 -0.000792 -1.207070 0.001914 0.000795 0.999998 65.948005
0.999998 0.002046 -0.000883 -1.068366 -0.002046 0.999998 -0.000661 -1.248006 0.000882 0.000663 0.999999 67.360554
0.999990 0.004454 -0.000372 -1.102227 -0.004454 0.999990 0.000591 -1.273440 0.000374 -0.000589 1.000000 68.773007
0.999970 0.007692 0.000199 -1.106626 -0.007692 0.999969 0.001843 -1.304197 -0.000185 -0.001844 0.999998 70.186924
0.999973 0.007247 0.001366 -1.185510 -0.007251 0.999970 0.002897 -1.296958 -0.001345 -0.002907 0.999995 71.594648
0.999917 0.012866 0.000805 -1.144234 -0.012868 0.999914 0.002636 -1.340993 -0.000771 -0.002646 0.999996 72.993556
0.999882 0.015209 0.002377 -1.219595 -0.015212 0.999884 0.001223 -1.324389 -0.002358 -0.001259 0.999996 74.394137
0.999848 0.017179 0.002931 -1.237973 -0.017184 0.999851 0.001649 -1.379428 -0.002903 -0.001699 0.999994 75.795205
0.999852 0.016932 0.002947 -1.247139 -0.016937 0.999855 0.001780 -1.392858 -0.002917 -0.001830 0.999994 77.191554
0.999875 0.015491 0.003176 -1.302342 -0.015496 0.999879 0.001416 -1.413498 -0.003154 -0.001465 0.999994 78.584624
0.999898 0.014011 0.002864 -1.321822 -0.014012 0.999902 0.000449 -1.437767 -0.002857 -0.000489 0.999996 79.974894
0.999928 0.011340 0.003834 -1.501367 -0.011344 0.999935 0.001139 -1.452581 -0.003821 -0.001183 0.999992 81.348802
0.999928 0.011437 0.003743 -1.521602 -0.011442 0.999934 0.001347 -1.479557 -0.003728 -0.001390 0.999992 82.734802
0.999946 0.009745 0.003537 -1.603203 -0.009748 0.999952 0.000871 -1.479205 -0.003528 -0.000906 0.999993 84.119030
0.999950 0.009620 0.002825 -1.628096 -0.009623 0.999953 0.001164 -1.502789 -0.002814 -0.001191 0.999995 85.500726
0.999960 0.008620 0.002310 -1.670489 -0.008626 0.999960 0.002319 -1.530794 -0.002290 -0.002338 0.999995 86.884597
0.999966 0.008171 0.000981 -1.640773 -0.008174 0.999962 0.003024 -1.575277 -0.000956 -0.003032 0.999995 88.262665
0.999990 0.004472 -0.000371 -1.673490 -0.004471 0.999984 0.003422 -1.570998 0.000386 -0.003420 0.999994 89.639729
0.999999 0.001303 -0.000728 -1.714186 -0.001300 0.999992 0.003755 -1.599938 0.000733 -0.003754 0.999993 91.007886
0.999999 -0.000833 -0.001447 -1.730898 0.000837 0.999995 0.003015 -1.608984 0.001445 -0.003016 0.999994 92.374025
0.999994 -0.002567 -0.002256 -1.731066 0.002573 0.999993 0.002736 -1.642615 0.002249 -0.002741 0.999994 93.735946
0.999995 -0.001892 -0.002673 -1.773198 0.001897 0.999997 0.001773 -1.645800 0.002669 -0.001778 0.999995 95.093025
0.999995 -0.002090 -0.002282 -1.800975 0.002092 0.999997 0.001049 -1.672136 0.002280 -0.001053 0.999997 96.445865
0.999995 -0.002202 -0.002477 -1.808943 0.002204 0.999997 0.000620 -1.722570 0.002475 -0.000626 0.999997 97.796841
0.999997 -0.001140 -0.002077 -1.815558 0.001141 0.999999 0.000461 -1.717962 0.002077 -0.000463 0.999998 99.146848
0.999998 0.000048 -0.001931 -1.830105 -0.000045 0.999998 0.001798 -1.743044 0.001931 -0.001798 0.999997 100.491892
0.999998 0.000903 -0.001926 -1.851751 -0.000897 0.999995 0.002951 -1.763852 0.001929 -0.002949 0.999994 101.836982
0.999998 0.000482 -0.002078 -1.860523 -0.000479 0.999999 0.001438 -1.804518 0.002078 -0.001437 0.999997 103.177087
0.999996 0.001258 -0.002431 -1.849608 -0.001259 0.999999 -0.000685 -1.842279 0.002430 0.000688 0.999997 104.515400
0.999997 -0.001550 -0.002030 -1.862917 0.001548 0.999998 -0.001024 -1.886746 0.002031 0.001021 0.999997 105.851043
0.999991 -0.003791 -0.001990 -1.880248 0.003791 0.999993 0.000150 -1.911934 0.001990 -0.000157 0.999998 107.195564
0.999977 -0.006489 -0.001879 -1.884272 0.006495 0.999974 0.003135 -1.961296 0.001858 -0.003147 0.999993 108.536045
0.999967 -0.007990 -0.001508 -1.883374 0.007996 0.999960 0.003921 -2.001980 0.001476 -0.003933 0.999991 109.874066
0.999961 -0.008843 -0.000726 -1.903442 0.008845 0.999957 0.002739 -2.025108 0.000702 -0.002745 0.999996 111.206077
0.999985 -0.005482 -0.000049 -1.912923 0.005482 0.999985 -0.000294 -2.051189 0.000051 0.000294 1.000000 112.534544
0.999989 -0.004422 -0.001382 -1.879332 0.004419 0.999988 -0.002008 -2.098721 0.001391 0.002002 0.999997 113.857040
0.999999 -0.001089 0.000483 -1.925406 0.001090 0.999998 -0.001908 -2.125407 -0.000481 0.001908 0.999998 115.187663
0.999997 0.002481 -0.000092 -1.890704 -0.002481 0.999997 0.000135 -2.187853 0.000092 -0.000135 1.000000 116.518792
0.999996 0.002629 0.001040 -1.900791 -0.002631 0.999995 0.002006 -2.205775 -0.001035 -0.002009 0.999997 117.853149
0.999998 0.000639 0.002073 -1.952824 -0.000642 0.999999 0.001305 -2.185901 -0.002072 -0.001306 0.999997 119.185962
0.999984 0.004204 0.003803 -1.985006 -0.004202 0.999991 -0.000523 -2.201023 -0.003805 0.000507 0.999993 120.528851
0.999978 0.004053 0.005263 -2.013832 -0.004048 0.999991 -0.000953 -2.202040 -0.005267 0.000932 0.999986 121.892955
0.999951 0.007058 0.006972 -2.001943 -0.007048 0.999974 -0.001444 -2.238192 -0.006982 0.001395 0.999975 123.248562
0.999951 0.006277 0.007705 -1.993926 -0.006257 0.999977 -0.002633 -2.266553 -0.007722 0.002585 0.999967 124.607894
0.999927 0.009196 0.007844 -1.947331 -0.009168 0.999952 -0.003590 -2.323542 -0.007876 0.003517 0.999963 125.959742
0.999925 0.008466 0.008857 -1.956240 -0.008426 0.999954 -0.004545 -2.342147 -0.008895 0.004470 0.999950 127.315584
0.999940 0.007803 0.007659 -1.958919 -0.007773 0.999962 -0.003892 -2.383231 -0.007689 0.003833 0.999963 128.672444
0.999941 0.006232 0.008925 -2.006118 -0.006210 0.999978 -0.002464 -2.426267 -0.008941 0.002408 0.999957 130.028791
0.999955 0.004780 0.008251 -1.967525 -0.004762 0.999986 -0.002158 -2.449461 -0.008262 0.002119 0.999964 131.377002
0.999959 0.002411 0.008744 -1.993280 -0.002392 0.999995 -0.002091 -2.476909 -0.008749 0.002070 0.999960 132.730780
0.999955 -0.000143 0.009498 -2.059766 0.000168 0.999997 -0.002614 -2.461247 -0.009498 0.002615 0.999951 134.081212
0.999955 -0.002915 0.009024 -2.092266 0.002938 0.999992 -0.002555 -2.492816 -0.009017 0.002582 0.999956 135.434119
0.999966 -0.004298 0.007045 -2.067441 0.004312 0.999989 -0.001997 -2.535142 -0.007036 0.002027 0.999973 136.779515
0.999966 -0.006612 0.004943 -2.029407 0.006616 0.999978 -0.000841 -2.584127 -0.004937 0.000874 0.999987 138.130193
0.999964 -0.007675 0.003521 -2.029161 0.007679 0.999970 -0.001123 -2.610047 -0.003512 0.001150 0.999993 139.480412
0.999967 -0.007734 0.002564 -2.041405 0.007737 0.999969 -0.001314 -2.636065 -0.002554 0.001333 0.999996 140.830816
0.999970 -0.007635 0.001203 -2.032283 0.007638 0.999969 -0.001928 -2.668229 -0.001188 0.001937 0.999997 142.179976
0.999969 -0.007847 0.000117 -2.041924 0.007847 0.999967 -0.002278 -2.697537 -0.000100 0.002279 0.999997 143.527572
0.999956 -0.009402 -0.000599 -2.062990 0.009400 0.999945 -0.004612 -2.733115 0.000642 0.004606 0.999989 144.875126
0.999899 -0.014078 -0.001885 -2.050874 0.014068 0.999887 -0.005273 -2.766421 0.001959 0.005246 0.999984 146.218332
0.999769 -0.021242 -0.003280 -2.043942 0.021232 0.999770 -0.003150 -2.798443 0.003346 0.003079 0.999990 147.571128
0.999556 -0.029283 -0.005485 -2.082200 0.029284 0.999571 0.000039 -2.867155 0.005482 -0.000200 0.999985 148.918293
0.999427 -0.033420 -0.005279 -2.107732 0.033407 0.999439 -0.002510 -2.903742 0.005360 0.002332 0.999983 150.262982
0.999469 -0.032091 -0.005674 -2.118992 0.032059 0.999469 -0.005779 -2.933328 0.005856 0.005595 0.999967 151.606512
0.999582 -0.028334 -0.005662 -2.115745 0.028287 0.999566 -0.008277 -2.963335 0.005894 0.008113 0.999950 152.952355
0.999582 -0.028264 -0.006054 -2.102253 0.028212 0.999566 -0.008465 -3.003070 0.006290 0.008291 0.999946 154.299052
0.999508 -0.030637 -0.006721 -2.064167 0.030604 0.999519 -0.004987 -3.063038 0.006871 0.004779 0.999965 155.646105
0.999328 -0.036169 -0.005900 -2.092391 0.036162 0.999345 -0.001325 -3.118529 0.005944 0.001111 0.999982 156.994921
0.999227 -0.038872 -0.005943 -2.105033 0.038870 0.999244 -0.000328 -3.146461 0.005951 0.000097 0.999982 158.343812
0.999157 -0.040645 -0.005719 -2.128175 0.040645 0.999174 -0.000205 -3.189650 0.005722 -0.000028 0.999984 159.689833
0.999198 -0.039757 -0.004769 -2.174874 0.039763 0.999208 0.001230 -3.220940 0.004716 -0.001418 0.999988 161.039314
0.999341 -0.036146 -0.003268 -2.214786 0.036149 0.999346 0.000835 -3.256638 0.003236 -0.000952 0.999994 162.388263
0.999520 -0.030925 -0.002075 -2.225760 0.030922 0.999521 -0.001447 -3.289141 0.002119 0.001382 0.999997 163.738808
0.999623 -0.027470 -0.000336 -2.253390 0.027470 0.999622 -0.001469 -3.332341 0.000376 0.001460 0.999999 165.089261
0.999704 -0.024323 0.000140 -2.288057 0.024323 0.999704 -0.000864 -3.356979 -0.000119 0.000867 1.000000 166.447152
0.999716 -0.023810 0.000869 -2.340671 0.023811 0.999716 -0.000769 -3.380808 -0.000850 0.000789 0.999999 167.807223
0.999747 -0.022508 0.000028 -2.367376 0.022508 0.999742 -0.003184 -3.414270 0.000044 0.003183 0.999995 169.166989
0.999775 -0.021185 -0.000787 -2.411859 0.021180 0.999760 -0.005622 -3.447517 0.000906 0.005604 0.999984 170.525741
0.999832 -0.018315 0.000243 -2.474401 0.018316 0.999815 -0.005897 -3.485712 -0.000135 0.005901 0.999983 171.888481
0.999899 -0.014206 0.000074 -2.463995 0.014206 0.999888 -0.004701 -3.533511 -0.000007 0.004701 0.999989 173.256787
0.999916 -0.012946 -0.000152 -2.554869 0.012945 0.999912 -0.002977 -3.543126 0.000191 0.002974 0.999996 174.630328
0.999944 -0.010542 -0.000759 -2.552692 0.010541 0.999944 -0.001167 -3.579986 0.000771 0.001159 0.999999 176.009643
0.999864 -0.016454 -0.000798 -2.666079 0.016454 0.999865 0.000310 -3.593738 0.000793 -0.000323 1.000000 177.381629
0.999824 -0.018580 -0.002490 -2.693596 0.018580 0.999827 0.000016 -3.616933 0.002489 -0.000062 0.999997 178.756821
0.999809 -0.018922 -0.004979 -2.717837 0.018895 0.999807 -0.005403 -3.601007 0.005080 0.005308 0.999973 180.137958
0.999846 -0.016656 -0.005516 -2.788219 0.016603 0.999818 -0.009377 -3.657076 0.005671 0.009284 0.999941 181.514587
0.999907 -0.011555 -0.007309 -2.794181 0.011488 0.999892 -0.009118 -3.737128 0.007414 0.009033 0.999932 182.900919
0.999943 -0.007235 -0.007913 -2.799050 0.007167 0.999938 -0.008521 -3.780424 0.007974 0.008464 0.999932 184.294594
0.999961 -0.005342 -0.007041 -2.866748 0.005308 0.999974 -0.004966 -3.820663 0.007067 0.004929 0.999963 185.688068
0.999970 -0.004642 -0.006225 -2.928866 0.004624 0.999985 -0.003047 -3.848854 0.006239 0.003018 0.999976 187.086074
0.999970 -0.004727 -0.006077 -2.957547 0.004713 0.999986 -0.002363 -3.879195 0.006088 0.002334 0.999979 188.487262
0.999954 -0.007299 -0.006267 -2.980987 0.007285 0.999971 -0.002198 -3.874024 0.006283 0.002152 0.999978 189.891836
0.999948 -0.008572 -0.005548 -3.019762 0.008562 0.999962 -0.001795 -3.912533 0.005563 0.001748 0.999983 191.299073
0.999932 -0.010479 -0.005192 -3.023290 0.010470 0.999944 -0.001641 -3.958367 0.005209 0.001587 0.999985 192.707157
0.999895 -0.013776 -0.004448 -3.108372 0.013772 0.999905 -0.000773 -3.994035 0.004458 0.000711 0.999990 194.122941
0.999827 -0.018211 -0.003906 -3.128974 0.018214 0.999834 0.000867 -4.029419 0.003890 -0.000938 0.999992 195.542176
0.999775 -0.020877 -0.003829 -3.141952 0.020880 0.999782 0.000677 -4.050329 0.003814 -0.000757 0.999992 196.964232
0.999816 -0.018696 -0.004342 -3.151591 0.018680 0.999819 -0.003717 -4.076932 0.004411 0.003635 0.999984 198.384583
0.999929 -0.011177 -0.004101 -3.168738 0.011140 0.999899 -0.008807 -4.103659 0.004199 0.008760 0.999953 199.808359
0.999989 -0.003372 -0.003389 -3.210108 0.003344 0.999962 -0.008096 -4.155898 0.003416 0.008085 0.999961 201.240680
0.999986 0.004605 -0.002736 -3.217029 -0.004617 0.999979 -0.004590 -4.188648 0.002715 0.004602 0.999986 202.678454
0.999980 0.006024 -0.002142 -3.237357 -0.006029 0.999979 -0.002329 -4.227099 0.002128 0.002342 0.999995 204.115712
0.999989 0.004123 -0.002330 -3.270999 -0.004127 0.999990 -0.001967 -4.247055 0.002322 0.001977 0.999995 205.553281
0.999993 0.000749 -0.003609 -3.290975 -0.000757 0.999997 -0.002118 -4.269717 0.003608 0.002120 0.999991 207.001081
0.999986 -0.002453 -0.004740 -3.318078 0.002442 0.999994 -0.002484 -4.302809 0.004746 0.002473 0.999986 208.450221
0.999982 -0.002394 -0.005477 -3.327290 0.002378 0.999993 -0.002991 -4.330091 0.005484 0.002978 0.999981 209.905426
0.999980 -0.000773 -0.006273 -3.332572 0.000752 0.999994 -0.003309 -4.351372 0.006276 0.003304 0.999975 211.367379
0.999980 0.000182 -0.006319 -3.372259 -0.000197 0.999997 -0.002404 -4.381774 0.006319 0.002405 0.999977 212.827302
0.999976 -0.001692 -0.006713 -3.410506 0.001676 0.999996 -0.002301 -4.422708 0.006717 0.002289 0.999975 214.295588
0.999972 -0.002397 -0.007147 -3.441734 0.002373 0.999992 -0.003333 -4.453026 0.007155 0.003316 0.999969 215.767491
0.999967 -0.002821 -0.007645 -3.477724 0.002790 0.999988 -0.004016 -4.478238 0.007656 0.003995 0.999963 217.242186
0.999966 -0.001729 -0.008039 -3.510801 0.001694 0.999989 -0.004420 -4.511402 0.008047 0.004406 0.999958 218.722167
0.999955 -0.002527 -0.009192 -3.500013 0.002492 0.999990 -0.003782 -4.572765 0.009202 0.003759 0.999951 220.198515
0.999947 -0.002988 -0.009881 -3.535846 0.002949 0.999988 -0.003942 -4.596803 0.009893 0.003913 0.999943 221.684372
0.999929 -0.000460 -0.011880 -3.513814 0.000389 0.999982 -0.006013 -4.592472 0.011882 0.006008 0.999911 223.168582
0.999937 -0.001358 -0.011160 -3.618970 0.001292 0.999982 -0.005895 -4.636463 0.011168 0.005881 0.999920 224.653994
0.999936 -0.000411 -0.011319 -3.656613 0.000344 0.999982 -0.005919 -4.671087 0.011321 0.005915 0.999918 226.143554
0.999905 -0.001860 -0.013642 -3.648080 0.001791 0.999985 -0.005101 -4.720407 0.013651 0.005076 0.999894 227.634138
0.999903 -0.002726 -0.013661 -3.670943 0.002652 0.999982 -0.005454 -4.753046 0.013676 0.005417 0.999892 229.124749
0.999909 -0.004001 -0.012896 -3.725438 0.003940 0.999981 -0.004710 -4.799575 0.012915 0.004659 0.999906 230.617523
0.999894 -0.005566 -0.013447 -3.738039 0.005515 0.999977 -0.003819 -4.845050 0.013468 0.003745 0.999902 232.113706
0.999924 -0.004333 -0.011572 -3.794300 0.004287 0.999983 -0.004000 -4.876636 0.011589 0.003950 0.999925 233.608288
0.999910 -0.003110 -0.013075 -3.767169 0.003059 0.999988 -0.003913 -4.930760 0.013087 0.003872 0.999907 235.108625
0.999925 -0.003985 -0.011567 -3.868569 0.003941 0.999985 -0.003866 -4.976667 0.011582 0.003820 0.999926 236.610489
0.999929 -0.003352 -0.011425 -3.916096 0.003311 0.999988 -0.003578 -4.997515 0.011437 0.003540 0.999928 238.115261
0.999938 -0.001933 -0.011002 -3.931880 0.001915 0.999997 -0.001625 -5.038534 0.011005 0.001603 0.999938 239.625363
0.999926 -0.002322 -0.011942 -3.924120 0.002309 0.999997 -0.001102 -5.071608 0.011944 0.001074 0.999928 241.136173
0.999936 -0.002242 -0.011104 -3.971374 0.002214 0.999994 -0.002515 -5.108369 0.011110 0.002490 0.999935 242.651429
0.999941 -0.002594 -0.010512 -4.021831 0.002557 0.999990 -0.003553 -5.150827 0.010521 0.003526 0.999938 244.165002
0.999946 -0.001635 -0.010256 -4.033737 0.001604 0.999994 -0.002990 -5.193512 0.010261 0.002973 0.999943 245.685699
0.999942 -0.001928 -0.010559 -4.050272 0.001908 0.999996 -0.001954 -5.230658 0.010563 0.001933 0.999942 247.210010
0.999957 -0.002254 -0.009038 -4.143388 0.002233 0.999995 -0.002393 -5.243552 0.009043 0.002373 0.999956 248.727832
0.999955 -0.001952 -0.009255 -4.179442 0.001930 0.999995 -0.002321 -5.281862 0.009259 0.002304 0.999954 250.255401
0.999952 -0.001258 -0.009735 -4.194105 0.001237 0.999997 -0.002167 -5.320082 0.009738 0.002155 0.999950 251.782747
0.999949 -0.000635 -0.010120 -4.226515 0.000614 0.999998 -0.002004 -5.355926 0.010121 0.001998 0.999947 253.315083
0.999944 0.000766 -0.010516 -4.239065 -0.000785 0.999998 -0.001866 -5.387321 0.010514 0.001875 0.999943 254.846382
0.999940 -0.000709 -0.010949 -4.257221 0.000692 0.999998 -0.001588 -5.422430 0.010951 0.001581 0.999939 256.380609
0.999939 -0.001875 -0.010889 -4.295409 0.001864 0.999998 -0.001017 -5.457609 0.010891 0.000997 0.999940 257.918169
0.999939 -0.003950 -0.010284 -4.332411 0.003942 0.999992 -0.000804 -5.485772 0.010287 0.000763 0.999947 259.456801
0.999929 -0.006039 -0.010231 -4.395511 0.006024 0.999981 -0.001540 -5.508174 0.010240 0.001479 0.999946 260.990450
0.999906 -0.007857 -0.011225 -4.422950 0.007828 0.999966 -0.002557 -5.546878 0.011244 0.002469 0.999934 262.527821
0.999892 -0.009826 -0.010943 -4.454022 0.009814 0.999951 -0.001118 -5.569758 0.010953 0.001010 0.999940 264.065818
0.999883 -0.011166 -0.010451 -4.471914 0.011174 0.999937 0.000748 -5.593747 0.010442 -0.000865 0.999945 265.611769
0.999875 -0.011584 -0.010790 -4.500273 0.011578 0.999933 -0.000650 -5.610180 0.010797 0.000525 0.999942 267.152850
0.999888 -0.010905 -0.010237 -4.527797 0.010894 0.999940 -0.001106 -5.670480 0.010248 0.000994 0.999947 268.691455
0.999908 -0.009701 -0.009430 -4.578193 0.009686 0.999952 -0.001653 -5.695415 0.009445 0.001561 0.999954 270.230384
0.999965 -0.004314 -0.007153 -4.637223 0.004292 0.999986 -0.003090 -5.708939 0.007166 0.003059 0.999970 271.771127
0.999985 -0.002129 -0.005058 -4.726089 0.002112 0.999992 -0.003255 -5.763448 0.005065 0.003244 0.999982 273.314627
0.999989 0.001179 -0.004647 -4.679106 -0.001195 0.999994 -0.003344 -5.826932 0.004643 0.003350 0.999984 274.855360
0.999994 0.001177 -0.003255 -4.739066 -0.001188 0.999994 -0.003373 -5.871650 0.003251 0.003377 0.999989 276.400732
0.999998 0.001886 -0.000685 -4.813968 -0.001889 0.999989 -0.004327 -5.899661 0.000676 0.004329 0.999990 277.940964
0.999999 -0.001112 0.000765 -4.928288 0.001116 0.999983 -0.005772 -5.913419 -0.000758 0.005773 0.999983 279.487443
0.999999 -0.000973 0.000776 -4.894525 0.000977 0.999985 -0.005369 -5.964108 -0.000771 0.005370 0.999985 281.037451
0.999994 -0.003036 0.001404 -4.924999 0.003041 0.999987 -0.004044 -6.003215 -0.001391 0.004049 0.999991 282.591182
0.999991 -0.003616 0.002275 -4.923777 0.003623 0.999988 -0.003184 -6.058257 -0.002263 0.003192 0.999992 284.141316
0.999985 -0.004923 0.002249 -4.950100 0.004935 0.999973 -0.005459 -6.097920 -0.002222 0.005470 0.999983 285.685974
0.999987 -0.004937 0.001509 -4.933370 0.004948 0.999959 -0.007570 -6.158470 -0.001472 0.007577 0.999970 287.239754
0.999988 -0.004879 -0.000074 -4.981085 0.004878 0.999958 -0.007788 -6.201522 0.000112 0.007787 0.999970 288.792666
0.999985 -0.005308 -0.001031 -4.980598 0.005300 0.999959 -0.007365 -6.266558 0.001070 0.007359 0.999972 290.348459
0.999983 -0.005451 -0.001997 -5.003884 0.005434 0.999952 -0.008121 -6.289057 0.002042 0.008110 0.999965 291.907447
0.999981 -0.005452 -0.003034 -4.985235 0.005427 0.999950 -0.008401 -6.333763 0.003080 0.008384 0.999960 293.469582
0.999994 -0.002459 -0.002233 -5.011216 0.002441 0.999964 -0.008183 -6.376861 0.002253 0.008177 0.999964 295.038392
0.999989 -0.004215 -0.002002 -5.170467 0.004200 0.999962 -0.007617 -6.438847 0.002034 0.007608 0.999969 296.601215
0.999987 -0.004866 -0.001558 -5.312772 0.004856 0.999969 -0.006139 -6.478883 0.001587 0.006131 0.999980 298.172510
0.999992 -0.003222 -0.002193 -5.326193 0.003212 0.999984 -0.004691 -6.518377 0.002208 0.004683 0.999987 299.758811
0.999988 -0.004820 -0.001300 -5.428930 0.004814 0.999977 -0.004714 -6.559823 0.001323 0.004708 0.999988 301.339677
0.999994 -0.003450 0.000641 -5.503497 0.003453 0.999981 -0.005024 -6.593840 -0.000623 0.005026 0.999987 302.929891
0.999982 -0.005786 0.001282 -5.533620 0.005793 0.999970 -0.005206 -6.641319 -0.001252 0.005214 0.999986 304.525741
0.999973 -0.007191 0.001557 -5.543220 0.007201 0.999955 -0.006110 -6.694599 -0.001513 0.006121 0.999980 306.124377
0.999956 -0.009168 0.002152 -5.547371 0.009184 0.999929 -0.007595 -6.739848 -0.002082 0.007614 0.999969 307.727157
0.999947 -0.010177 0.001523 -5.549341 0.010190 0.999908 -0.008937 -6.779867 -0.001432 0.008952 0.999959 309.334598
0.999956 -0.009418 0.000232 -5.567740 0.009420 0.999903 -0.010217 -6.821261 -0.000135 0.010219 0.999948 310.948711
0.999960 -0.008953 -0.000826 -5.630052 0.008946 0.999920 -0.008940 -6.876159 0.000906 0.008933 0.999960 312.558594
0.999967 -0.008029 -0.001014 -5.661442 0.008024 0.999952 -0.005600 -6.925269 0.001059 0.005592 0.999984 314.181882
0.999956 -0.009349 -0.000318 -5.687725 0.009348 0.999952 -0.002894 -6.953749 0.000345 0.002891 0.999996 315.808980
0.999961 -0.008647 0.001791 -5.771257 0.008652 0.999960 -0.002453 -6.990382 -0.001769 0.002469 0.999995 317.435760
0.999951 -0.009657 0.002334 -5.790134 0.009665 0.999947 -0.003531 -7.030620 -0.002300 0.003553 0.999991 319.063952
0.999950 -0.009812 0.001965 -5.758370 0.009819 0.999944 -0.003923 -7.052505 -0.001926 0.003942 0.999990 320.693751
0.999939 -0.010706 0.002536 -5.831259 0.010715 0.999936 -0.003580 -7.090590 -0.002497 0.003607 0.999990 322.323690
0.999953 -0.009522 0.001675 -5.828937 0.009531 0.999941 -0.005133 -7.091243 -0.001626 0.005149 0.999985 323.950029
0.999961 -0.008236 0.003320 -5.915587 0.008256 0.999948 -0.005967 -7.157587 -0.003271 0.005994 0.999977 325.575333
0.999975 -0.006470 0.002966 -5.892527 0.006492 0.999950 -0.007639 -7.171994 -0.002916 0.007658 0.999966 327.205122
0.999968 -0.006769 0.004164 -5.904466 0.006797 0.999955 -0.006614 -7.200871 -0.004119 0.006642 0.999969 328.831859
0.999958 -0.008037 0.004482 -5.960901 0.008062 0.999951 -0.005725 -7.233328 -0.004435 0.005761 0.999974 330.457604
0.999941 -0.010042 0.004171 -5.960688 0.010068 0.999930 -0.006278 -7.294369 -0.004108 0.006319 0.999972 332.075366
0.999971 -0.007645 0.000065 -5.816843 0.007645 0.999941 -0.007653 -7.289107 -0.000007 0.007653 0.999971 333.689395
0.999986 -0.005044 0.001689 -5.968490 0.005060 0.999938 -0.009965 -7.341243 -0.001638 0.009973 0.999949 335.294943
0.999990 -0.004034 0.001687 -6.063603 0.004056 0.999907 -0.013012 -7.386371 -0.001635 0.013019 0.999914 336.899343
0.999996 -0.002602 0.001318 -6.075305 0.002618 0.999921 -0.012270 -7.461411 -0.001286 0.012273 0.999924 338.509445
0.999996 -0.002663 0.000329 -6.122112 0.002666 0.999965 -0.007888 -7.530984 -0.000308 0.007888 0.999969 340.115338
0.999997 -0.001420 -0.001877 -6.117987 0.001409 0.999985 -0.005376 -7.566053 0.001885 0.005373 0.999984 341.732742
0.999991 -0.001525 -0.003856 -6.111801 0.001501 0.999980 -0.006142 -7.627217 0.003866 0.006137 0.999974 343.338396
0.999978 -0.001974 -0.006264 -6.100403 0.001923 0.999965 -0.008133 -7.648273 0.006280 0.008121 0.999947 344.938096
0.999961 -0.003212 -0.008199 -6.129625 0.003155 0.999970 -0.007051 -7.687668 0.008221 0.007025 0.999942 346.540438
0.999957 -0.003580 -0.008533 -6.197016 0.003529 0.999976 -0.005976 -7.759198 0.008554 0.005945 0.999946 348.137410
0.999959 -0.002539 -0.008682 -6.227472 0.002480 0.999974 -0.006744 -7.813283 0.008698 0.006723 0.999940 349.734575
0.999950 -0.003327 -0.009409 -6.248426 0.003256 0.999966 -0.007589 -7.859966 0.009434 0.007558 0.999927 351.328795
0.999927 -0.005099 -0.010960 -6.280156 0.005030 0.999968 -0.006282 -7.909081 0.010992 0.006226 0.999920 352.926694
0.999922 -0.005098 -0.011400 -6.280669 0.005016 0.999962 -0.007198 -7.924554 0.011436 0.007140 0.999909 354.518613
0.999916 -0.005568 -0.011728 -6.317768 0.005476 0.999954 -0.007851 -7.967579 0.011771 0.007786 0.999900 356.111012
0.999901 -0.005714 -0.012875 -6.330354 0.005601 0.999946 -0.008788 -8.009752 0.012924 0.008715 0.999878 357.701929
0.999905 -0.006455 -0.012143 -6.350840 0.006358 0.999948 -0.007969 -8.070095 0.012194 0.007891 0.999895 359.291825
0.999909 -0.005636 -0.012270 -6.363301 0.005528 0.999946 -0.008828 -8.121399 0.012319 0.008759 0.999886 360.882640
0.999899 -0.007421 -0.012108 -6.407843 0.007300 0.999924 -0.009983 -8.169473 0.012181 0.009894 0.999877 362.467073
0.999873 -0.009238 -0.012998 -6.430100 0.009130 0.999923 -0.008367 -8.216719 0.013074 0.008247 0.999881 364.064418
0.999816 -0.010730 -0.015875 -6.412363 0.010607 0.999913 -0.007791 -8.261653 0.015957 0.007621 0.999844 365.661336
0.999831 -0.010373 -0.015149 -6.452209 0.010231 0.999904 -0.009397 -8.301890 0.015245 0.009240 0.999841 367.258046
0.999847 -0.009133 -0.014945 -6.486698 0.008986 0.999911 -0.009850 -8.359070 0.015034 0.009714 0.999840 368.862804
0.999886 -0.007777 -0.012975 -6.555478 0.007676 0.999940 -0.007865 -8.422235 0.013035 0.007764 0.999885 370.449275
0.999905 -0.005413 -0.012677 -6.592876 0.005324 0.999961 -0.007010 -8.451057 0.012714 0.006942 0.999895 372.089402
0.999855 -0.005166 -0.016253 -6.577116 0.005016 0.999945 -0.009256 -8.473328 0.016300 0.009173 0.999825 373.699587
0.999866 -0.005502 -0.015415 -6.641012 0.005359 0.999942 -0.009350 -8.535986 0.015465 0.009266 0.999837 375.253343
0.999866 -0.005793 -0.015299 -6.690199 0.005649 0.999939 -0.009445 -8.595055 0.015352 0.009357 0.999838 376.858107
0.999846 -0.004334 -0.016979 -6.699665 0.004155 0.999936 -0.010546 -8.638955 0.017023 0.010474 0.999800 378.463481
0.999862 -0.002316 -0.016436 -6.750128 0.002145 0.999944 -0.010373 -8.703110 0.016459 0.010337 0.999811 380.075994
0.999881 -0.000525 -0.015397 -6.801744 0.000377 0.999954 -0.009606 -8.740037 0.015401 0.009599 0.999835 381.688289
0.999887 0.001566 -0.014972 -6.874279 -0.001718 0.999947 -0.010158 -8.790981 0.014955 0.010183 0.999836 383.306908
0.999887 0.002937 -0.014749 -6.930168 -0.003096 0.999937 -0.010829 -8.837314 0.014716 0.010874 0.999833 384.916107
0.999901 0.003619 -0.013563 -6.969232 -0.003771 0.999931 -0.011150 -8.882020 0.013522 0.011200 0.999846 386.532080
0.999904 0.006129 -0.012438 -7.044479 -0.006253 0.999931 -0.009982 -8.950770 0.012376 0.010059 0.999873 388.147151
0.999905 0.003350 -0.013336 -7.090412 -0.003471 0.999953 -0.009062 -9.009619 0.013305 0.009108 0.999870 389.765969
0.999904 0.004058 -0.013259 -7.120386 -0.004186 0.999945 -0.009607 -9.053494 0.013220 0.009661 0.999866 391.395415
0.999918 0.003662 -0.012284 -7.193556 -0.003776 0.999950 -0.009238 -9.092903 0.012250 0.009284 0.999882 393.015674
