0.999997 -0.001596 -0.002036 0.000000 0.001592 0.999996 -0.002419 0.000000 0.002040 0.002416 0.999995 0.000000
0.999985 -0.002435 -0.004985 0.000000 0.002413 0.999987 -0.004425 0.000000 0.004996 0.004413 0.999978 0.000000
0.999974 -0.003524 -0.006350 -0.024252 0.003481 0.999971 -0.006718 0.057892 0.006373 0.006696 0.999957 2.120065
0.999945 -0.004932 -0.009213 0.032944 0.004850 0.999948 -0.008969 0.047801 0.009257 0.008923 0.999917 2.679459
0.999913 -0.008387 -0.010219 -0.055709 0.008272 0.999903 -0.011221 0.053002 0.010312 0.011135 0.999885 3.237436
0.999885 -0.009750 -0.011601 -0.072184 0.009610 0.999881 -0.012105 0.039121 0.011717 0.011992 0.999859 3.811555
0.999894 -0.010310 -0.010248 -0.159431 0.010191 0.999881 -0.011562 0.026929 0.010366 0.011456 0.999881 4.384464
0.999870 -0.010017 -0.012632 -0.092395 0.009861 0.999875 -0.012361 0.013680 0.012754 0.012235 0.999844 4.967898
0.999857 -0.009266 -0.014119 -0.085009 0.009051 0.999843 -0.015221 -0.001781 0.014258 0.015091 0.999784 5.562514
0.999849 -0.007634 -0.015607 -0.072102 0.007336 0.999791 -0.019090 -0.024465 0.015749 0.018973 0.999696 6.163468
0.999812 -0.005256 -0.018686 -0.030464 0.004811 0.999705 -0.023789 -0.023236 0.018805 0.023695 0.999542 6.775262
0.999800 -0.002973 -0.019754 -0.026624 0.002501 0.999712 -0.023877 -0.044301 0.019820 0.023823 0.999520 7.401143
0.999768 -0.000533 -0.021535 -0.023681 0.000166 0.999855 -0.017048 -0.063067 0.021541 0.017040 0.999623 8.049413
0.999619 0.001533 -0.027553 0.114937 -0.001710 0.999978 -0.006402 -0.101202 0.027542 0.006446 0.999600 8.698733
0.999531 0.002738 -0.030500 0.128405 -0.002736 0.999996 0.000091 -0.117021 0.030500 -0.000008 0.999535 9.375262
0.999504 0.005592 -0.030981 0.083780 -0.005613 0.999984 -0.000594 -0.140015 0.030977 0.000768 0.999520 10.057601
0.999450 0.008309 -0.032117 0.080691 -0.008583 0.999928 -0.008395 -0.136680 0.032045 0.008666 0.999449 10.749900
0.999401 0.008152 -0.033628 0.023647 -0.008622 0.999867 -0.013845 -0.160173 0.033511 0.014126 0.999339 11.458095
0.999350 0.009054 -0.034896 0.039332 -0.009490 0.999878 -0.012368 -0.186289 0.034780 0.012691 0.999314 12.191829
0.999416 0.008095 -0.033209 -0.039290 -0.008187 0.999963 -0.002649 -0.215568 0.033186 0.002919 0.999445 12.947611
0.999445 0.007731 -0.032393 -0.089031 -0.007563 0.999957 0.005319 -0.235669 0.032433 -0.005071 0.999461 13.722397
0.999435 0.005961 -0.033088 -0.116943 -0.005709 0.999954 0.007696 -0.245950 0.033133 -0.007503 0.999423 14.510811
0.999442 0.002495 -0.033313 -0.171263 -0.002281 0.999977 0.006455 -0.240857 0.033328 -0.006375 0.999424 15.312724
0.999497 0.003195 -0.031566 -0.199313 -0.003093 0.999990 0.003289 -0.233679 0.031576 -0.003190 0.999496 16.133602
0.999480 0.004909 -0.031882 -0.234583 -0.004874 0.999987 0.001153 -0.256721 0.031887 -0.000997 0.999491 16.965575
0.999500 0.000561 -0.031612 -0.258820 -0.000697 0.999991 -0.004269 -0.258288 0.031609 0.004289 0.999491 17.811634
0.999517 -0.002435 -0.030976 -0.293140 0.002103 0.999940 -0.010737 -0.270852 0.031000 0.010667 0.999462 18.670923
0.999577 -0.001360 -0.029040 -0.336150 0.000893 0.999870 -0.016084 -0.287898 0.029058 0.016051 0.999449 19.551515
0.999582 -0.001874 -0.028838 -0.399973 0.001382 0.999853 -0.017094 -0.293315 0.028866 0.017047 0.999438 20.450450
0.999601 -0.000901 -0.028241 -0.436442 0.000449 0.999871 -0.016038 -0.325772 0.028252 0.016019 0.999472 21.369592
0.999576 -0.000035 -0.029109 -0.434974 -0.000473 0.999848 -0.017451 -0.344136 0.029106 0.017457 0.999424 22.304168
0.999547 0.002321 -0.030009 -0.437196 -0.002903 0.999809 -0.019351 -0.382733 0.029959 0.019429 0.999362 23.256815
0.999594 0.004417 -0.028150 -0.562934 -0.004986 0.999784 -0.020169 -0.418191 0.028055 0.020301 0.999400 24.219965
0.999594 0.004991 -0.028050 -0.614111 -0.005551 0.999786 -0.019915 -0.452574 0.027945 0.020062 0.999408 25.194385
0.999544 0.005531 -0.029676 -0.659646 -0.006108 0.999794 -0.019355 -0.502617 0.029563 0.019527 0.999372 26.175225
0.999548 0.006587 -0.029347 -0.708881 -0.007150 0.999792 -0.019114 -0.550820 0.029215 0.019316 0.999387 27.160824
0.999526 0.007955 -0.029749 -0.717640 -0.008489 0.999805 -0.017856 -0.588274 0.029602 0.018100 0.999398 28.161800
0.999509 0.008477 -0.030173 -0.770338 -0.008959 0.999834 -0.015884 -0.622410 0.030033 0.016147 0.999418 29.167724
0.999485 0.008435 -0.030962 -0.796647 -0.008893 0.999853 -0.014685 -0.657422 0.030834 0.014953 0.999413 30.181671
0.999514 0.008912 -0.029874 -0.861075 -0.009383 0.999833 -0.015661 -0.695713 0.029730 0.015934 0.999431 31.200494
0.999479 0.009779 -0.030766 -0.877381 -0.010295 0.999808 -0.016670 -0.721961 0.030597 0.016978 0.999388 32.229143
0.999461 0.007735 -0.031919 -0.899096 -0.008232 0.999846 -0.015471 -0.764161 0.031795 0.015726 0.999371 33.264652
0.999429 0.007197 -0.033000 -0.959007 -0.007644 0.999880 -0.013450 -0.791188 0.032899 0.013695 0.999365 34.310207
0.999403 0.006599 -0.033900 -1.021076 -0.006917 0.999933 -0.009265 -0.832105 0.033837 0.009494 0.999382 35.363190
0.999396 0.007035 -0.034026 -1.078283 -0.007275 0.999949 -0.006941 -0.860388 0.033975 0.007185 0.999397 36.424774
0.999434 0.006346 -0.033049 -1.167899 -0.006531 0.999964 -0.005480 -0.906314 0.033013 0.005693 0.999439 37.483349
0.999400 0.005635 -0.034185 -1.207647 -0.005878 0.999958 -0.006999 -0.932032 0.034144 0.007196 0.999391 38.554314
0.999384 0.005994 -0.034577 -1.267653 -0.006267 0.999950 -0.007805 -0.954517 0.034529 0.008016 0.999372 39.628051
0.999342 0.005347 -0.035866 -1.311702 -0.005586 0.999963 -0.006575 -0.978776 0.035830 0.006771 0.999335 40.703994
0.999233 0.004063 -0.038951 -1.340378 -0.004213 0.999984 -0.003772 -1.020736 0.038935 0.003933 0.999234 41.780903
0.999158 0.003101 -0.040914 -1.397210 -0.003138 0.999995 -0.000854 -1.055459 0.040911 0.000982 0.999162 42.855024
0.999070 0.004001 -0.042923 -1.450124 -0.004010 0.999992 -0.000131 -1.092113 0.042922 0.000303 0.999078 43.927935
0.998959 0.004569 -0.045378 -1.477633 -0.004719 0.999984 -0.003209 -1.126002 0.045363 0.003420 0.998965 44.992726
0.998949 0.006983 -0.045308 -1.554954 -0.007315 0.999948 -0.007166 -1.153143 0.045255 0.007490 0.998947 46.052311
0.999077 0.007468 -0.042311 -1.648008 -0.007825 0.999935 -0.008274 -1.171047 0.042247 0.008597 0.999070 47.121512
0.999094 0.009115 -0.041572 -1.710008 -0.009362 0.999940 -0.005756 -1.188173 0.041517 0.006140 0.999119 48.198761
0.999040 0.010136 -0.042620 -1.757049 -0.010335 0.999937 -0.004459 -1.205862 0.042572 0.004895 0.999081 49.274767
0.999086 0.009396 -0.041712 -1.844064 -0.009546 0.999949 -0.003404 -1.227189 0.041678 0.003799 0.999124 50.347605
0.999092 0.009745 -0.041484 -1.906388 -0.009921 0.999943 -0.004037 -1.260382 0.041442 0.004445 0.999131 51.424542
0.999108 0.008289 -0.041409 -1.969483 -0.008545 0.999945 -0.006017 -1.276250 0.041356 0.006366 0.999124 52.493436
0.999127 0.009157 -0.040764 -2.043320 -0.009478 0.999926 -0.007682 -1.315047 0.040690 0.008062 0.999139 53.563949
0.999100 0.009383 -0.041359 -2.087884 -0.009819 0.999898 -0.010353 -1.353352 0.041258 0.010750 0.999091 54.636892
0.999120 0.008663 -0.041029 -2.143784 -0.009224 0.999866 -0.013490 -1.396327 0.040907 0.013857 0.999067 55.701487
0.999156 0.006033 -0.040622 -2.211824 -0.006674 0.999855 -0.015657 -1.434317 0.040522 0.015915 0.999052 56.770856
0.999149 0.004232 -0.041035 -2.242108 -0.004805 0.999892 -0.013899 -1.454209 0.040971 0.014084 0.999061 57.841932
0.999147 0.002606 -0.041219 -2.299181 -0.002944 0.999963 -0.008141 -1.487377 0.041196 0.008255 0.999117 58.926815
0.999162 0.001687 -0.040892 -2.355469 -0.001798 0.999995 -0.002686 -1.508354 0.040887 0.002757 0.999160 60.011019
0.999167 0.000802 -0.040789 -2.428655 -0.000870 0.999998 -0.001668 -1.538255 0.040788 0.001703 0.999166 61.091387
0.999154 -0.002620 -0.041030 -2.479023 0.002445 0.999988 -0.004334 -1.572090 0.041041 0.004230 0.999149 62.168978
0.999136 -0.003809 -0.041384 -2.518233 0.003504 0.999966 -0.007443 -1.601583 0.041410 0.007291 0.999116 63.245923
0.999130 -0.000612 -0.041691 -2.560251 0.000137 0.999935 -0.011393 -1.639459 0.041695 0.011377 0.999066 64.323884
0.999138 -0.001561 -0.041473 -2.603526 0.000928 0.999883 -0.015274 -1.675740 0.041492 0.015222 0.999023 65.404230
0.999151 0.000938 -0.041175 -2.642728 -0.001596 0.999872 -0.015939 -1.694610 0.041155 0.015991 0.999025 66.488436
0.999096 0.004372 -0.042279 -2.657725 -0.004905 0.999910 -0.012510 -1.719793 0.042221 0.012706 0.999027 67.580531
0.999080 0.005858 -0.042487 -2.693925 -0.006313 0.999924 -0.010572 -1.752780 0.042421 0.010831 0.999041 68.668394
0.999048 0.004904 -0.043343 -2.741816 -0.005337 0.999937 -0.009885 -1.786985 0.043292 0.010107 0.999011 69.752494
0.998993 0.002816 -0.044768 -2.736154 -0.003221 0.999954 -0.008982 -1.830099 0.044740 0.009117 0.998957 70.839499
0.998989 0.002795 -0.044872 -2.795370 -0.003146 0.999965 -0.007742 -1.864543 0.044849 0.007876 0.998963 71.921422
0.998985 0.002165 -0.044995 -2.864334 -0.002417 0.999982 -0.005545 -1.895238 0.044983 0.005648 0.998972 73.003003
0.998974 0.001501 -0.045263 -2.938885 -0.001680 0.999991 -0.003924 -1.929907 0.045257 0.003996 0.998967 74.079960
0.998966 0.000577 -0.045451 -3.015833 -0.000802 0.999987 -0.004936 -1.971865 0.045448 0.004968 0.998954 75.151117
0.998958 0.001711 -0.045603 -3.079709 -0.002111 0.999960 -0.008727 -1.999431 0.045586 0.008814 0.998922 76.218475
0.998888 0.001661 -0.047115 -3.110513 -0.002163 0.999942 -0.010598 -2.035297 0.047095 0.010688 0.998833 77.286649
0.998955 0.004808 -0.045455 -3.245435 -0.005191 0.999952 -0.008312 -2.068087 0.045413 0.008539 0.998932 78.343368
0.998878 0.006768 -0.046880 -3.255630 -0.006963 0.999968 -0.003990 -2.107621 0.046852 0.004312 0.998893 79.414036
0.998808 0.007032 -0.048302 -3.275502 -0.007059 0.999975 -0.000385 -2.142260 0.048298 0.000726 0.998833 80.479795
0.998781 0.007449 -0.048801 -3.359326 -0.007443 0.999972 0.000304 -2.166197 0.048802 0.000060 0.998808 81.537709
0.998763 0.006400 -0.049312 -3.448881 -0.006509 0.999977 -0.002047 -2.178072 0.049298 0.002366 0.998781 82.589259
0.998731 0.007012 -0.049882 -3.493647 -0.007144 0.999971 -0.002481 -2.211842 0.049863 0.002834 0.998752 83.635565
0.998710 0.006157 -0.050394 -3.551199 -0.006301 0.999977 -0.002691 -2.233831 0.050376 0.003005 0.998726 84.673362
0.998667 0.004121 -0.051456 -3.610866 -0.004247 0.999988 -0.002337 -2.270126 0.051446 0.002552 0.998673 85.696613
0.998680 0.002543 -0.051307 -3.703142 -0.002605 0.999996 -0.001140 -2.292516 0.051304 0.001272 0.998682 86.703686
0.998667 0.002434 -0.051551 -3.780700 -0.002346 0.999996 0.001768 -2.329596 0.051555 -0.001644 0.998669 87.694379
0.998616 0.001322 -0.052576 -3.809419 -0.001180 0.999996 0.002730 -2.361744 0.052580 -0.002665 0.998613 88.666266
0.998428 0.000477 -0.056053 -3.834946 -0.000294 0.999995 0.003284 -2.392409 0.056054 -0.003262 0.998422 89.619241
0.998220 -0.000415 -0.059641 -3.894922 0.000555 0.999997 0.002322 -2.413683 0.059640 -0.002351 0.998217 90.548469
0.997939 -0.001670 -0.064150 -3.933447 0.001737 0.999998 0.000987 -2.433469 0.064149 -0.001097 0.997940 91.453991
0.997764 -0.003123 -0.066760 -4.056786 0.003224 0.999994 0.001404 -2.456178 0.066756 -0.001616 0.997768 92.330900
0.997586 -0.002956 -0.069375 -4.168210 0.003149 0.999991 0.002669 -2.481504 0.069366 -0.002881 0.997587 93.185921
0.997396 -0.002156 -0.072088 -4.257477 0.002435 0.999990 0.003784 -2.493411 0.072080 -0.003950 0.997391 94.021164
0.997285 -0.001406 -0.073623 -4.372361 0.001822 0.999983 0.005586 -2.514503 0.073614 -0.005705 0.997271 94.828066
0.997109 0.000142 -0.075980 -4.453215 0.000332 0.999981 0.006217 -2.526056 0.075980 -0.006224 0.997090 95.610945
0.996956 0.000851 -0.077967 -4.576917 -0.000354 0.999980 0.006388 -2.535068 0.077970 -0.006341 0.996936 96.362004
0.996716 0.002675 -0.080931 -4.632678 -0.002263 0.999984 0.005182 -2.544987 0.080944 -0.004982 0.996706 97.088448
0.996353 0.004564 -0.085210 -4.658738 -0.004437 0.999989 0.001687 -2.564466 0.085216 -0.001302 0.996362 97.787102
0.996134 0.006361 -0.087614 -4.729531 -0.006428 0.999979 -0.000487 -2.599937 0.087609 0.001048 0.996154 98.448927
0.995983 0.008451 -0.089145 -4.803681 -0.008816 0.999954 -0.003701 -2.603571 0.089110 0.004472 0.996012 99.083327
0.995958 0.010579 -0.089194 -4.876239 -0.010914 0.999935 -0.003268 -2.640072 0.089153 0.004228 0.996009 99.685241
0.996011 0.012763 -0.088311 -4.941937 -0.013040 0.999912 -0.002555 -2.661461 0.088271 0.003696 0.996090 100.266527
0.996204 0.016540 -0.085461 -5.000886 -0.016651 0.999861 -0.000592 -2.680106 0.085439 0.002013 0.996341 100.827639
0.996542 0.019430 -0.080786 -5.046223 -0.019352 0.999811 0.001755 -2.701258 0.080805 -0.000186 0.996730 101.365106
0.997016 0.019858 -0.074602 -5.081667 -0.019629 0.999800 0.003803 -2.711403 0.074663 -0.002327 0.997206 101.881733
0.997661 0.019307 -0.065577 -5.104045 -0.018924 0.999800 0.006461 -2.723920 0.065689 -0.005205 0.997827 102.376040
0.998386 0.018020 -0.053861 -5.137858 -0.017611 0.999812 0.008056 -2.733561 0.053996 -0.007094 0.998516 102.849154
0.999037 0.017073 -0.040415 -5.156389 -0.016736 0.999823 0.008651 -2.746798 0.040556 -0.007967 0.999146 103.299652
0.999534 0.016650 -0.025572 -5.167357 -0.016445 0.999831 0.008223 -2.757761 0.025705 -0.007798 0.999639 103.731593
0.999853 0.015154 -0.008065 -5.158381 -0.015106 0.999868 0.005969 -2.773328 0.008154 -0.005846 0.999950 104.152788
0.999814 0.014452 0.012764 -5.140335 -0.014478 0.999893 0.001913 -2.783008 -0.012735 -0.002097 0.999917 104.565204
0.999256 0.011561 0.036790 -5.117138 -0.011496 0.999932 -0.001977 -2.791069 -0.036811 0.001553 0.999321 104.966975
0.997965 0.009364 0.063068 -5.063294 -0.009139 0.999951 -0.003859 -2.800309 -0.063101 0.003275 0.998002 105.364773
0.996047 0.006554 0.088584 -4.958060 -0.006159 0.999970 -0.004724 -2.803636 -0.088612 0.004160 0.996058 105.738738
0.992829 0.004831 0.119446 -4.872648 -0.004089 0.999971 -0.006452 -2.804224 -0.119474 0.005918 0.992820 106.118008
0.988100 0.001759 0.153805 -4.780467 -0.000680 0.999975 -0.007069 -2.820041 -0.153814 0.006881 0.988076 106.482263
0.981801 -0.002139 0.189899 -4.656043 0.003345 0.999976 -0.006031 -2.840940 -0.189882 0.006556 0.981785 106.841224
0.974133 -0.004352 0.225935 -4.503991 0.005911 0.999963 -0.006222 -2.850012 -0.225899 0.007397 0.974123 107.173476
0.963637 -0.003932 0.267184 -4.382947 0.005951 0.999960 -0.006745 -2.868069 -0.267147 0.008090 0.963622 107.521374
0.949582 -0.001929 0.313512 -4.275655 0.004511 0.999962 -0.007510 -2.877757 -0.313485 0.008546 0.949555 107.870117
0.936773 -0.002334 0.349929 -4.031973 0.004996 0.999965 -0.006707 -2.875837 -0.349901 0.008031 0.936752 108.126929
0.918368 -0.001685 0.395725 -3.876909 0.004383 0.999973 -0.005913 -2.879655 -0.395704 0.007165 0.918350 108.452649
0.897923 -0.003468 0.440139 -3.692173 0.006064 0.999972 -0.004492 -2.897559 -0.440111 0.006703 0.897918 108.744233
0.875759 -0.003923 0.482733 -3.488503 0.007416 0.999958 -0.005329 -2.918315 -0.482692 0.008247 0.875751 109.030061
0.851802 -0.004691 0.523844 -3.269202 0.009797 0.999928 -0.006976 -2.933816 -0.523773 0.011074 0.851786 109.289286
0.823106 -0.000699 0.567887 -3.061544 0.009723 0.999870 -0.012861 -2.942319 -0.567804 0.016107 0.823006 109.573159
0.788634 0.006162 0.614832 -2.871564 0.006299 0.999816 -0.018100 -2.968912 -0.614830 0.018147 0.788451 109.860652
0.754241 0.009381 0.656531 -2.614460 0.007095 0.999723 -0.022436 -2.957614 -0.656559 0.021580 0.753966 110.112380
0.718067 0.008524 0.695922 -2.338349 0.010640 0.999674 -0.023223 -2.947078 -0.695892 0.024080 0.717742 110.346827
0.678927 0.004487 0.734192 -2.060096 0.015550 0.999669 -0.020489 -2.926204 -0.734041 0.025327 0.678633 110.570734
0.636701 0.004697 0.771096 -1.753481 0.015057 0.999715 -0.018522 -2.921919 -0.770964 0.023403 0.636449 110.786731
0.593555 0.005125 0.804777 -1.434480 0.013796 0.999768 -0.016542 -2.922589 -0.804675 0.020922 0.593347 110.972924
0.548120 0.004400 0.836388 -1.095314 0.012534 0.999831 -0.013474 -2.927208 -0.836305 0.017868 0.547972 111.146025
0.499310 0.004261 0.866413 -0.753027 0.009013 0.999908 -0.010112 -2.947551 -0.866376 0.012858 0.499226 111.310604
0.450496 0.004054 0.892769 -0.393329 0.007810 0.999934 -0.008482 -2.955877 -0.892744 0.010794 0.450435 111.458465
0.400916 0.009667 0.916064 -0.028083 0.008061 0.999868 -0.014080 -2.975606 -0.916080 0.013030 0.400785 111.600045
0.353014 0.012179 0.935539 0.346806 0.011741 0.999779 -0.017445 -2.982262 -0.935545 0.017142 0.352792 111.717769
0.307779 0.011385 0.951390 0.742780 0.014976 0.999747 -0.016809 -2.987052 -0.951340 0.019421 0.307531 111.822445
0.267519 0.005653 0.963536 1.155102 0.018127 0.999776 -0.010898 -2.999752 -0.963382 0.020382 0.267356 111.898977
0.233870 0.000036 0.972268 1.584670 0.020735 0.999772 -0.005025 -3.007807 -0.972047 0.021335 0.233816 111.971495
0.204359 -0.003724 0.978889 2.024848 0.023858 0.999715 -0.001178 -3.001084 -0.978605 0.023595 0.204389 112.037757
0.177205 -0.001090 0.984173 2.483440 0.021854 0.999757 -0.002828 -2.995163 -0.983931 0.022009 0.177185 112.119957
0.153827 0.006191 0.988078 2.968197 0.016513 0.999825 -0.008835 -2.998029 -0.987960 0.017675 0.153698 112.123009
0.131086 0.011986 0.991299 3.467568 0.011354 0.999843 -0.013590 -3.015012 -0.991306 0.013037 0.130929 112.146701
0.109688 0.009193 0.993924 3.987333 0.009411 0.999903 -0.010287 -3.042445 -0.993921 0.010482 0.109591 112.158648
0.090069 0.000704 0.995935 4.522611 0.012330 0.999922 -0.001822 -3.041337 -0.995859 0.012444 0.090053 112.183543
0.073081 -0.003948 0.997318 5.075775 0.015441 0.999877 0.002827 -3.048685 -0.997207 0.015193 0.073133 112.217467
0.059107 -0.003093 0.998247 5.648042 0.021161 0.999774 0.001844 -3.048624 -0.998027 0.021015 0.059159 112.248821
0.048686 0.000369 0.998814 6.239631 0.025611 0.999671 -0.001618 -3.046954 -0.998486 0.025659 0.048660 112.280327
0.042095 -0.000283 0.999114 6.856617 0.025230 0.999681 -0.000780 -3.064078 -0.998795 0.025241 0.042089 112.319954
0.039215 -0.006498 0.999210 7.499284 0.022462 0.999732 0.005620 -3.066246 -0.998978 0.022224 0.039350 112.352515
0.038621 -0.006676 0.999232 8.155356 0.020885 0.999765 0.005872 -3.085625 -0.999036 0.020642 0.038751 112.389334
0.039940 -0.005782 0.999185 8.830234 0.020842 0.999771 0.004952 -3.083963 -0.998985 0.020627 0.040051 112.438523
0.042002 -0.002062 0.999115 9.518303 0.021387 0.999771 0.001165 -3.085326 -0.998889 0.021320 0.042036 112.473968
0.043826 -0.000679 0.999039 10.228539 0.022375 0.999750 -0.000302 -3.093349 -0.998789 0.022367 0.043830 112.480271
0.044790 -0.000731 0.998996 10.950082 0.023293 0.999729 -0.000313 -3.102058 -0.998725 0.023284 0.044795 112.529413
0.045531 0.000538 0.998963 11.687915 0.022676 0.999742 -0.001572 -3.110715 -0.998706 0.022724 0.045507 112.570358
0.046794 0.001141 0.998904 12.443904 0.021377 0.999769 -0.002143 -3.120373 -0.998676 0.021454 0.046759 112.594341
0.047040 -0.001503 0.998892 13.204935 0.020999 0.999779 0.000515 -3.107812 -0.998672 0.020951 0.047061 112.679895
0.046526 -0.001529 0.998916 13.981217 0.018849 0.999822 0.000653 -3.114820 -0.998739 0.018799 0.046547 112.723697
0.045824 -0.000513 0.998949 14.761055 0.016565 0.999863 -0.000247 -3.129290 -0.998812 0.016559 0.045826 112.755611
0.044366 0.000426 0.999015 15.545650 0.015704 0.999876 -0.001124 -3.136829 -0.998892 0.015739 0.044354 112.815811
0.042403 -0.001403 0.999100 16.341252 0.013689 0.999906 0.000823 -3.139242 -0.999007 0.013642 0.042418 112.883277
0.041218 -0.003667 0.999143 17.146529 0.012185 0.999921 0.003167 -3.148060 -0.999076 0.012044 0.041259 112.930844
0.039654 -0.001547 0.999212 17.962246 0.011383 0.999935 0.001096 -3.167966 -0.999149 0.011331 0.039669 112.969263
0.039055 0.000620 0.999237 18.779328 0.015903 0.999873 -0.001242 -3.179374 -0.999111 0.015940 0.039040 113.009116
0.038001 -0.000718 0.999277 19.600687 0.021145 0.999776 -0.000086 -3.185603 -0.999054 0.021133 0.038008 113.048621
0.032604 -0.000339 0.999468 20.419804 0.023902 0.999714 -0.000441 -3.189953 -0.999183 0.023904 0.032602 113.190792
0.031531 0.002677 0.999499 21.257871 0.021620 0.999761 -0.003359 -3.205726 -0.999269 0.021715 0.031465 113.224811
0.030606 0.005080 0.999519 22.098614 0.017586 0.999830 -0.005620 -3.219991 -0.999377 0.017750 0.030511 113.267207
0.030150 0.007982 0.999514 22.941543 0.012080 0.999892 -0.008349 -3.248568 -0.999472 0.012326 0.030050 113.307261
0.031349 0.010209 0.999456 23.786500 0.005876 0.999929 -0.010398 -3.276283 -0.999491 0.006198 0.031287 113.318612
0.030288 0.013512 0.999450 24.621614 0.005116 0.999893 -0.013673 -3.299309 -0.999528 0.005527 0.030216 113.391382
0.031317 0.010253 0.999457 25.452425 0.011870 0.999873 -0.010630 -3.336488 -0.999439 0.012196 0.031191 113.393864
0.032445 0.007561 0.999445 26.272924 0.022366 0.999715 -0.008289 -3.370453 -0.999223 0.022623 0.032267 113.422721
0.032420 0.006074 0.999456 27.095082 0.027238 0.999605 -0.006959 -3.390348 -0.999103 0.027449 0.032241 113.464063
0.033136 0.004064 0.999443 27.925880 0.022161 0.999743 -0.004800 -3.405812 -0.999205 0.022308 0.033038 113.512862
0.034021 0.000492 0.999421 28.756793 0.014316 0.999897 -0.000979 -3.428126 -0.999319 0.014341 0.034011 113.549022
0.033964 -0.002511 0.999420 29.578375 0.012268 0.999923 0.002096 -3.433939 -0.999348 0.012190 0.033993 113.580399
0.035209 -0.003343 0.999374 30.391502 0.013037 0.999911 0.002886 -3.452277 -0.999295 0.012927 0.035250 113.594309
0.034032 -0.000430 0.999421 31.202423 0.013907 0.999903 -0.000043 -3.466026 -0.999324 0.013900 0.034035 113.647313
0.031573 0.003746 0.999494 32.007464 0.014205 0.999890 -0.004196 -3.488518 -0.999400 0.014331 0.031517 113.691565
0.029458 0.004949 0.999554 32.810961 0.013935 0.999889 -0.005361 -3.515905 -0.999469 0.014087 0.029386 113.727377
0.027991 0.007014 0.999584 33.610636 0.013752 0.999878 -0.007401 -3.550711 -0.999514 0.013954 0.027891 113.740258
0.026721 0.007851 0.999612 34.406984 0.014302 0.999864 -0.008235 -3.569291 -0.999541 0.014516 0.026605 113.758676
0.024784 0.009637 0.999646 35.200709 0.013233 0.999863 -0.009967 -3.599526 -0.999605 0.013475 0.024653 113.794721
0.022263 0.010411 0.999698 35.990489 0.011799 0.999873 -0.010676 -3.629267 -0.999683 0.012034 0.022137 113.829897
0.020935 0.011644 0.999713 36.773191 0.010617 0.999873 -0.011868 -3.668056 -0.999724 0.010863 0.020809 113.843882
0.018644 0.013317 0.999737 37.553681 0.011523 0.999842 -0.013533 -3.695163 -0.999760 0.011772 0.018488 113.879639
0.017171 0.012580 0.999773 38.324922 0.011904 0.999847 -0.012785 -3.713565 -0.999782 0.012121 0.017019 113.913389
0.016674 0.008980 0.999821 39.098247 0.010838 0.999899 -0.009162 -3.738339 -0.999802 0.010989 0.016575 113.931461
0.014940 0.007667 0.999859 39.866774 0.010636 0.999913 -0.007826 -3.751485 -0.999832 0.010752 0.014857 113.949500
0.013725 0.007352 0.999879 40.627609 0.010959 0.999912 -0.007503 -3.759877 -0.999846 0.011061 0.013643 113.974877
0.011340 0.008674 0.999898 41.375850 0.010749 0.999904 -0.008795 -3.775158 -0.999878 0.010848 0.011246 114.031408
0.010094 0.010739 0.999891 42.109346 0.009620 0.999895 -0.010837 -3.798199 -0.999903 0.009728 0.009989 114.055683
0.009773 0.012359 0.999876 42.824532 0.008860 0.999883 -0.012446 -3.819201 -0.999913 0.008981 0.009662 114.041994
0.008094 0.013440 0.999877 43.529460 0.011946 0.999837 -0.013536 -3.846419 -0.999896 0.012054 0.007932 114.068373
0.008087 0.013112 0.999881 44.230383 0.014678 0.999805 -0.013230 -3.874353 -0.999860 0.014783 0.007893 114.077960
0.008989 0.015333 0.999842 44.927847 0.015993 0.999752 -0.015476 -3.904307 -0.999832 0.016129 0.008742 114.091481
0.008465 0.016056 0.999835 45.622293 0.016366 0.999735 -0.016193 -3.941150 -0.999830 0.016500 0.008200 114.109196
0.007057 0.017996 0.999813 46.316056 0.016036 0.999707 -0.018107 -3.976759 -0.999847 0.016161 0.006766 114.145445
0.006798 0.016125 0.999847 47.005160 0.015901 0.999742 -0.016231 -3.998078 -0.999850 0.016009 0.006540 114.146995
0.006886 0.019066 0.999795 47.690922 0.016289 0.999683 -0.019176 -4.022677 -0.999844 0.016417 0.006573 114.158231
0.006751 0.022468 0.999725 48.374644 0.016402 0.999611 -0.022576 -4.056143 -0.999843 0.016550 0.006380 114.181344
0.006738 0.019888 0.999780 49.050280 0.015233 0.999684 -0.019989 -4.081845 -0.999861 0.015364 0.006433 114.195772
0.007052 0.016761 0.999835 49.723859 0.015352 0.999740 -0.016868 -4.099163 -0.999857 0.015469 0.006792 114.210183
0.003535 0.018625 0.999820 50.393518 0.015218 0.999710 -0.018677 -4.126510 -0.999878 0.015281 0.003250 114.224658
-0.001921 0.025495 0.999673 51.058591 0.014307 0.999573 -0.025465 -4.172781 -0.999896 0.014253 -0.002285 114.232280
-0.007712 0.022921 0.999708 51.719140 0.017709 0.999584 -0.022781 -4.208564 -0.999813 0.017528 -0.008115 114.225212
-0.013604 0.020901 0.999689 52.381351 0.020127 0.999585 -0.020625 -4.242562 -0.999705 0.019840 -0.014019 114.200390
-0.021481 0.023364 0.999496 53.052572 0.022553 0.999484 -0.022879 -4.266843 -0.999515 0.022051 -0.021997 114.199510
-0.027535 0.027744 0.999236 53.726214 0.022029 0.999389 -0.027141 -4.298126 -0.999378 0.021264 -0.028130 114.191866
-0.034767 0.028989 0.998975 54.405169 0.020166 0.999396 -0.028300 -4.330135 -0.999192 0.019161 -0.035331 114.188574
-0.039752 0.033750 0.998639 55.086955 0.020816 0.999240 -0.032942 -4.372732 -0.998993 0.019478 -0.040424 114.177961
-0.044645 0.035689 0.998365 55.777695 0.020602 0.999182 -0.034797 -4.403141 -0.998790 0.019015 -0.045343 114.171811
-0.047219 0.035775 0.998244 56.476795 0.017357 0.999237 -0.034989 -4.441272 -0.998734 0.015674 -0.047804 114.143793
-0.049047 0.034145 0.998213 57.189191 0.013997 0.999341 -0.033496 -4.476350 -0.998698 0.012329 -0.049492 114.116837
-0.050303 0.035623 0.998098 57.914823 0.011463 0.999318 -0.035088 -4.519983 -0.998668 0.009676 -0.050678 114.085163
-0.052520 0.036200 0.997964 58.643423 0.011497 0.999298 -0.035643 -4.552430 -0.998554 0.009601 -0.052900 114.070706
-0.053412 0.034893 0.997963 59.374712 0.015271 0.999301 -0.034123 -4.589146 -0.998456 0.013417 -0.053908 114.040783
-0.052301 0.029462 0.998197 60.110050 0.018461 0.999422 -0.028531 -4.626434 -0.998461 0.016935 -0.052815 113.989293
-0.052353 0.021720 0.998392 60.853406 0.021772 0.999551 -0.020604 -4.665396 -0.998391 0.020658 -0.052802 113.935207
-0.053094 0.020996 0.998369 61.601858 0.022869 0.999542 -0.019805 -4.689501 -0.998328 0.021780 -0.053550 113.903762
-0.054330 0.023135 0.998255 62.354180 0.020747 0.999542 -0.022036 -4.717495 -0.998307 0.019514 -0.054786 113.885493
-0.054938 0.023647 0.998210 63.109801 0.015741 0.999616 -0.022814 -4.750226 -0.998366 0.014460 -0.055289 113.863380
-0.054825 0.020703 0.998281 63.860457 0.013462 0.999709 -0.019994 -4.779839 -0.998405 0.012343 -0.055088 113.822555
-0.055784 0.020274 0.998237 64.618780 0.012873 0.999725 -0.019585 -4.810025 -0.998360 0.011757 -0.056030 113.779200
-0.057588 0.022089 0.998096 65.365827 0.014210 0.999672 -0.021304 -4.842721 -0.998239 0.012956 -0.057883 113.757230
-0.060424 0.021788 0.997935 66.113778 0.014693 0.999673 -0.020936 -4.871717 -0.998065 0.013397 -0.060724 113.728644
-0.061792 0.020980 0.997869 66.857352 0.014503 0.999692 -0.020121 -4.906188 -0.997984 0.013229 -0.062077 113.677585
-0.063093 0.019218 0.997823 67.608977 0.014457 0.999727 -0.018340 -4.931659 -0.997903 0.013269 -0.063353 113.628894
-0.065226 0.020090 0.997668 68.363568 0.014260 0.999714 -0.019199 -4.958915 -0.997769 0.012974 -0.065493 113.595203
-0.067292 0.024490 0.997433 69.122428 0.014351 0.999619 -0.023575 -5.002960 -0.997630 0.012728 -0.067618 113.558511
-0.068356 0.024022 0.997372 69.881035 0.015511 0.999615 -0.023013 -5.038006 -0.997540 0.013897 -0.068702 113.528980
-0.068951 0.023588 0.997341 70.643772 0.016002 0.999618 -0.022535 -5.062635 -0.997492 0.014406 -0.069302 113.471784
-0.070229 0.023162 0.997262 71.412800 0.016282 0.999624 -0.022070 -5.095382 -0.997398 0.014688 -0.070580 113.436776
-0.071642 0.021514 0.997198 72.189643 0.014747 0.999681 -0.020508 -5.121787 -0.997321 0.013237 -0.071937 113.417840
-0.072647 0.024644 0.997053 72.969161 0.012982 0.999633 -0.023762 -5.156093 -0.997273 0.011217 -0.072940 113.379293
-0.074290 0.027397 0.996860 73.753691 0.011472 0.999580 -0.026616 -5.191641 -0.997171 0.009459 -0.074573 113.332087
-0.076485 0.026795 0.996711 74.542402 0.010609 0.999604 -0.026058 -5.227618 -0.997014 0.008581 -0.076739 113.277222
-0.079148 0.027180 0.996492 75.338764 0.011453 0.999587 -0.026355 -5.255689 -0.996797 0.009326 -0.079427 113.241801
-0.081577 0.029182 0.996240 76.137142 0.012881 0.999519 -0.028223 -5.300434 -0.996584 0.010531 -0.081914 113.186481
-0.083340 0.029102 0.996096 76.937830 0.015879 0.999485 -0.027872 -5.348364 -0.996395 0.013494 -0.083760 113.126504
-0.082771 0.024191 0.996275 77.745514 0.020527 0.999535 -0.022565 -5.348913 -0.996357 0.018583 -0.083229 113.065260
-0.084177 0.024703 0.996145 78.556851 0.023860 0.999456 -0.022769 -5.395682 -0.996165 0.021851 -0.084721 113.002568
-0.083511 0.017749 0.996349 79.380318 0.024361 0.999579 -0.015765 -5.405922 -0.996209 0.022956 -0.083908 112.942401
-0.083280 0.014791 0.996416 80.208442 0.022754 0.999657 -0.012938 -5.444136 -0.996266 0.021595 -0.083588 112.872617
-0.082773 0.014023 0.996470 81.043483 0.020792 0.999708 -0.012341 -5.462526 -0.996351 0.019697 -0.083041 112.796892
-0.082146 0.014811 0.996510 81.882852 0.019115 0.999729 -0.013283 -5.493468 -0.996437 0.017957 -0.082407 112.745641
-0.080424 0.016490 0.996624 82.726143 0.017111 0.999739 -0.015161 -5.521182 -0.996614 0.015834 -0.080685 112.685295
-0.078836 0.016201 0.996756 83.579585 0.013722 0.999791 -0.015165 -5.554019 -0.996793 0.012482 -0.079042 112.628134
-0.077070 0.015686 0.996902 84.432916 0.010516 0.999833 -0.014919 -5.579227 -0.996970 0.009333 -0.077222 112.563317
-0.075604 0.016121 0.997008 85.288137 0.011379 0.999818 -0.015303 -5.598280 -0.997073 0.010188 -0.075774 112.523513
-0.074003 0.014744 0.997149 86.139492 0.015262 0.999790 -0.013650 -5.630203 -0.997141 0.014208 -0.074213 112.466827
-0.072292 0.013006 0.997299 86.992329 0.020847 0.999716 -0.011526 -5.660738 -0.997166 0.019957 -0.072543 112.424475
-0.070932 0.015995 0.997353 87.848551 0.024570 0.999596 -0.014284 -5.683138 -0.997178 0.023492 -0.071297 112.379933
-0.069527 0.017513 0.997426 88.714541 0.022117 0.999627 -0.016010 -5.716043 -0.997335 0.020947 -0.069889 112.340060
-0.068405 0.017312 0.997507 89.584514 0.019825 0.999676 -0.015990 -5.738435 -0.997461 0.018682 -0.068726 112.288269
-0.068136 0.015529 0.997555 90.454364 0.017335 0.999746 -0.014379 -5.771963 -0.997525 0.016313 -0.068388 112.234274
-0.067606 0.017266 0.997563 91.318849 0.016823 0.999728 -0.016163 -5.806207 -0.997570 0.015690 -0.067878 112.193252
-0.067078 0.015745 0.997623 92.187796 0.017187 0.999745 -0.014623 -5.835291 -0.997600 0.016165 -0.067332 112.158159
-0.066065 0.012935 0.997731 93.055113 0.014936 0.999817 -0.011973 -5.865759 -0.997704 0.014111 -0.066246 112.099929
-0.064815 0.010193 0.997845 93.921311 0.013709 0.999863 -0.009323 -5.889817 -0.997803 0.013076 -0.064945 112.039500
-0.064063 0.008549 0.997909 94.779546 0.014553 0.999865 -0.007632 -5.923976 -0.997840 0.014033 -0.064179 111.983295
-0.063532 0.008282 0.997945 95.639647 0.016562 0.999837 -0.007243 -5.946095 -0.997842 0.016068 -0.063658 111.942066
-0.062486 0.012520 0.997967 96.495815 0.018346 0.999767 -0.011394 -5.981413 -0.997877 0.017596 -0.062702 111.886853
-0.062463 0.016588 0.997909 97.354107 0.015419 0.999759 -0.015654 -5.997439 -0.997928 0.014409 -0.062704 111.871220
-0.064296 0.022258 0.997683 98.208449 0.014410 0.999668 -0.021374 -6.033765 -0.997827 0.013002 -0.064595 111.855945
-0.065199 0.024330 0.997576 99.054000 0.015231 0.999611 -0.023384 -6.065880 -0.997756 0.013669 -0.065544 111.832673
-0.066184 0.026861 0.997446 99.892071 0.020356 0.999466 -0.025565 -6.105133 -0.997600 0.018612 -0.066695 111.791493
-0.066640 0.026599 0.997422 100.725710 0.023321 0.999413 -0.025094 -6.140951 -0.997505 0.021589 -0.067221 111.739127
-0.065618 0.024185 0.997552 101.555016 0.023217 0.999473 -0.022704 -6.182425 -0.997575 0.021670 -0.066145 111.661041
-0.066553 0.024517 0.997482 102.385126 0.022191 0.999487 -0.023085 -6.220883 -0.997536 0.020599 -0.067063 111.621012
-0.067525 0.024355 0.997420 103.205378 0.022241 0.999490 -0.022900 -6.275903 -0.997470 0.020637 -0.068033 111.570088
-0.069189 0.025711 0.997272 104.023354 0.026823 0.999354 -0.023904 -6.300457 -0.997243 0.025096 -0.069834 111.541756
-0.071090 0.027678 0.997086 104.836204 0.029596 0.999233 -0.025628 -6.329772 -0.997031 0.027688 -0.071855 111.511863
-0.070592 0.027377 0.997130 105.643812 0.030250 0.999222 -0.025293 -6.359367 -0.997046 0.028378 -0.071365 111.447666
-0.072787 0.027046 0.996981 106.448167 0.029492 0.999253 -0.024954 -6.384442 -0.996911 0.027586 -0.073530 111.423908
-0.075750 0.027800 0.996739 107.241907 0.030461 0.999209 -0.025554 -6.428878 -0.996661 0.028426 -0.076537 111.364046
-0.078800 0.027976 0.996498 108.030639 0.032568 0.999145 -0.025475 -6.475024 -0.996358 0.030446 -0.079644 111.305893
-0.082196 0.028520 0.996208 108.815877 0.034739 0.999065 -0.025735 -6.497255 -0.996011 0.032492 -0.083110 111.263254
-0.085740 0.028754 0.995903 109.599013 0.034740 0.999062 -0.025854 -6.536940 -0.995712 0.032380 -0.086659 111.216160
-0.088505 0.026772 0.995716 110.377711 0.033037 0.999168 -0.023929 -6.569783 -0.995528 0.030778 -0.089316 111.162781
-0.091075 0.024926 0.995532 111.151690 0.032172 0.999239 -0.022076 -6.621295 -0.995324 0.030017 -0.091808 111.093080
-0.092254 0.029191 0.995308 111.918964 0.037306 0.998970 -0.025840 -6.660875 -0.995036 0.034747 -0.093247 111.027874
-0.094340 0.031799 0.995032 112.682623 0.044622 0.998620 -0.027683 -6.699011 -0.994540 0.041788 -0.095629 110.984293
-0.096168 0.028385 0.994960 113.443192 0.047741 0.998574 -0.023874 -6.724694 -0.994220 0.045205 -0.097386 110.888506
-0.099103 0.024873 0.994766 114.210964 0.045331 0.998763 -0.020457 -6.742512 -0.994044 0.043067 -0.100107 110.820712
-0.101957 0.028116 0.994391 114.978928 0.037684 0.998992 -0.024383 -6.796194 -0.994075 0.034986 -0.102914 110.725748
-0.104472 0.029444 0.994092 115.741586 0.035693 0.999029 -0.025839 -6.834124 -0.993887 0.032783 -0.105422 110.665911
-0.106323 0.029975 0.993880 116.494689 0.038313 0.998927 -0.026029 -6.876957 -0.993593 0.035311 -0.107358 110.595869
-0.109262 0.031972 0.993499 117.247428 0.042821 0.998706 -0.027430 -6.899413 -0.993090 0.039545 -0.110489 110.542194
-0.112076 0.032254 0.993176 117.996322 0.045531 0.998590 -0.027292 -6.933146 -0.992656 0.042161 -0.113386 110.482525
-0.114362 0.028461 0.993031 118.741448 0.048537 0.998556 -0.023030 -6.970949 -0.992253 0.045565 -0.115578 110.409395
-0.116508 0.028925 0.992768 119.482646 0.052929 0.998336 -0.022876 -7.008222 -0.991778 0.049881 -0.117845 110.339748
-0.119355 0.030270 0.992390 120.222559 0.056272 0.998135 -0.023677 -7.020820 -0.991256 0.053018 -0.120836 110.262164
-0.121968 0.030636 0.992061 120.963060 0.052675 0.998315 -0.024353 -7.065946 -0.991135 0.049287 -0.123376 110.183887
-0.126487 0.027628 0.991583 121.705407 0.047805 0.998620 -0.021726 -7.100890 -0.990816 0.044655 -0.127633 110.099212
-0.131301 0.024937 0.991029 122.437082 0.046688 0.998730 -0.018945 -7.123367 -0.990243 0.043781 -0.132298 109.991033
-0.137202 0.025642 0.990211 123.169604 0.046269 0.998740 -0.019452 -7.143645 -0.989462 0.043147 -0.138216 109.901708
-0.145894 0.027866 0.988908 123.894287 0.047031 0.998668 -0.021203 -7.176586 -0.988182 0.043416 -0.147010 109.811567
-0.156065 0.028858 0.987325 124.611318 0.047001 0.998658 -0.021760 -7.212090 -0.986628 0.043009 -0.157212 109.683498
-0.167218 0.029908 0.985466 125.323019 0.047960 0.998603 -0.022169 -7.243736 -0.984753 0.043556 -0.168419 109.540881
-0.177889 0.031203 0.983556 126.025886 0.048050 0.998580 -0.022990 -7.295449 -0.982877 0.043170 -0.179136 109.363041
-0.190519 0.028575 0.981268 126.740298 0.046668 0.998710 -0.020022 -7.330986 -0.980574 0.041979 -0.191606 109.244766
-0.201017 0.027306 0.979207 127.441917 0.045719 0.998784 -0.018467 -7.362112 -0.978520 0.041056 -0.202021 109.068091
-0.211488 0.023115 0.977107 128.146420 0.043897 0.998936 -0.014131 -7.380343 -0.976394 0.039903 -0.212278 108.913617
-0.221382 0.018114 0.975019 128.852189 0.041626 0.999092 -0.009110 -7.414122 -0.974298 0.038569 -0.221935 108.763089
-0.228602 0.013478 0.973427 129.549359 0.039457 0.999211 -0.004569 -7.430933 -0.972720 0.037364 -0.228953 108.585321
-0.234287 0.011342 0.972101 130.245658 0.038633 0.999251 -0.002348 -7.451484 -0.971400 0.037005 -0.234549 108.424929
-0.240305 0.009578 0.970650 130.942593 0.034985 0.999387 -0.001200 -7.472518 -0.970067 0.033670 -0.240493 108.262960
-0.241472 0.002501 0.970405 131.629483 0.029733 0.999546 0.004822 -7.470527 -0.969952 0.030017 -0.241436 108.069285
-0.241820 -0.004364 0.970311 132.315066 0.025362 0.999620 0.010816 -7.476341 -0.969990 0.027224 -0.241617 107.886919
-0.241939 -0.007121 0.970265 132.995914 0.022011 0.999675 0.012825 -7.491092 -0.970042 0.024460 -0.241704 107.706572
-0.244165 -0.009476 0.969687 133.677632 0.026435 0.999516 0.016424 -7.494146 -0.969373 0.029644 -0.243796 107.580375
-0.244776 -0.009391 0.969534 134.354560 0.029309 0.999424 0.017080 -7.500405 -0.969137 0.032597 -0.244360 107.445136
-0.244277 -0.010858 0.969645 135.022722 0.028323 0.999431 0.018327 -7.495314 -0.969292 0.031940 -0.243831 107.280959
-0.242897 -0.011864 0.969980 135.691443 0.025434 0.999504 0.018594 -7.512286 -0.969719 0.029186 -0.242475 107.117924
-0.241234 -0.014213 0.970363 136.359172 0.021888 0.999559 0.020082 -7.513396 -0.970220 0.026084 -0.240817 106.971561
-0.241059 -0.014567 0.970401 137.014345 0.021091 0.999573 0.020244 -7.534435 -0.970281 0.025347 -0.240649 106.826313
-0.237811 -0.015699 0.971184 137.659098 0.024008 0.999469 0.022035 -7.520647 -0.971015 0.028556 -0.237308 106.664827
-0.234629 -0.016950 0.971937 138.304463 0.025732 0.999389 0.023641 -7.514046 -0.971744 0.030557 -0.234050 106.525601
-0.229064 -0.018908 0.973228 138.945358 0.023727 0.999406 0.025001 -7.511440 -0.973122 0.028819 -0.228479 106.375000
-0.224857 -0.020102 0.974184 139.586652 0.021671 0.999437 0.025626 -7.508553 -0.974151 0.026874 -0.224295 106.244991
-0.220541 -0.020085 0.975171 140.220785 0.019558 0.999496 0.025009 -7.511491 -0.975182 0.024588 -0.220037 106.114248
-0.217649 -0.021131 0.975798 140.855152 0.018638 0.999493 0.025802 -7.506153 -0.975849 0.023802 -0.217145 106.021126
-0.213731 -0.020747 0.976672 141.477466 0.017502 0.999533 0.025063 -7.501113 -0.976736 0.022450 -0.213268 105.882315
-0.209807 -0.025034 0.977422 142.100034 0.014462 0.999483 0.028704 -7.492091 -0.977636 0.020158 -0.209337 105.758228
-0.206398 -0.028007 0.978067 142.721211 0.012291 0.999437 0.031213 -7.474204 -0.978391 0.018463 -0.205938 105.646512
-0.203417 -0.027423 0.978708 143.333974 0.011557 0.999471 0.030407 -7.468367 -0.979024 0.017497 -0.202992 105.551273
-0.198180 -0.025674 0.979829 143.936023 0.014051 0.999480 0.029031 -7.460814 -0.980065 0.019521 -0.197716 105.447173
-0.195482 -0.026396 0.980352 144.535779 0.016327 0.999412 0.030165 -7.465842 -0.980571 0.021903 -0.194936 105.364374
-0.191469 -0.027194 0.981122 145.133952 0.019377 0.999317 0.031479 -7.467148 -0.981307 0.025038 -0.190811 105.291202
-0.187464 -0.026128 0.981924 145.727329 0.020744 0.999318 0.030551 -7.459926 -0.982052 0.026097 -0.186794 105.251763
-0.177603 -0.024836 0.983789 146.312373 0.018931 0.999410 0.028648 -7.459822 -0.983920 0.023712 -0.177028 105.141042
-0.166007 -0.024604 0.985818 146.893214 0.017719 0.999453 0.027928 -7.446106 -0.985965 0.022104 -0.165480 105.037668
-0.153888 -0.027900 0.987694 147.472334 0.016224 0.999395 0.030758 -7.430816 -0.987955 0.020757 -0.153342 104.935322
-0.141306 -0.026604 0.989608 148.052055 0.015139 0.999464 0.029030 -7.435319 -0.989850 0.019084 -0.140827 104.869604
-0.123934 -0.024388 0.991991 148.622200 0.013208 0.999569 0.026224 -7.462073 -0.992203 0.016352 -0.123559 104.774331
-0.104333 -0.024752 0.994234 149.197306 0.011330 0.999596 0.026074 -7.467618 -0.994478 0.013985 -0.104011 104.719686
-0.083676 -0.024105 0.996201 149.768610 0.010424 0.999632 0.025064 -7.466465 -0.996438 0.012482 -0.083394 104.682051
