0.999998 -0.001837 0.000511 0.000000 0.001837 0.999998 0.000622 0.000000 -0.000512 -0.000621 1.000000 0.000000
0.999995 -0.002784 -0.001684 0.000000 0.002783 0.999996 -0.000760 0.000000 0.001686 0.000756 0.999998 0.000000
0.999989 -0.003435 -0.003135 -0.219956 0.003428 0.999991 -0.002429 -0.088661 0.003143 0.002418 0.999992 2.100966
0.999992 -0.003734 -0.001739 -0.271891 0.003725 0.999980 -0.005122 -0.091380 0.001759 0.005115 0.999985 2.660956
0.999976 -0.006409 -0.002587 -0.283635 0.006393 0.999961 -0.006069 -0.113501 0.002626 0.006052 0.999978 3.225401
0.999956 -0.006558 -0.006714 -0.228246 0.006497 0.999938 -0.009090 -0.099364 0.006774 0.009046 0.999936 3.797073
0.999971 -0.004519 -0.006086 -0.264725 0.004459 0.999942 -0.009829 -0.099982 0.006130 0.009802 0.999933 4.375566
0.999932 -0.005804 -0.010148 -0.253348 0.005699 0.999929 -0.010434 -0.105039 0.010208 0.010376 0.999894 4.962856
0.999896 -0.004411 -0.013762 -0.209353 0.004226 0.999900 -0.013479 -0.109391 0.013820 0.013420 0.999814 5.556074
0.999905 -0.003679 -0.013266 -0.277860 0.003474 0.999875 -0.015408 -0.154251 0.013321 0.015360 0.999793 6.151994
0.999891 -0.000872 -0.014724 -0.270552 0.000569 0.999789 -0.020528 -0.141681 0.014739 0.020517 0.999681 6.765033
0.999890 0.000122 -0.014810 -0.298205 -0.000429 0.999786 -0.020663 -0.159658 0.014805 0.020667 0.999677 7.390411
0.999876 0.002961 -0.015492 -0.283109 -0.003176 0.999899 -0.013881 -0.169074 0.015449 0.013928 0.999784 8.038715
0.999833 0.004291 -0.017780 -0.274000 -0.004376 0.999979 -0.004715 -0.165685 0.017760 0.004792 0.999831 8.703689
0.999796 0.005207 -0.019519 -0.291691 -0.005173 0.999985 0.001813 -0.185068 0.019529 -0.001712 0.999808 9.380029
0.999795 0.007834 -0.018656 -0.339764 -0.007801 0.999968 0.001849 -0.231279 0.018670 -0.001703 0.999824 10.060954
0.999779 0.012174 -0.017148 -0.399252 -0.012276 0.999907 -0.005864 -0.231119 0.017075 0.006073 0.999836 10.750708
0.999754 0.013495 -0.017591 -0.420731 -0.013708 0.999833 -0.012055 -0.233652 0.017425 0.012293 0.999773 11.461255
0.999750 0.012958 -0.018200 -0.443884 -0.013134 0.999868 -0.009580 -0.255580 0.018074 0.009817 0.999788 12.194929
0.999805 0.012269 -0.015448 -0.514725 -0.012281 0.999924 -0.000660 -0.261326 0.015438 0.000849 0.999880 12.952025
0.999844 0.010972 -0.013835 -0.577877 -0.010886 0.999921 0.006259 -0.264588 0.013902 -0.006108 0.999885 13.726087
0.999847 0.010544 -0.013940 -0.564085 -0.010447 0.999921 0.007014 -0.258647 0.014013 -0.006868 0.999878 14.514919
0.999838 0.007069 -0.016554 -0.538264 -0.006997 0.999966 0.004387 -0.232483 0.016584 -0.004270 0.999853 15.317845
0.999825 0.005125 -0.017991 -0.547693 -0.005073 0.999983 0.002932 -0.235440 0.018005 -0.002840 0.999834 16.139174
0.999803 0.007454 -0.018410 -0.547499 -0.007507 0.999968 -0.002788 -0.212736 0.018388 0.002926 0.999827 16.971903
0.999836 0.005975 -0.017069 -0.577075 -0.006115 0.999948 -0.008154 -0.239678 0.017019 0.008257 0.999821 17.817365
0.999847 0.003349 -0.017141 -0.583585 -0.003616 0.999872 -0.015584 -0.252840 0.017086 0.015643 0.999732 18.677305
0.999854 0.005791 -0.016104 -0.611836 -0.006112 0.999782 -0.019948 -0.284826 0.015985 0.020043 0.999671 19.558078
0.999874 0.007360 -0.014061 -0.665742 -0.007658 0.999745 -0.021225 -0.309646 0.013901 0.021330 0.999676 20.457337
0.999851 0.008991 -0.014766 -0.681775 -0.009311 0.999721 -0.021710 -0.330954 0.014567 0.021844 0.999655 21.377388
0.999802 0.011141 -0.016504 -0.697617 -0.011516 0.999673 -0.022818 -0.360861 0.016245 0.023004 0.999603 22.311532
0.999801 0.011477 -0.016347 -0.763660 -0.011885 0.999615 -0.025068 -0.383887 0.016053 0.025258 0.999552 23.262395
0.999715 0.015457 -0.018170 -0.778851 -0.015918 0.999548 -0.025507 -0.427499 0.017767 0.025789 0.999510 24.233267
0.999642 0.017786 -0.020012 -0.796491 -0.018292 0.999511 -0.025363 -0.479577 0.019551 0.025720 0.999478 25.208086
0.999669 0.018245 -0.018153 -0.852560 -0.018704 0.999500 -0.025484 -0.517944 0.017679 0.025815 0.999510 26.188906
0.999629 0.018790 -0.019705 -0.824349 -0.019293 0.999484 -0.025675 -0.555380 0.019213 0.026045 0.999476 27.175799
0.999619 0.018575 -0.020435 -0.829999 -0.019074 0.999518 -0.024495 -0.605386 0.019970 0.024876 0.999491 28.176249
0.999676 0.020972 -0.014398 -0.954941 -0.021301 0.999507 -0.023083 -0.641754 0.013907 0.023382 0.999630 29.175694
0.999633 0.021405 -0.016632 -0.966088 -0.021768 0.999522 -0.021973 -0.689676 0.016154 0.022327 0.999620 30.189393
0.999618 0.021817 -0.016946 -0.995477 -0.022199 0.999496 -0.022688 -0.733102 0.016442 0.023056 0.999599 31.209623
0.999559 0.023977 -0.017524 -1.038524 -0.024385 0.999428 -0.023425 -0.778152 0.016952 0.023842 0.999572 32.236848
0.999587 0.023384 -0.016693 -1.097045 -0.023756 0.999465 -0.022469 -0.827991 0.016159 0.022856 0.999608 33.270590
0.999510 0.022068 -0.022204 -1.053883 -0.022498 0.999561 -0.019265 -0.869815 0.021769 0.019755 0.999568 34.316483
0.999429 0.022485 -0.025227 -1.076964 -0.022873 0.999623 -0.015180 -0.909853 0.024876 0.015748 0.999566 35.371075
0.999348 0.021944 -0.028681 -1.082444 -0.022317 0.999670 -0.012748 -0.941761 0.028392 0.013380 0.999507 36.434083
0.999341 0.022490 -0.028500 -1.133921 -0.022865 0.999656 -0.012879 -0.965032 0.028200 0.013522 0.999511 37.495935
0.999176 0.021346 -0.034532 -1.100858 -0.021884 0.999644 -0.015279 -0.988649 0.034194 0.016022 0.999287 38.567175
0.999131 0.021757 -0.035557 -1.152497 -0.022318 0.999631 -0.015473 -1.025617 0.035207 0.016253 0.999248 39.640946
0.999102 0.021241 -0.036672 -1.220739 -0.021756 0.999669 -0.013710 -1.064567 0.036369 0.014496 0.999233 40.715194
0.999088 0.021939 -0.036641 -1.249296 -0.022405 0.999673 -0.012363 -1.092325 0.036358 0.013173 0.999252 41.792565
0.999022 0.020334 -0.039273 -1.286296 -0.020769 0.999727 -0.010695 -1.125033 0.039045 0.011500 0.999171 42.867616
0.998964 0.020959 -0.040399 -1.335609 -0.021416 0.999711 -0.010914 -1.160526 0.040159 0.011768 0.999124 43.940737
0.998878 0.022519 -0.041650 -1.364015 -0.023097 0.999643 -0.013456 -1.206591 0.041332 0.014403 0.999042 45.005047
0.998764 0.023387 -0.043858 -1.402801 -0.024114 0.999579 -0.016112 -1.247660 0.043462 0.017149 0.998908 46.066294
0.998725 0.023843 -0.044485 -1.427347 -0.024641 0.999544 -0.017480 -1.278802 0.044048 0.018554 0.998857 47.138954
0.998891 0.023804 -0.040628 -1.552184 -0.024444 0.999584 -0.015336 -1.295720 0.040246 0.016312 0.999057 48.210743
0.998980 0.025166 -0.037500 -1.653548 -0.025675 0.999584 -0.013169 -1.329224 0.037153 0.014118 0.999210 49.282618
0.999010 0.022885 -0.038139 -1.683148 -0.023347 0.999659 -0.011718 -1.372784 0.037858 0.012597 0.999204 50.357902
0.998946 0.022387 -0.040065 -1.703146 -0.022942 0.999647 -0.013429 -1.407868 0.039750 0.014334 0.999107 51.436395
0.998958 0.023441 -0.039151 -1.808514 -0.024052 0.999595 -0.015212 -1.444693 0.038778 0.016138 0.999118 52.501435
0.998937 0.024356 -0.039132 -1.848485 -0.025069 0.999527 -0.017817 -1.484346 0.038680 0.018779 0.999075 53.573715
0.998965 0.021713 -0.039959 -1.879304 -0.022545 0.999536 -0.020503 -1.520557 0.039496 0.021382 0.998991 54.647213
0.999194 0.021960 -0.033611 -1.991241 -0.022797 0.999434 -0.024737 -1.562479 0.033049 0.025483 0.999129 55.707424
0.999281 0.020903 -0.031631 -2.066850 -0.021756 0.999402 -0.026876 -1.591641 0.031050 0.027545 0.999138 56.776562
0.999225 0.018656 -0.034664 -2.071238 -0.019507 0.999513 -0.024352 -1.628928 0.034193 0.025009 0.999102 57.847592
0.999319 0.016632 -0.032933 -2.131697 -0.017242 0.999683 -0.018334 -1.671558 0.032618 0.018889 0.999289 58.931961
0.999402 0.014471 -0.031418 -2.237208 -0.014865 0.999813 -0.012347 -1.712698 0.031234 0.012807 0.999430 60.011907
0.999445 0.012637 -0.030807 -2.295310 -0.012967 0.999860 -0.010532 -1.766479 0.030669 0.010926 0.999470 61.092267
0.999518 0.009269 -0.029641 -2.358500 -0.009646 0.999874 -0.012609 -1.819053 0.029521 0.012888 0.999481 62.168430
0.999554 0.009090 -0.028445 -2.429599 -0.009569 0.999813 -0.016779 -1.842388 0.028287 0.017044 0.999455 63.243892
0.999520 0.012052 -0.028556 -2.475148 -0.012641 0.999709 -0.020537 -1.892504 0.028300 0.020888 0.999381 64.321210
0.999550 0.011767 -0.027600 -2.526697 -0.012469 0.999600 -0.025392 -1.931206 0.027290 0.025724 0.999297 65.401109
0.999526 0.014703 -0.027042 -2.585567 -0.015388 0.999562 -0.025271 -1.981932 0.026658 0.025675 0.999315 66.483400
0.999450 0.019096 -0.027102 -2.643081 -0.019676 0.999579 -0.021311 -2.018766 0.026684 0.021833 0.999405 67.573752
0.999383 0.021482 -0.027773 -2.662756 -0.022027 0.999568 -0.019457 -2.055401 0.027343 0.020057 0.999425 68.661922
0.999405 0.022241 -0.026347 -2.738226 -0.022763 0.999547 -0.019669 -2.085511 0.025897 0.020257 0.999459 69.744574
0.999469 0.022387 -0.023667 -2.817811 -0.022833 0.999564 -0.018733 -2.126697 0.023237 0.019264 0.999544 70.828752
0.999467 0.021401 -0.024659 -2.856962 -0.021828 0.999614 -0.017172 -2.164227 0.024282 0.017701 0.999548 71.911483
0.999545 0.021559 -0.021102 -2.934302 -0.021889 0.999640 -0.015533 -2.195162 0.020760 0.015988 0.999657 72.992491
0.999590 0.019970 -0.020507 -3.010111 -0.020258 0.999698 -0.013918 -2.242745 0.020223 0.014328 0.999693 74.068867
0.999533 0.020884 -0.022324 -3.024103 -0.021225 0.999660 -0.015155 -2.283241 0.022000 0.015621 0.999636 75.142749
0.999505 0.022014 -0.022487 -3.060242 -0.022436 0.999573 -0.018732 -2.329593 0.022065 0.019227 0.999572 76.210755
0.999508 0.021377 -0.022939 -3.105408 -0.021844 0.999555 -0.020325 -2.373334 0.022494 0.020816 0.999530 77.278126
0.999538 0.023729 -0.018972 -3.189182 -0.024101 0.999516 -0.019657 -2.413496 0.018496 0.020105 0.999627 78.339871
0.999548 0.023993 -0.018094 -3.278824 -0.024278 0.999582 -0.015709 -2.434486 0.017710 0.016141 0.999713 79.407354
0.999497 0.025822 -0.018417 -3.329897 -0.026044 0.999590 -0.011894 -2.469353 0.018102 0.012367 0.999760 80.472067
0.999492 0.026226 -0.018121 -3.381706 -0.026410 0.999601 -0.010000 -2.518112 0.017851 0.010474 0.999786 81.531179
0.999544 0.023295 -0.019223 -3.423235 -0.023519 0.999657 -0.011480 -2.580006 0.018949 0.011927 0.999749 82.583968
0.999559 0.024003 -0.017488 -3.522983 -0.024220 0.999631 -0.012321 -2.618484 0.017186 0.012740 0.999771 83.626306
0.999568 0.022527 -0.018870 -3.544068 -0.022769 0.999660 -0.012708 -2.656922 0.018577 0.013133 0.999741 84.665006
0.999550 0.021678 -0.020749 -3.565811 -0.021934 0.999685 -0.012204 -2.687380 0.020478 0.012654 0.999710 85.689955
0.999519 0.019306 -0.024266 -3.569105 -0.019555 0.999758 -0.010064 -2.723735 0.024065 0.010534 0.999655 86.700835
0.999533 0.017699 -0.024925 -3.587041 -0.017903 0.999808 -0.008003 -2.750306 0.024779 0.008446 0.999657 87.694734
0.999557 0.015444 -0.025450 -3.637094 -0.015619 0.999856 -0.006674 -2.796864 0.025343 0.007069 0.999654 88.665172
0.999508 0.014551 -0.027801 -3.660131 -0.014764 0.999863 -0.007460 -2.822915 0.027689 0.007867 0.999586 89.618348
0.999550 0.014541 -0.026229 -3.748224 -0.014778 0.999851 -0.008873 -2.847016 0.026097 0.009257 0.999617 90.545264
0.999479 0.014327 -0.028916 -3.810338 -0.014628 0.999841 -0.010234 -2.884859 0.028765 0.010652 0.999529 91.448899
0.999381 0.015638 -0.031520 -3.864883 -0.015975 0.999818 -0.010476 -2.906501 0.031350 0.010974 0.999448 92.332784
0.999234 0.014520 -0.036338 -3.888925 -0.014865 0.999847 -0.009241 -2.941384 0.036199 0.009774 0.999297 93.194366
0.999133 0.015332 -0.038695 -3.938954 -0.015711 0.999831 -0.009520 -2.959486 0.038543 0.010119 0.999206 94.032763
0.998960 0.016737 -0.042418 -3.986299 -0.017078 0.999825 -0.007689 -3.000165 0.042282 0.008406 0.999070 94.845683
0.998791 0.019207 -0.045250 -4.035188 -0.019530 0.999787 -0.006703 -3.028134 0.045112 0.007578 0.998953 95.630792
0.998562 0.020734 -0.049440 -4.065716 -0.021003 0.999767 -0.004925 -3.069286 0.049327 0.005956 0.998765 96.390298
0.998356 0.021252 -0.053228 -4.094652 -0.021561 0.999754 -0.005239 -3.109933 0.053104 0.006378 0.998569 97.117236
0.998145 0.023947 -0.055969 -4.175679 -0.024520 0.999654 -0.009564 -3.125195 0.055720 0.010919 0.998387 97.811770
0.997921 0.026814 -0.058601 -4.211748 -0.027578 0.999545 -0.012257 -3.146143 0.058245 0.013848 0.998206 98.477009
0.997769 0.028842 -0.060210 -4.260220 -0.029834 0.999433 -0.015635 -3.150312 0.059725 0.017396 0.998063 99.113882
0.997708 0.032157 -0.059532 -4.329752 -0.033215 0.999306 -0.016873 -3.169040 0.058948 0.018812 0.998084 99.716967
0.997720 0.033623 -0.058523 -4.392558 -0.034550 0.999292 -0.014899 -3.217445 0.057981 0.016887 0.998175 100.296950
0.997879 0.036096 -0.054167 -4.433525 -0.036939 0.999210 -0.014634 -3.230153 0.053596 0.016604 0.998425 100.859826
0.998116 0.038825 -0.047505 -4.481960 -0.039415 0.999156 -0.011558 -3.267405 0.047016 0.013409 0.998804 101.396147
0.998403 0.040773 -0.039111 -4.512025 -0.041157 0.999112 -0.009047 -3.287089 0.038707 0.010642 0.999194 101.912839
0.998738 0.040807 -0.029274 -4.538498 -0.041020 0.999136 -0.006716 -3.296862 0.028975 0.007908 0.999549 102.407005
0.999004 0.040590 -0.018554 -4.542999 -0.040691 0.999159 -0.005125 -3.317337 0.018331 0.005875 0.999815 102.880961
0.999220 0.039002 -0.006184 -4.540123 -0.039027 0.999230 -0.004028 -3.342361 0.006022 0.004266 0.999973 103.331330
0.999211 0.038956 0.007691 -4.500661 -0.038914 0.999228 -0.005450 -3.348425 -0.007898 0.005146 0.999956 103.761701
0.999043 0.038113 0.021478 -4.440276 -0.037940 0.999245 -0.008400 -3.357837 -0.021782 0.007577 0.999734 104.178827
0.998655 0.037115 0.036215 -4.308517 -0.036641 0.999235 -0.013646 -3.356678 -0.036693 0.012301 0.999251 104.570163
0.997924 0.036046 0.053367 -4.181420 -0.035189 0.999238 -0.016910 -3.384751 -0.053936 0.014997 0.998432 104.951059
0.996240 0.034046 0.079667 -4.134636 -0.032706 0.999302 -0.018060 -3.412731 -0.080226 0.015386 0.996658 105.348873
0.993580 0.031324 0.108705 -4.070790 -0.029437 0.999388 -0.018922 -3.419313 -0.109231 0.015601 0.993894 105.732038
0.989392 0.029764 0.142190 -4.006365 -0.027225 0.999434 -0.019765 -3.430401 -0.142698 0.015684 0.989642 106.115272
0.984356 0.026538 0.174183 -3.886615 -0.023626 0.999545 -0.018771 -3.476738 -0.174602 0.014362 0.984534 106.468742
0.975856 0.024526 0.217033 -3.833996 -0.020875 0.999600 -0.019100 -3.491376 -0.217415 0.014109 0.975977 106.845290
0.966956 0.024682 0.253747 -3.672156 -0.019923 0.999574 -0.021309 -3.474157 -0.254165 0.015549 0.967036 107.172559
0.955065 0.026522 0.295207 -3.545402 -0.020445 0.999511 -0.023656 -3.483206 -0.295690 0.016558 0.955140 107.518770
0.940902 0.028753 0.337455 -3.383367 -0.021353 0.999444 -0.025621 -3.482733 -0.338004 0.016901 0.940993 107.845835
0.923438 0.032246 0.382391 -3.213707 -0.024055 0.999368 -0.026183 -3.479897 -0.382994 0.014980 0.923629 108.156551
0.902726 0.032342 0.428999 -3.067509 -0.024310 0.999412 -0.024191 -3.515313 -0.429529 0.011409 0.902981 108.484460
0.880307 0.032302 0.473303 -2.882025 -0.023227 0.999417 -0.025008 -3.524957 -0.473835 0.011021 0.880545 108.775960
0.852783 0.032823 0.521233 -2.726038 -0.022052 0.999396 -0.026854 -3.540928 -0.521799 0.011407 0.852992 109.090640
0.826267 0.033902 0.562257 -2.521036 -0.021103 0.999349 -0.029245 -3.570447 -0.562883 0.012299 0.826445 109.360146
0.794508 0.037048 0.606123 -2.308265 -0.021018 0.999217 -0.033523 -3.592152 -0.606890 0.013895 0.794664 109.639494
0.760147 0.044328 0.648237 -2.074354 -0.023505 0.998893 -0.040745 -3.608398 -0.649326 0.015735 0.760348 109.893411
0.723276 0.047213 0.688943 -1.818225 -0.021720 0.998722 -0.045640 -3.605964 -0.690217 0.018046 0.723377 110.146371
0.656503 0.049525 0.752695 -1.829871 -0.020319 0.998641 -0.047985 -3.597686 -0.754049 0.016209 0.656618 110.508461
0.615284 0.045832 0.786972 -1.529489 -0.017209 0.998851 -0.044717 -3.598402 -0.788117 0.013971 0.615366 110.702794
0.572362 0.044153 0.818811 -1.194831 -0.016851 0.998972 -0.042088 -3.593722 -0.819828 0.010292 0.572518 110.872108
0.524800 0.046490 0.849955 -0.874844 -0.020484 0.998908 -0.041990 -3.622925 -0.850979 0.004626 0.525179 111.054279
0.476496 0.046298 0.877957 -0.525439 -0.023617 0.998926 -0.039860 -3.652011 -0.878860 -0.001741 0.477077 111.202902
0.427845 0.045389 0.902712 -0.165246 -0.026486 0.998939 -0.037674 -3.670678 -0.903464 -0.007791 0.428593 111.323621
0.378057 0.047950 0.924540 0.202819 -0.029695 0.998772 -0.039657 -3.695072 -0.925306 -0.012462 0.379017 111.447100
0.327332 0.051816 0.943487 0.578203 -0.028208 0.998586 -0.045056 -3.725796 -0.944488 -0.011866 0.328331 111.556563
0.279325 0.054562 0.958645 0.965076 -0.024308 0.998466 -0.049745 -3.757954 -0.959889 -0.009408 0.280223 111.617718
0.234608 0.052545 0.970669 1.367344 -0.021512 0.998574 -0.048856 -3.780719 -0.971852 -0.009419 0.235404 111.691457
0.193899 0.045527 0.979965 1.782201 -0.017419 0.998925 -0.042961 -3.792078 -0.980867 -0.008740 0.194483 111.753045
0.157068 0.038487 0.986838 2.212407 -0.015691 0.999211 -0.036473 -3.816708 -0.987463 -0.009756 0.157548 111.817607
0.127652 0.033985 0.991237 2.656616 -0.014073 0.999374 -0.032451 -3.842821 -0.991719 -0.009807 0.128051 111.831346
0.100436 0.037399 0.994240 3.120567 -0.017486 0.999205 -0.035820 -3.879776 -0.994790 -0.013788 0.101010 111.853331
0.074097 0.046203 0.996180 3.601727 -0.022795 0.998744 -0.044627 -3.907609 -0.996990 -0.019401 0.075057 111.905451
0.048333 0.051418 0.997507 4.097373 -0.027149 0.998373 -0.050147 -3.936542 -0.998462 -0.024658 0.049650 111.966437
0.027677 0.048591 0.998435 4.612545 -0.030553 0.998392 -0.047742 -4.003770 -0.999150 -0.029184 0.029117 111.932834
0.007590 0.042161 0.999082 5.147218 -0.029173 0.998695 -0.041923 -4.039355 -0.999546 -0.028828 0.008810 111.934194
-0.007649 0.036709 0.999297 5.697432 -0.025806 0.998986 -0.036895 -4.068370 -0.999638 -0.026070 -0.006694 111.874045
-0.021688 0.038329 0.999030 6.269907 -0.020524 0.999037 -0.038775 -4.095640 -0.999554 -0.021345 -0.020881 111.872937
-0.031834 0.040983 0.998653 6.861620 -0.015940 0.999011 -0.041506 -4.119861 -0.999366 -0.017240 -0.031149 111.856755
-0.038257 0.037189 0.998576 7.478205 -0.017116 0.999136 -0.037865 -4.154077 -0.999121 -0.018540 -0.037588 111.822292
-0.042448 0.031172 0.998612 8.121332 -0.019250 0.999302 -0.032011 -4.171669 -0.998913 -0.020582 -0.041819 111.809475
-0.041959 0.029780 0.998675 8.776613 -0.021411 0.999299 -0.030698 -4.211746 -0.998890 -0.022670 -0.041292 111.775391
-0.041386 0.030365 0.998682 9.452610 -0.021886 0.999271 -0.031290 -4.238225 -0.998903 -0.023152 -0.040691 111.789907
-0.039809 0.032074 0.998692 10.141318 -0.020537 0.999247 -0.032910 -4.252033 -0.998996 -0.021821 -0.039121 111.803620
-0.038838 0.032351 0.998722 10.851115 -0.019209 0.999267 -0.033116 -4.276721 -0.999061 -0.020470 -0.038188 111.792811
-0.036943 0.030787 0.998843 11.573223 -0.018025 0.999342 -0.031470 -4.302500 -0.999155 -0.019166 -0.036364 111.761013
-0.036345 0.031770 0.998834 12.312003 -0.017074 0.999329 -0.032407 -4.320514 -0.999193 -0.018232 -0.035779 111.766314
-0.035072 0.032134 0.998868 13.067323 -0.017280 0.999314 -0.032755 -4.349733 -0.999235 -0.018409 -0.034492 111.737593
-0.037034 0.034614 0.998714 13.831708 -0.017509 0.999224 -0.035281 -4.361578 -0.999161 -0.018793 -0.036399 111.784713
-0.038198 0.033709 0.998701 14.607939 -0.020034 0.999204 -0.034492 -4.405731 -0.999069 -0.021326 -0.037492 111.774770
-0.042263 0.039077 0.998342 15.387557 -0.021235 0.998974 -0.040000 -4.419198 -0.998881 -0.022890 -0.041390 111.812034
-0.042743 0.041488 0.998224 16.172684 -0.022925 0.998834 -0.042495 -4.462282 -0.998823 -0.024701 -0.041742 111.780565
-0.044145 0.039367 0.998249 16.969831 -0.025604 0.998851 -0.040523 -4.505535 -0.998697 -0.027348 -0.043086 111.765543
-0.046675 0.037280 0.998214 17.774378 -0.028645 0.998842 -0.038643 -4.563116 -0.998499 -0.030397 -0.045553 111.751431
-0.047532 0.038706 0.998119 18.588184 -0.029783 0.998750 -0.040149 -4.621969 -0.998426 -0.031636 -0.046320 111.712399
-0.050728 0.041544 0.997848 19.404893 -0.025305 0.998760 -0.042868 -4.670167 -0.998392 -0.027425 -0.049614 111.710187
-0.052307 0.040438 0.997812 20.226403 -0.020431 0.998927 -0.041554 -4.703867 -0.998422 -0.022560 -0.051425 111.695524
-0.052306 0.040329 0.997816 21.055379 -0.019042 0.998962 -0.041373 -4.751278 -0.998450 -0.021164 -0.051484 111.653858
-0.054921 0.045384 0.997459 21.893144 -0.020262 0.998710 -0.046556 -4.793526 -0.998285 -0.022767 -0.053931 111.642530
-0.056348 0.049609 0.997178 22.732420 -0.024228 0.998403 -0.051039 -4.848368 -0.998117 -0.027035 -0.055056 111.604359
-0.053712 0.051088 0.997249 23.570994 -0.029951 0.998159 -0.052748 -4.903359 -0.998107 -0.032701 -0.052083 111.522393
-0.053942 0.055274 0.997013 24.413849 -0.035538 0.997728 -0.057237 -4.964852 -0.997911 -0.038519 -0.051855 111.496603
-0.052587 0.055410 0.997078 25.248639 -0.037006 0.997666 -0.057394 -5.037702 -0.997930 -0.039916 -0.050414 111.464048
-0.051113 0.051654 0.997356 26.076510 -0.031278 0.998089 -0.053295 -5.113404 -0.998203 -0.033920 -0.049400 111.440944
-0.048359 0.049406 0.997607 26.893435 -0.020970 0.998506 -0.050467 -5.179301 -0.998610 -0.023360 -0.047251 111.381820
-0.047682 0.048355 0.997691 27.715133 -0.015761 0.998667 -0.049155 -5.220719 -0.998738 -0.018068 -0.046856 111.347980
-0.046614 0.046881 0.997812 28.545854 -0.021346 0.998623 -0.047917 -5.270724 -0.998685 -0.023532 -0.045549 111.332242
-0.046538 0.044888 0.997907 29.374873 -0.029108 0.998505 -0.046272 -5.326093 -0.998492 -0.031201 -0.045162 111.288828
-0.044991 0.042853 0.998068 30.193369 -0.033010 0.998470 -0.044358 -5.388201 -0.998442 -0.034942 -0.043508 111.241699
-0.046992 0.044454 0.997906 31.005465 -0.032277 0.998420 -0.045997 -5.435173 -0.998374 -0.034371 -0.045483 111.241828
-0.048046 0.046235 0.997774 31.815291 -0.030402 0.998398 -0.047728 -5.496543 -0.998382 -0.032628 -0.046563 111.210105
-0.051666 0.048410 0.997490 32.621070 -0.028581 0.998344 -0.049932 -5.532050 -0.998255 -0.031089 -0.050197 111.206227
-0.051599 0.048082 0.997510 33.420384 -0.028789 0.998354 -0.049612 -5.583680 -0.998253 -0.031277 -0.050130 111.128311
-0.052667 0.046765 0.997517 34.217080 -0.028135 0.998437 -0.048293 -5.640466 -0.998216 -0.030609 -0.051269 111.074377
-0.053477 0.046727 0.997475 35.007513 -0.028180 0.998436 -0.048283 -5.713491 -0.998171 -0.030690 -0.052077 111.005542
-0.057171 0.046322 0.997289 35.801849 -0.027490 0.998471 -0.047952 -5.748619 -0.997986 -0.030157 -0.055811 111.002594
-0.060080 0.046735 0.997099 36.589246 -0.029863 0.998372 -0.048595 -5.818690 -0.997747 -0.032696 -0.058586 110.971450
-0.061499 0.046993 0.997000 37.369241 -0.029832 0.998358 -0.048898 -5.876392 -0.997661 -0.032749 -0.059996 110.920454
-0.062336 0.047570 0.996921 38.147778 -0.029146 0.998351 -0.049461 -5.924765 -0.997630 -0.032139 -0.060847 110.868315
-0.062188 0.046797 0.996967 38.915334 -0.029655 0.998372 -0.048713 -5.994487 -0.997624 -0.032595 -0.060699 110.820485
-0.062086 0.046035 0.997009 39.684876 -0.032382 0.998317 -0.048112 -6.069266 -0.997545 -0.035272 -0.060491 110.786083
-0.062321 0.044394 0.997068 40.449692 -0.032915 0.998375 -0.046510 -6.120404 -0.997513 -0.035717 -0.060758 110.726299
-0.064388 0.044710 0.996923 41.209147 -0.033755 0.998327 -0.046953 -6.172140 -0.997354 -0.036674 -0.062771 110.714637
-0.064778 0.046249 0.996827 41.957771 -0.033707 0.998254 -0.048505 -6.212039 -0.997330 -0.036742 -0.063106 110.679098
-0.065391 0.049016 0.996655 42.688474 -0.034982 0.998066 -0.051381 -6.268246 -0.997246 -0.038225 -0.063550 110.633814
-0.064394 0.049085 0.996717 43.399247 -0.036421 0.998009 -0.051502 -6.332644 -0.997260 -0.039617 -0.062478 110.581147
-0.067777 0.050332 0.996430 44.102947 -0.033806 0.998037 -0.052713 -6.388606 -0.997128 -0.037258 -0.065942 110.575196
-0.067857 0.049580 0.996462 44.801241 -0.030987 0.998178 -0.051775 -6.434850 -0.997214 -0.034391 -0.066197 110.526083
-0.068411 0.050515 0.996378 45.496757 -0.028774 0.998202 -0.052583 -6.486235 -0.997242 -0.032267 -0.066834 110.492120
-0.069015 0.049078 0.996408 46.190132 -0.027416 0.998319 -0.051071 -6.531551 -0.997239 -0.030842 -0.067554 110.458883
-0.070171 0.049470 0.996308 46.883351 -0.027724 0.998287 -0.051521 -6.585185 -0.997150 -0.031236 -0.068679 110.437474
-0.070153 0.048825 0.996341 47.570347 -0.027736 0.998320 -0.050875 -6.634951 -0.997151 -0.031203 -0.068681 110.407788
-0.072454 0.053370 0.995943 48.254235 -0.027193 0.998090 -0.055463 -6.691544 -0.997001 -0.031101 -0.070865 110.397960
-0.070805 0.055122 0.995966 48.935622 -0.025811 0.998036 -0.057072 -6.738679 -0.997156 -0.029748 -0.069243 110.346779
-0.069932 0.050290 0.996283 49.609104 -0.026733 0.998275 -0.052267 -6.784968 -0.997194 -0.030289 -0.068467 110.306383
-0.069554 0.050118 0.996318 50.277355 -0.027784 0.998252 -0.052155 -6.847030 -0.997191 -0.031309 -0.068040 110.244693
-0.071590 0.053378 0.996005 50.944693 -0.027697 0.998076 -0.055480 -6.892926 -0.997050 -0.031558 -0.069973 110.200493
-0.076313 0.057849 0.995404 51.608283 -0.027128 0.997826 -0.060070 -6.948136 -0.996715 -0.031587 -0.074577 110.167012
-0.081561 0.053784 0.995216 52.265360 -0.024550 0.998132 -0.055954 -7.004386 -0.996366 -0.028996 -0.080088 110.114644
-0.090423 0.052487 0.994519 52.926715 -0.021232 0.998282 -0.054616 -7.045962 -0.995677 -0.026054 -0.089154 110.080357
-0.095709 0.055125 0.993882 53.590503 -0.020905 0.998134 -0.057374 -7.106951 -0.995190 -0.026268 -0.094378 109.997932
-0.104099 0.057980 0.992875 54.263717 -0.019548 0.997987 -0.060328 -7.138206 -0.994375 -0.025689 -0.102757 109.972687
-0.109499 0.058377 0.992271 54.938496 -0.020524 0.997928 -0.060975 -7.196832 -0.993775 -0.027042 -0.108074 109.915668
-0.111885 0.060311 0.991889 55.615274 -0.019876 0.997821 -0.062913 -7.253397 -0.993522 -0.026754 -0.110442 109.841297
-0.119454 0.064473 0.990744 56.304044 -0.019796 0.997536 -0.067302 -7.299956 -0.992642 -0.027652 -0.117884 109.802401
-0.123537 0.061758 0.990416 57.001431 -0.021095 0.997673 -0.064842 -7.337992 -0.992116 -0.028904 -0.121947 109.745985
-0.124681 0.058553 0.990468 57.707761 -0.024919 0.997758 -0.062121 -7.398265 -0.991884 -0.032427 -0.122942 109.662726
-0.127155 0.057396 0.990221 58.430906 -0.026423 0.997774 -0.061226 -7.435403 -0.991531 -0.033950 -0.125356 109.591101
-0.128651 0.058355 0.989971 59.153869 -0.027463 0.997675 -0.062378 -7.504408 -0.991310 -0.035212 -0.126750 109.522676
-0.127958 0.057402 0.990117 59.878321 -0.022827 0.997889 -0.060803 -7.559414 -0.991517 -0.030381 -0.126377 109.426912
-0.130578 0.050838 0.990134 60.610313 -0.020640 0.998329 -0.053981 -7.627464 -0.991223 -0.027485 -0.129311 109.361178
-0.131994 0.043297 0.990304 61.348356 -0.016640 0.998808 -0.045887 -7.672115 -0.991111 -0.022535 -0.131116 109.259584
-0.132869 0.041841 0.990250 62.090831 -0.015625 0.998896 -0.044303 -7.711255 -0.991010 -0.021359 -0.132068 109.164994
-0.133001 0.043658 0.990154 62.839289 -0.017020 0.998781 -0.046324 -7.747466 -0.990970 -0.023014 -0.132096 109.090116
-0.134388 0.043267 0.989984 63.592134 -0.021237 0.998691 -0.046531 -7.788456 -0.990701 -0.027278 -0.133294 109.026344
-0.131686 0.042286 0.990389 64.334093 -0.025209 0.998624 -0.045989 -7.844312 -0.990971 -0.031023 -0.130439 108.914968
-0.133853 0.043440 0.990049 65.086995 -0.025130 0.998569 -0.047212 -7.885674 -0.990682 -0.031199 -0.132570 108.818671
-0.134350 0.043353 0.989985 65.823427 -0.023322 0.998627 -0.046896 -7.930934 -0.990659 -0.029389 -0.133155 108.695182
-0.135741 0.046542 0.989651 66.564346 -0.022944 0.998480 -0.050104 -7.986993 -0.990479 -0.029508 -0.134467 108.600394
-0.137368 0.044043 0.989540 67.300982 -0.023509 0.998585 -0.047709 -8.033047 -0.990241 -0.029817 -0.136138 108.491103
-0.140546 0.045729 0.989018 68.048388 -0.022995 0.998513 -0.049436 -8.076473 -0.989807 -0.029690 -0.139285 108.404741
-0.143717 0.046457 0.988528 68.797395 -0.022424 0.998488 -0.050185 -8.124612 -0.989365 -0.029380 -0.142458 108.315541
-0.145755 0.050238 0.988044 69.550865 -0.022109 0.998295 -0.054020 -8.180176 -0.989074 -0.029718 -0.144396 108.224162
-0.145211 0.050479 0.988112 70.298514 -0.020866 0.998319 -0.054067 -8.241117 -0.989181 -0.028469 -0.143914 108.102126
-0.147049 0.053516 0.987680 71.057271 -0.019486 0.998185 -0.056986 -8.292631 -0.988937 -0.027626 -0.145739 108.016814
-0.149036 0.053877 0.987363 71.818894 -0.019531 0.998159 -0.057414 -8.358063 -0.988639 -0.027841 -0.147709 107.920108
-0.151975 0.052703 0.986978 72.591453 -0.021364 0.998169 -0.056590 -8.407099 -0.988153 -0.029686 -0.150570 107.847383
-0.153424 0.053424 0.986715 73.365524 -0.022511 0.998089 -0.057540 -8.447412 -0.987904 -0.031040 -0.151928 107.749918
-0.155439 0.055504 0.986285 74.143864 -0.022900 0.997949 -0.059770 -8.497348 -0.987580 -0.031877 -0.153850 107.646603
-0.157954 0.055480 0.985887 74.925984 -0.023361 0.997931 -0.059901 -8.555438 -0.987170 -0.032492 -0.156331 107.540382
-0.158291 0.053238 0.985956 75.711675 -0.023117 0.998072 -0.057604 -8.619409 -0.987122 -0.031911 -0.156755 107.418587
-0.160384 0.055380 0.985500 76.498783 -0.021747 0.997984 -0.059621 -8.696293 -0.986815 -0.030994 -0.158856 107.288131
-0.161801 0.054667 0.985308 77.288512 -0.018822 0.998112 -0.058468 -8.772530 -0.986644 -0.028005 -0.160467 107.155802
-0.161330 0.051921 0.985534 78.089179 -0.015057 0.998369 -0.055062 -8.813944 -0.986786 -0.023722 -0.160286 107.040379
-0.162585 0.048482 0.985503 78.894505 -0.011167 0.998638 -0.050971 -8.862364 -0.986631 -0.019293 -0.161822 106.924226
-0.161639 0.045925 0.985781 79.708762 -0.010640 0.998777 -0.048275 -8.901509 -0.986793 -0.018292 -0.160953 106.792792
-0.163290 0.042170 0.985676 80.532931 -0.011037 0.998945 -0.044566 -8.939770 -0.986516 -0.018156 -0.162652 106.686019
-0.163632 0.041385 0.985653 81.361060 -0.013389 0.998935 -0.044165 -8.992555 -0.986431 -0.020424 -0.162904 106.564429
-0.165139 0.043533 0.985309 82.195702 -0.015313 0.998792 -0.046695 -9.052790 -0.986151 -0.022800 -0.164273 106.475726
-0.163185 0.042400 0.985684 83.034230 -0.015819 0.998835 -0.045584 -9.073908 -0.986469 -0.023031 -0.162324 106.366302
-0.162019 0.044135 0.985800 83.880430 -0.020058 0.998646 -0.048007 -9.136716 -0.986584 -0.027551 -0.160914 106.253559
-0.161823 0.042967 0.985884 84.729104 -0.023173 0.998611 -0.047325 -9.174912 -0.986548 -0.030504 -0.160602 106.147245
-0.160451 0.045533 0.985993 85.576746 -0.022703 0.998501 -0.049805 -9.230168 -0.986783 -0.030376 -0.159177 106.038619
-0.160420 0.044410 0.986049 86.421940 -0.020586 0.998619 -0.048325 -9.307468 -0.986834 -0.028051 -0.159284 105.945301
-0.159630 0.042866 0.986246 87.267688 -0.013272 0.998873 -0.045563 -9.346693 -0.987088 -0.020363 -0.158881 105.830281
-0.158999 0.045216 0.986243 88.118234 -0.008502 0.998851 -0.047165 -9.382659 -0.987242 -0.015884 -0.158432 105.725977
-0.158568 0.046388 0.986258 88.978140 -0.010034 0.998768 -0.048590 -9.426215 -0.987297 -0.017600 -0.157908 105.619782
-0.158093 0.047197 0.986296 89.834454 -0.012662 0.998678 -0.049820 -9.483518 -0.987343 -0.020365 -0.157287 105.466555
-0.155811 0.045141 0.986755 90.691857 -0.015393 0.998723 -0.048119 -9.551171 -0.987667 -0.022687 -0.154917 105.321767
-0.156022 0.045799 0.986691 91.552207 -0.014848 0.998703 -0.048704 -9.607810 -0.987642 -0.022249 -0.155140 105.239443
-0.156356 0.043963 0.986722 92.413362 -0.014335 0.998803 -0.046772 -9.654626 -0.987597 -0.021458 -0.155538 105.123820
-0.153658 0.039368 0.987340 93.268441 -0.016278 0.998970 -0.042365 -9.703496 -0.987990 -0.022582 -0.152859 104.972134
-0.153175 0.037907 0.987472 94.125779 -0.017057 0.999014 -0.040996 -9.767334 -0.988052 -0.023123 -0.152377 104.847930
-0.150339 0.035684 0.987990 94.972267 -0.016341 0.999122 -0.038573 -9.824322 -0.988499 -0.021944 -0.149624 104.702665
-0.150723 0.035327 0.987945 95.830524 -0.013411 0.999196 -0.037776 -9.843309 -0.988485 -0.018943 -0.150128 104.631968
-0.148103 0.036742 0.988289 96.676209 -0.011881 0.999171 -0.038927 -9.906977 -0.988901 -0.017507 -0.147544 104.497500
-0.145219 0.040476 0.988571 97.521899 -0.013772 0.998983 -0.042925 -9.946059 -0.989304 -0.019848 -0.144514 104.354505
-0.145217 0.044952 0.988378 98.366645 -0.014369 0.998766 -0.047535 -10.003766 -0.989296 -0.021105 -0.144392 104.233975
-0.145470 0.047996 0.988198 99.203599 -0.012296 0.998658 -0.050314 -10.061595 -0.989286 -0.019470 -0.144685 104.121308
-0.146737 0.050897 0.987865 100.032830 -0.008454 0.998574 -0.052705 -10.142276 -0.989139 -0.016085 -0.146098 104.014231
-0.146467 0.052474 0.987823 100.858122 -0.005458 0.998534 -0.053852 -10.202433 -0.989200 -0.013279 -0.145966 103.894837
-0.149366 0.052134 0.987407 101.684345 -0.004398 0.998564 -0.053388 -10.251938 -0.988772 -0.012317 -0.148922 103.792516
-0.149329 0.048955 0.987575 102.504371 -0.005178 0.998721 -0.050291 -10.307914 -0.988774 -0.012624 -0.148884 103.663719
-0.151430 0.048810 0.987262 103.319635 -0.004543 0.998735 -0.050074 -10.365718 -0.988457 -0.012068 -0.151017 103.561564
-0.152554 0.048657 0.987097 104.131167 -0.002014 0.998770 -0.049544 -10.427430 -0.988293 -0.009546 -0.152268 103.471575
-0.151800 0.048445 0.987223 104.933242 0.000736 0.998803 -0.048900 -10.458520 -0.988411 -0.006696 -0.151654 103.336710
-0.153583 0.051443 0.986796 105.734382 0.001070 0.998652 -0.051895 -10.521392 -0.988135 -0.006914 -0.153431 103.229708
-0.157458 0.053568 0.986072 106.533716 0.000661 0.998533 -0.054139 -10.585512 -0.987526 -0.007872 -0.157262 103.158054
-0.160773 0.055092 0.985453 107.318921 0.002105 0.998458 -0.055476 -10.650104 -0.986989 -0.006844 -0.160641 103.036147
-0.164013 0.054968 0.984926 108.100565 0.005212 0.998481 -0.054857 -10.708294 -0.986444 -0.003864 -0.164050 102.921013
-0.165479 0.056097 0.984617 108.869653 0.007070 0.998423 -0.055695 -10.774117 -0.986188 -0.002255 -0.165614 102.769087
-0.169167 0.054997 0.984052 109.642662 0.007046 0.998484 -0.054592 -10.832038 -0.985562 -0.002301 -0.169298 102.641813
-0.171898 0.054360 0.983614 110.412875 0.005625 0.998514 -0.054201 -10.889139 -0.985099 -0.003784 -0.171948 102.524301
-0.174571 0.052180 0.983261 111.181889 0.006986 0.998635 -0.051756 -10.928108 -0.984620 -0.002166 -0.174697 102.407447
-0.177207 0.057835 0.982473 111.941393 0.013217 0.998322 -0.056384 -10.983221 -0.984085 0.002993 -0.177674 102.286437
-0.181394 0.061256 0.981501 112.698293 0.019461 0.998086 -0.058694 -11.050953 -0.983218 0.008455 -0.182239 102.191342
-0.185827 0.057724 0.980885 113.451533 0.021066 0.998277 -0.054757 -11.109106 -0.982357 0.010488 -0.186723 102.058877
-0.192701 0.057196 0.979589 114.213652 0.018645 0.998333 -0.054622 -11.162101 -0.981080 0.007739 -0.193446 101.955174
-0.196908 0.059057 0.978642 114.978286 0.012212 0.998254 -0.057784 -11.209901 -0.980346 0.000573 -0.197286 101.833852
-0.198650 0.061124 0.978163 115.728292 0.011494 0.998130 -0.060038 -11.270563 -0.980003 -0.000683 -0.198981 101.690752
-0.199996 0.060185 0.977946 116.470216 0.015695 0.998180 -0.058220 -11.322234 -0.979671 0.003705 -0.200577 101.546591
-0.201422 0.063736 0.977429 117.207302 0.019212 0.997946 -0.061115 -11.384706 -0.979316 0.006468 -0.202233 101.395583
-0.203124 0.062001 0.977188 117.940495 0.020265 0.998046 -0.059111 -11.452332 -0.978943 0.007796 -0.203983 101.242629
-0.203061 0.057529 0.977475 118.667805 0.023532 0.998271 -0.053864 -11.515441 -0.978883 0.012064 -0.204063 101.072255
-0.205038 0.058380 0.977011 119.398278 0.028073 0.998160 -0.053752 -11.561432 -0.978351 0.016407 -0.206300 100.931156
-0.208696 0.061433 0.976049 120.129388 0.029999 0.997958 -0.056398 -11.621109 -0.977520 0.017511 -0.210113 100.806390
-0.212124 0.060229 0.975385 120.861755 0.027689 0.998069 -0.055608 -11.664681 -0.976850 0.015212 -0.213382 100.671315
-0.217252 0.054946 0.974568 121.590123 0.021600 0.998441 -0.051477 -11.730005 -0.975876 0.009867 -0.218100 100.514209
-0.222664 0.052779 0.973466 122.308717 0.018554 0.998582 -0.049897 -11.783418 -0.974719 0.006952 -0.223327 100.345904
-0.227537 0.052710 0.972342 123.022051 0.017851 0.998592 -0.049956 -11.838999 -0.973606 0.005990 -0.228157 100.164126
-0.234396 0.053397 0.970674 123.725983 0.019177 0.998550 -0.050300 -11.884694 -0.971952 0.006824 -0.235080 99.972376
-0.244547 0.055208 0.968065 124.436574 0.021712 0.998439 -0.051455 -11.919607 -0.969394 0.008435 -0.245364 99.812260
-0.255378 0.057117 0.965153 125.134341 0.021918 0.998339 -0.053281 -11.975135 -0.966593 0.007548 -0.256206 99.617589
-0.266536 0.056279 0.962181 125.826134 0.021902 0.998390 -0.052330 -12.038274 -0.963576 0.007126 -0.267339 99.403676
-0.278545 0.056141 0.958781 126.518075 0.020098 0.998412 -0.052622 -12.114567 -0.960213 0.004612 -0.279231 99.201107
-0.288243 0.052484 0.956118 127.200483 0.017346 0.998619 -0.049588 -12.181758 -0.957400 0.002292 -0.288755 98.968178
-0.296603 0.049590 0.953713 127.883391 0.016303 0.998768 -0.046862 -12.225582 -0.954862 0.001648 -0.297046 98.739626
-0.302019 0.042674 0.952346 128.555191 0.014329 0.999088 -0.040224 -12.272759 -0.953194 0.001498 -0.302355 98.478152
-0.310182 0.037727 0.949928 129.234779 0.009571 0.999286 -0.036562 -12.337951 -0.950629 -0.002250 -0.310322 98.250468
-0.316866 0.040750 0.947594 129.918556 0.011189 0.999168 -0.039227 -12.373793 -0.948404 -0.001827 -0.317059 98.045178
-0.321991 0.037245 0.946010 130.596248 0.006980 0.999292 -0.036967 -12.422444 -0.946717 -0.005300 -0.322023 97.819873
-0.323078 0.031483 0.945849 131.260490 0.001630 0.999464 -0.032710 -12.456593 -0.946371 -0.009026 -0.322956 97.561127
-0.323477 0.025565 0.945891 131.926695 -0.002767 0.999605 -0.027963 -12.482604 -0.946232 -0.011662 -0.323279 97.318624
-0.324209 0.023743 0.945688 132.592597 -0.007045 0.999597 -0.027511 -12.535921 -0.945959 -0.015582 -0.323911 97.094953
-0.322586 0.021065 0.946306 133.245969 -0.003763 0.999716 -0.023537 -12.583823 -0.946533 -0.011154 -0.322415 96.868047
-0.320517 0.019690 0.947038 133.898998 -0.001922 0.999768 -0.021437 -12.624114 -0.947241 -0.008691 -0.320405 96.647845
-0.321896 0.015548 0.946647 134.554332 -0.005080 0.999822 -0.018149 -12.658880 -0.946762 -0.010651 -0.321759 96.441087
-0.319905 0.015021 0.947330 135.205423 -0.005993 0.999822 -0.017877 -12.670467 -0.947431 -0.011396 -0.319758 96.217474
-0.318261 0.011770 0.947930 135.850979 -0.010849 0.999812 -0.016057 -12.702062 -0.947941 -0.015394 -0.318074 95.994887
-0.317121 0.012557 0.948302 136.493320 -0.010586 0.999803 -0.016780 -12.725031 -0.948326 -0.015360 -0.316925 95.800823
-0.312227 0.010250 0.949952 137.119159 -0.009845 0.999853 -0.014024 -12.752532 -0.949956 -0.013731 -0.312081 95.578237
-0.306697 0.006820 0.951783 137.744157 -0.011310 0.999878 -0.010810 -12.782576 -0.951740 -0.014080 -0.306582 95.367530
-0.301414 0.005111 0.953480 138.374815 -0.013435 0.999864 -0.009607 -12.800707 -0.953399 -0.015706 -0.301305 95.179444
-0.297054 0.002692 0.954857 139.007025 -0.016346 0.999835 -0.007904 -12.817431 -0.954721 -0.017956 -0.296961 95.011517
-0.291284 0.004288 0.956627 139.628796 -0.017654 0.999796 -0.009857 -12.831928 -0.956474 -0.019759 -0.291149 94.831467
-0.287245 0.003177 0.957852 140.246363 -0.019040 0.999778 -0.009026 -12.853101 -0.957668 -0.020830 -0.287121 94.660341
-0.281333 0.000911 0.959610 140.851539 -0.021488 0.999743 -0.007249 -12.874655 -0.959369 -0.022660 -0.281241 94.460677
-0.277661 -0.003318 0.960673 141.463473 -0.024398 0.999696 -0.003599 -12.885272 -0.960369 -0.024438 -0.277657 94.291875
-0.274568 -0.003676 0.961561 142.075646 -0.026923 0.999630 -0.003866 -12.896623 -0.961191 -0.026949 -0.274565 94.137680
-0.272524 0.000034 0.962149 142.679210 -0.027960 0.999577 -0.007955 -12.922205 -0.961743 -0.029069 -0.272408 93.997539
-0.266945 -0.000382 0.963712 143.259137 -0.026542 0.999623 -0.006956 -12.952552 -0.963346 -0.027436 -0.266855 93.807485
-0.265540 -0.000339 0.964100 143.850499 -0.024894 0.999669 -0.006505 -12.976190 -0.963778 -0.025727 -0.265461 93.679734
-0.259310 -0.001021 0.965794 144.435921 -0.021813 0.999751 -0.004799 -12.985113 -0.965548 -0.022311 -0.259267 93.537015
-0.252782 -0.000439 0.967523 145.015822 -0.021232 0.999762 -0.005094 -13.011128 -0.967290 -0.021830 -0.252731 93.407625
-0.244419 0.005336 0.969655 145.595536 -0.020340 0.999737 -0.010628 -13.015161 -0.969456 -0.022320 -0.244246 93.271789
-0.235649 0.006293 0.971818 146.176586 -0.022505 0.999676 -0.011930 -13.039753 -0.971578 -0.024682 -0.235431 93.171662
