0.999979 0.000358 -0.006477 0.000000 -0.000356 1.000000 0.000441 0.000000 0.006477 -0.000439 0.999979 0.000000
0.999979 0.000358 -0.006477 0.000000 -0.000356 1.000000 0.000441 0.000000 0.006477 -0.000439 0.999979 0.000000
0.999979 0.000358 -0.006477 -0.130029 -0.000356 1.000000 0.000441 -0.037338 0.006477 -0.000439 0.999979 0.990807
0.999897 0.001364 -0.014266 -0.156752 -0.001392 0.999997 -0.001927 -0.032152 0.014263 0.001946 0.999896 1.091631
0.999672 0.001760 -0.025535 -0.178221 -0.001855 0.999992 -0.003675 -0.027568 0.025528 0.003721 0.999667 1.204212
0.999258 0.001615 -0.038474 -0.209550 -0.001786 0.999989 -0.004422 -0.032266 0.038467 0.004487 0.999250 1.328197
0.998391 0.001131 -0.056693 -0.209245 -0.001363 0.999991 -0.004059 -0.034955 0.056688 0.004130 0.998383 1.469029
0.997186 -0.000661 -0.074969 -0.234394 0.000337 0.999991 -0.004340 -0.038934 0.074971 0.004302 0.997176 1.621417
0.995599 -0.001458 -0.093701 -0.282417 0.001005 0.999988 -0.004880 -0.037771 0.093707 0.004765 0.995588 1.780263
0.993245 -0.001537 -0.116027 -0.318666 0.000935 0.999986 -0.005236 -0.041533 0.116034 0.005092 0.993232 1.950594
0.990096 0.001307 -0.140388 -0.363065 -0.002207 0.999978 -0.006253 -0.043594 0.140377 0.006501 0.990077 2.126757
0.986137 0.005985 -0.165824 -0.409657 -0.007270 0.999948 -0.007146 -0.050564 0.165773 0.008253 0.986129 2.309575
0.981315 0.008907 -0.192202 -0.482626 -0.010592 0.999914 -0.007745 -0.054312 0.192116 0.009636 0.981325 2.492383
0.975028 0.009860 -0.221862 -0.549134 -0.011883 0.999899 -0.007785 -0.061035 0.221763 0.010226 0.975047 2.686011
0.967650 0.011836 -0.252019 -0.634921 -0.014051 0.999877 -0.006992 -0.071363 0.251905 0.010307 0.967697 2.879577
0.959272 0.010191 -0.282301 -0.739307 -0.013583 0.999857 -0.010062 -0.030101 0.282158 0.013486 0.959273 3.067313
0.948734 0.011494 -0.315868 -0.833546 -0.015255 0.999839 -0.009438 -0.025330 0.315708 0.013773 0.948756 3.269459
0.937096 0.013131 -0.348823 -0.944676 -0.017412 0.999807 -0.009142 -0.026755 0.348636 0.014641 0.937144 3.464119
0.924105 0.016123 -0.381798 -1.066652 -0.020652 0.999757 -0.007765 -0.036202 0.381580 0.015061 0.924213 3.660754
0.908107 0.018579 -0.418326 -1.179243 -0.023268 0.999711 -0.006112 -0.039643 0.418091 0.015284 0.908277 3.866320
0.890777 0.014625 -0.454205 -1.314266 -0.020913 0.999742 -0.008824 -0.043172 0.453959 0.017359 0.890853 4.060271
0.871259 0.008858 -0.490744 -1.461002 -0.017094 0.999778 -0.012303 -0.046260 0.490526 0.019108 0.871217 4.252478
0.847898 0.009848 -0.530068 -1.632280 -0.017109 0.999815 -0.008792 -0.059045 0.529884 0.016524 0.847909 4.435938
0.821358 0.013803 -0.570245 -1.828328 -0.019743 0.999796 -0.004237 -0.062908 0.570071 0.014738 0.821464 4.611585
0.789262 0.016667 -0.613830 -2.016902 -0.021919 0.999759 -0.001037 -0.073969 0.613665 0.014273 0.789437 4.801302
0.754966 0.015519 -0.655581 -2.225163 -0.022284 0.999750 -0.001996 -0.076085 0.655386 0.016116 0.755122 4.980308
0.716025 0.008776 -0.698019 -2.441302 -0.018260 0.999814 -0.006160 -0.078510 0.697836 0.017157 0.716052 5.161544
0.675939 0.003698 -0.736948 -2.684520 -0.015322 0.999842 -0.009037 -0.085572 0.736798 0.017400 0.675889 5.326454
0.633049 0.000033 -0.774112 -2.943984 -0.012704 0.999866 -0.010346 -0.093080 0.774007 0.016384 0.632965 5.484388
0.588782 -0.002578 -0.808288 -3.242007 -0.010094 0.999893 -0.010543 -0.093087 0.808229 0.014366 0.588694 5.593518
0.539796 -0.003858 -0.841787 -3.538709 -0.008926 0.999907 -0.010306 -0.095266 0.841748 0.013077 0.539712 5.730207
0.489879 -0.001006 -0.871790 -3.858853 -0.011422 0.999906 -0.007572 -0.079656 0.871716 0.013667 0.489822 5.835155
0.437417 -0.000609 -0.899258 -4.191167 -0.010493 0.999928 -0.005781 -0.074788 0.899197 0.011964 0.437380 5.955803
0.384947 0.001910 -0.922937 -4.545799 -0.011028 0.999936 -0.002530 -0.065921 0.922873 0.011152 0.384944 6.046557
0.331930 -0.001601 -0.943303 -4.918346 -0.005885 0.999976 -0.003768 -0.084789 0.943286 0.006802 0.331912 6.133240
0.280519 -0.003693 -0.959841 -5.305693 -0.002567 0.999986 -0.004597 -0.101210 0.959845 0.003754 0.280506 6.195376
0.231252 -0.002785 -0.972890 -5.707394 -0.001458 0.999994 -0.003210 -0.111033 0.972893 0.002161 0.231246 6.238299
0.186085 0.000737 -0.982533 -6.128140 -0.001904 0.999998 0.000389 -0.119092 0.982532 0.001798 0.186086 6.257235
0.144267 0.002565 -0.989536 -6.563729 -0.001714 0.999996 0.002342 -0.125798 0.989537 0.001358 0.144270 6.292562
0.107420 0.004278 -0.994205 -7.012417 -0.002199 0.999989 0.004065 -0.152150 0.994211 0.001750 0.107428 6.265590
0.073391 0.001768 -0.997302 -7.476755 -0.006480 0.999978 0.001295 -0.142802 0.997282 0.006367 0.073401 6.279333
0.042324 -0.000187 -0.999104 -7.953539 -0.008842 0.999961 -0.000562 -0.155298 0.999065 0.008857 0.042321 6.256089
0.017002 0.000831 -0.999855 -8.447836 -0.010366 0.999946 0.000655 -0.168991 0.999802 0.010354 0.017010 6.223749
-0.003701 0.001705 -0.999992 -8.958034 -0.012930 0.999915 0.001753 -0.165975 0.999910 0.012937 -0.003679 6.214055
-0.019849 0.000820 -0.999803 -9.486704 -0.014016 0.999901 0.001099 -0.163896 0.999705 0.014035 -0.019835 6.183053
-0.032765 0.000419 -0.999463 -10.031215 -0.013666 0.999906 0.000867 -0.167341 0.999370 0.013687 -0.032756 6.154637
-0.041744 0.004817 -0.999117 -10.586870 -0.011137 0.999924 0.005287 -0.182837 0.999066 0.011348 -0.041687 6.093344
-0.048427 0.005947 -0.998809 -11.162502 -0.009486 0.999934 0.006414 -0.194907 0.998782 0.009786 -0.048367 6.052866
-0.052641 0.006599 -0.998592 -11.750932 -0.008262 0.999941 0.007043 -0.200366 0.998579 0.008621 -0.052584 6.009380
-0.053403 0.004446 -0.998563 -12.357288 -0.007546 0.999960 0.004856 -0.202505 0.998545 0.007794 -0.053367 5.965934
-0.052736 0.001565 -0.998607 -12.979529 -0.005860 0.999981 0.001877 -0.205847 0.998591 0.005951 -0.052726 5.927272
-0.050599 0.002811 -0.998715 -13.618437 -0.002750 0.999992 0.002954 -0.212295 0.998715 0.002896 -0.050591 5.904501
-0.048033 0.005576 -0.998830 -14.270977 -0.002706 0.999980 0.005712 -0.216829 0.998842 0.002977 -0.048017 5.846491
-0.046037 0.007375 -0.998913 -14.934081 -0.004766 0.999960 0.007602 -0.226816 0.998928 0.005111 -0.046000 5.790333
-0.044563 0.007804 -0.998976 -15.617094 -0.004584 0.999957 0.008016 -0.235377 0.998996 0.004936 -0.044525 5.758420
-0.043605 0.006781 -0.999026 -16.317122 -0.001662 0.999975 0.006860 -0.242570 0.999047 0.001960 -0.043592 5.729743
-0.041666 0.007723 -0.999102 -17.032874 0.001861 0.999969 0.007652 -0.248881 0.999130 -0.001541 -0.041679 5.683864
-0.039224 0.007540 -0.999202 -17.762477 0.004084 0.999964 0.007385 -0.253639 0.999222 -0.003791 -0.039253 5.628166
-0.037722 0.009694 -0.999241 -18.504052 0.003580 0.999948 0.009565 -0.259852 0.999282 -0.003216 -0.037755 5.606958
-0.035545 0.014002 -0.999270 -19.259506 0.001558 0.999901 0.013956 -0.277696 0.999367 -0.001060 -0.035563 5.591166
-0.034396 0.015380 -0.999290 -20.026341 0.001133 0.999882 0.015350 -0.278268 0.999408 -0.000604 -0.034409 5.563818
-0.033697 0.010076 -0.999381 -20.811585 0.002674 0.999947 0.009991 -0.261280 0.999429 -0.002335 -0.033722 5.508023
-0.032867 0.006797 -0.999437 -21.604889 0.004287 0.999969 0.006659 -0.257819 0.999451 -0.004066 -0.032895 5.475461
-0.031739 0.005091 -0.999483 -22.406236 0.005577 0.999972 0.004916 -0.264117 0.999481 -0.005418 -0.031766 5.433050
-0.033076 0.005379 -0.999438 -23.208799 0.000991 0.999985 0.005349 -0.276252 0.999452 -0.000814 -0.033080 5.421396
-0.032786 0.004635 -0.999452 -24.015859 -0.005885 0.999971 0.004830 -0.294554 0.999445 0.006040 -0.032758 5.391136
-0.032908 0.001290 -0.999458 -24.837505 -0.010606 0.999942 0.001639 -0.296646 0.999402 0.010654 -0.032892 5.358550
-0.033868 0.000714 -0.999426 -25.669112 -0.009631 0.999953 0.001041 -0.308139 0.999380 0.009660 -0.033859 5.341179
-0.033897 0.001241 -0.999425 -26.514055 -0.002124 0.999997 0.001314 -0.316278 0.999423 0.002167 -0.033895 5.313252
-0.034036 0.003454 -0.999415 -27.362697 0.004812 0.999983 0.003292 -0.316690 0.999409 -0.004697 -0.034052 5.279236
-0.033749 0.005772 -0.999414 -28.209896 0.010291 0.999932 0.005427 -0.335106 0.999377 -0.010102 -0.033806 5.229838
-0.034046 0.007566 -0.999392 -29.056548 0.010888 0.999915 0.007199 -0.352437 0.999361 -0.010636 -0.034126 5.178562
-0.033611 0.008147 -0.999402 -29.896670 0.008115 0.999936 0.007878 -0.375844 0.999402 -0.007845 -0.033675 5.112162
-0.034161 0.008155 -0.999383 -30.736191 0.005574 0.999953 0.007969 -0.382770 0.999401 -0.005299 -0.034204 5.074668
-0.034223 0.009419 -0.999370 -31.580389 0.006955 0.999934 0.009186 -0.388475 0.999390 -0.006637 -0.034287 5.036000
-0.034550 0.010154 -0.999351 -32.422144 0.009011 0.999911 0.009848 -0.394790 0.999362 -0.008665 -0.034638 5.022590
-0.034211 0.011476 -0.999349 -33.264980 0.007605 0.999908 0.011222 -0.410054 0.999386 -0.007217 -0.034295 4.976077
-0.033663 0.010866 -0.999374 -34.096878 0.002530 0.999939 0.010787 -0.414756 0.999430 -0.002165 -0.033689 4.911694
-0.033723 0.012621 -0.999352 -34.933383 -0.001335 0.999919 0.012673 -0.421200 0.999430 0.001761 -0.033703 4.886345
-0.033429 0.012528 -0.999363 -35.772490 -0.000467 0.999921 0.012551 -0.434158 0.999441 0.000886 -0.033421 4.872022
-0.033137 0.010757 -0.999393 -36.611857 0.001959 0.999941 0.010698 -0.447899 0.999449 -0.001603 -0.033156 4.848350
-0.035327 0.011459 -0.999310 -37.453079 0.007181 0.999911 0.011212 -0.465959 0.999350 -0.006780 -0.035406 4.902405
-0.035610 0.011574 -0.999299 -38.295832 0.014278 0.999837 0.011071 -0.503283 0.999264 -0.013874 -0.035770 4.877908
-0.035718 0.011704 -0.999293 -39.131863 0.017596 0.999784 0.011081 -0.518549 0.999207 -0.017187 -0.035917 4.832845
-0.036297 0.011656 -0.999273 -39.967220 0.016929 0.999796 0.011047 -0.517977 0.999198 -0.016516 -0.036487 4.828701
-0.035993 0.012212 -0.999277 -40.799804 0.012631 0.999851 0.011764 -0.526851 0.999272 -0.012199 -0.036141 4.801899
-0.035484 0.013377 -0.999281 -41.629209 0.008884 0.999875 0.013069 -0.544620 0.999331 -0.008414 -0.035598 4.787462
-0.036657 0.015629 -0.999206 -42.458978 0.006297 0.999861 0.015408 -0.544720 0.999308 -0.005727 -0.036750 4.761000
-0.036885 0.017594 -0.999165 -43.286277 0.005215 0.999835 0.017413 -0.549120 0.999306 -0.004568 -0.036971 4.699252
-0.038292 0.015517 -0.999146 -44.112776 0.002782 0.999877 0.015422 -0.545700 0.999263 -0.002189 -0.038330 4.694065
-0.039675 0.013096 -0.999127 -44.938790 -0.000806 0.999913 0.013138 -0.554527 0.999212 0.001326 -0.039661 4.685310
-0.040846 0.009006 -0.999125 -45.763276 -0.002816 0.999954 0.009129 -0.554903 0.999161 0.003187 -0.040819 4.656651
-0.040288 0.007551 -0.999160 -46.582773 0.000226 0.999971 0.007548 -0.555190 0.999188 0.000078 -0.040288 4.561162
-0.042396 0.004880 -0.999089 -47.409349 0.005978 0.999971 0.004631 -0.564899 0.999083 -0.005776 -0.042424 4.535081
-0.043883 0.005088 -0.999024 -48.225430 0.009432 0.999945 0.004678 -0.586579 0.998992 -0.009217 -0.043928 4.471400
-0.044419 0.007153 -0.998987 -49.035808 0.008582 0.999940 0.006779 -0.607655 0.998976 -0.008272 -0.044477 4.410506
-0.046669 0.010206 -0.998858 -49.841868 0.005015 0.999938 0.009983 -0.619942 0.998898 -0.004543 -0.046717 4.390601
-0.047622 0.014921 -0.998754 -50.639956 0.001609 0.999888 0.014861 -0.620790 0.998864 -0.000899 -0.047640 4.319918
-0.048959 0.018639 -0.998627 -51.438797 0.000049 0.999826 0.018659 -0.616453 0.998801 0.000864 -0.048951 4.265091
-0.050027 0.019812 -0.998551 -52.235329 0.001232 0.999804 0.019775 -0.613424 0.998747 -0.000241 -0.050042 4.212368
-0.052698 0.018449 -0.998440 -53.031844 0.004331 0.999824 0.018246 -0.623694 0.998601 -0.003363 -0.052768 4.188983
-0.053426 0.022069 -0.998328 -53.819529 0.004247 0.999752 0.021873 -0.634896 0.998563 -0.003072 -0.053507 4.128040
-0.054211 0.024404 -0.998231 -54.604956 0.004153 0.999698 0.024214 -0.630847 0.998521 -0.002833 -0.054296 4.098191
-0.052844 0.022947 -0.998339 -55.382997 0.006108 0.999725 0.022655 -0.628937 0.998584 -0.004900 -0.052970 4.013522
-0.053431 0.021730 -0.998335 -56.161436 0.009134 0.999732 0.021271 -0.635550 0.998530 -0.007983 -0.053615 3.997692
-0.053492 0.021774 -0.998331 -56.936199 0.013061 0.999692 0.021104 -0.632366 0.998483 -0.011910 -0.053760 3.943001
-0.053880 0.021113 -0.998324 -57.701430 0.014974 0.999681 0.020333 -0.636592 0.998435 -0.013853 -0.054179 3.880849
-0.053245 0.020038 -0.998380 -58.457240 0.013925 0.999716 0.019322 -0.627789 0.998484 -0.012873 -0.053509 3.806588
-0.054464 0.017917 -0.998355 -59.207332 0.011388 0.999785 0.017322 -0.623094 0.998451 -0.010426 -0.054656 3.772692
-0.054385 0.018361 -0.998351 -59.942515 0.008175 0.999806 0.017943 -0.635981 0.998487 -0.007186 -0.054524 3.728658
-0.053154 0.019646 -0.998393 -60.668142 0.005373 0.999798 0.019388 -0.625521 0.998572 -0.004334 -0.053249 3.649916
-0.051796 0.020580 -0.998446 -61.378796 0.003262 0.999786 0.020439 -0.625534 0.998652 -0.002198 -0.051853 3.599650
-0.049231 0.023122 -0.998520 -62.074459 0.002678 0.999731 0.023018 -0.620956 0.998784 -0.001541 -0.049279 3.540230
-0.044289 0.023825 -0.998735 -62.754854 0.003620 0.999713 0.023688 -0.621884 0.999012 -0.002566 -0.044363 3.483853
-0.038052 0.022845 -0.999015 -63.418766 0.004433 0.999733 0.022692 -0.606292 0.999266 -0.003565 -0.038143 3.417468
-0.030992 0.020944 -0.999300 -64.069301 0.005274 0.999770 0.020790 -0.599396 0.999506 -0.004626 -0.031096 3.380368
-0.022366 0.021210 -0.999525 -64.705459 0.006779 0.999755 0.021063 -0.604634 0.999727 -0.006305 -0.022504 3.362872
-0.010190 0.022991 -0.999684 -65.325716 0.008362 0.999703 0.022906 -0.601801 0.999913 -0.008126 -0.010379 3.349187
0.004372 0.025246 -0.999672 -65.927522 0.009222 0.999638 0.025286 -0.596376 0.999948 -0.009330 0.004137 3.337166
0.022531 0.026030 -0.999407 -66.511513 0.010755 0.999597 0.026277 -0.601383 0.999688 -0.011340 0.022242 3.357742
0.044026 0.025728 -0.998699 -67.071969 0.011708 0.999586 0.026267 -0.602491 0.998962 -0.012849 0.043707 3.392243
0.067447 0.023860 -0.997437 -67.610279 0.011038 0.999635 0.024658 -0.589324 0.997662 -0.012673 0.067159 3.439448
0.096974 0.020456 -0.995077 -68.125745 0.010584 0.999711 0.021583 -0.578826 0.995231 -0.012625 0.096730 3.468203
0.131092 0.018721 -0.991193 -68.617859 0.010950 0.999733 0.020331 -0.578114 0.991310 -0.013518 0.130852 3.535659
0.167414 0.015583 -0.985764 -69.084961 0.012050 0.999768 0.017850 -0.583944 0.985813 -0.014866 0.167188 3.646890
0.206968 0.013343 -0.978257 -69.532359 0.012047 0.999796 0.016185 -0.577294 0.978273 -0.015135 0.206765 3.761998
0.250179 0.009691 -0.968151 -69.972056 0.014237 0.999805 0.013687 -0.584857 0.968095 -0.017208 0.249992 3.908635
0.295640 0.002975 -0.955295 -70.394588 0.015166 0.999854 0.007808 -0.577592 0.955179 -0.016797 0.295552 4.060629
0.344020 -0.007588 -0.938932 -70.804458 0.016528 0.999861 -0.002024 -0.593364 0.938817 -0.014822 0.344097 4.248148
0.395342 -0.015713 -0.918400 -71.199053 0.016807 0.999810 -0.009871 -0.617800 0.918380 -0.011533 0.395531 4.436350
0.447661 -0.021653 -0.893941 -71.592846 0.016382 0.999738 -0.016012 -0.611982 0.894053 -0.007476 0.447898 4.644658
0.497086 -0.023274 -0.867389 -71.954704 0.017817 0.999703 -0.016614 -0.635214 0.867519 -0.007196 0.497353 4.885281
0.545010 -0.026822 -0.838000 -72.319719 0.019946 0.999620 -0.019023 -0.654608 0.838192 -0.006346 0.545338 5.132376
0.585786 -0.036198 -0.809657 -72.641024 0.025604 0.999330 -0.026154 -0.667070 0.810061 -0.005410 0.586320 5.432750
0.627269 -0.047480 -0.777354 -72.943940 0.033366 0.998862 -0.034085 -0.697785 0.778087 -0.004557 0.628140 5.736415
0.667131 -0.050403 -0.743233 -73.219090 0.032165 0.998727 -0.038857 -0.723465 0.744246 0.002017 0.667903 6.062796
0.708794 -0.048639 -0.703737 -73.526225 0.024846 0.998722 -0.044003 -0.737913 0.704978 0.013704 0.709097 6.344683
0.746559 -0.043782 -0.663877 -73.778764 0.014165 0.998652 -0.049931 -0.772256 0.665168 0.027873 0.746173 6.693172
0.783626 -0.037824 -0.620080 -74.024855 0.005145 0.998506 -0.054405 -0.791223 0.621211 0.039443 0.782650 7.055076
0.818161 -0.036052 -0.573857 -74.266044 0.003393 0.998318 -0.057882 -0.802552 0.574979 0.045409 0.816907 7.451335
0.850304 -0.032662 -0.525278 -74.500162 0.001658 0.998234 -0.059386 -0.836376 0.526290 0.049626 0.848856 7.868889
0.879737 -0.028793 -0.474587 -74.745009 -0.001044 0.998045 -0.062485 -0.848795 0.475459 0.055466 0.877988 8.289259
0.903463 -0.024973 -0.427938 -74.923525 -0.001268 0.998142 -0.060925 -0.892858 0.428664 0.055586 0.901752 8.767746
0.922944 -0.015485 -0.384622 -75.088043 -0.007180 0.998324 -0.057422 -0.940680 0.384867 0.055759 0.921286 9.262751
0.938998 -0.008487 -0.343817 -75.265604 -0.012028 0.998274 -0.057491 -0.970629 0.343711 0.058119 0.937275 9.773254
0.951363 -0.001819 -0.308066 -75.430652 -0.015702 0.998396 -0.054387 -1.006611 0.307671 0.056579 0.949809 10.308895
0.960642 0.000160 -0.277789 -75.594148 -0.015271 0.998518 -0.052236 -1.047838 0.277369 0.054422 0.959221 10.860376
0.967291 0.000333 -0.253670 -75.742101 -0.013745 0.998599 -0.051100 -1.086891 0.253298 0.052915 0.965940 11.435358
0.972465 0.001239 -0.233045 -75.885545 -0.013069 0.998702 -0.049226 -1.122615 0.232681 0.050916 0.971219 12.028006
0.976673 0.003908 -0.214696 -76.025979 -0.014146 0.998833 -0.046170 -1.156718 0.214265 0.048130 0.975589 12.639883
0.979978 0.008565 -0.198922 -76.190764 -0.017778 0.998848 -0.044578 -1.178777 0.198311 0.047222 0.979001 13.259610
0.982541 0.012986 -0.185593 -76.330428 -0.021183 0.998882 -0.042251 -1.223577 0.184837 0.045445 0.981718 13.900281
0.984887 0.014406 -0.172596 -76.446978 -0.021923 0.998889 -0.041725 -1.275165 0.171803 0.044878 0.984109 14.558847
0.986966 0.016194 -0.160115 -76.528873 -0.023249 0.998835 -0.042284 -1.308188 0.159244 0.045455 0.986192 15.239182
0.989169 0.015183 -0.145990 -76.633512 -0.021522 0.998889 -0.041935 -1.334416 0.145191 0.044623 0.988397 15.932098
0.991081 0.017342 -0.132127 -76.733355 -0.022920 0.998904 -0.040813 -1.378517 0.131274 0.043477 0.990392 16.640716
0.992614 0.017743 -0.120013 -76.822306 -0.023143 0.998774 -0.043752 -1.412812 0.119089 0.046207 0.991808 17.359029
0.993862 0.019345 -0.108924 -76.920109 -0.024756 0.998514 -0.048548 -1.455648 0.107823 0.050947 0.992864 18.089567
0.994850 0.017862 -0.099773 -77.001073 -0.023453 0.998203 -0.055151 -1.491914 0.098609 0.057207 0.993481 18.831026
0.995750 0.017819 -0.090361 -77.124496 -0.022930 0.998176 -0.055844 -1.524946 0.089201 0.057679 0.994342 19.583111
0.996156 0.020141 -0.085255 -77.162327 -0.024460 0.998453 -0.049927 -1.573551 0.084118 0.051820 0.995107 20.356413
0.996412 0.023980 -0.081172 -77.225458 -0.027348 0.998800 -0.040640 -1.644687 0.080100 0.042714 0.995871 21.129903
0.996681 0.027100 -0.076768 -77.287667 -0.029986 0.998877 -0.036691 -1.709281 0.075687 0.038872 0.996374 21.902204
0.996974 0.025479 -0.073446 -77.339208 -0.028308 0.998887 -0.037738 -1.749599 0.072403 0.039703 0.996585 22.668713
0.997181 0.024646 -0.070877 -77.384978 -0.027478 0.998851 -0.039267 -1.791189 0.069828 0.041103 0.996712 23.436546
0.997437 0.023273 -0.067653 -77.443686 -0.025836 0.998971 -0.037265 -1.835098 0.066716 0.038918 0.997013 24.206487
0.997642 0.022363 -0.064882 -77.520088 -0.024668 0.999084 -0.034952 -1.887071 0.064041 0.036471 0.997281 24.973619
0.997928 0.020627 -0.060949 -77.581959 -0.022725 0.999166 -0.033935 -1.929342 0.060198 0.035249 0.997564 25.743201
0.998080 0.021407 -0.058117 -77.636074 -0.023583 0.999036 -0.037022 -1.984044 0.057269 0.038322 0.997623 26.504302
0.998038 0.025600 -0.057130 -77.660034 -0.028101 0.998662 -0.043404 -2.040264 0.055943 0.044924 0.997423 27.264471
0.998104 0.027022 -0.055306 -77.719493 -0.029831 0.998273 -0.050615 -2.089792 0.053843 0.052169 0.997186 28.022678
0.998124 0.028244 -0.054314 -77.769973 -0.031224 0.998009 -0.054808 -2.138997 0.052657 0.056401 0.997019 28.778228
0.998204 0.029239 -0.052283 -77.818278 -0.032035 0.998055 -0.053482 -2.188609 0.050617 0.055061 0.997199 29.544490
0.998202 0.033248 -0.049873 -77.878033 -0.035709 0.998145 -0.049302 -2.250525 0.048141 0.050994 0.997538 30.301306
0.998203 0.036879 -0.047238 -77.948972 -0.038983 0.998252 -0.044430 -2.300119 0.045517 0.046192 0.997895 31.057616
0.998368 0.035342 -0.044856 -77.988714 -0.037234 0.998420 -0.042080 -2.350824 0.043298 0.043682 0.998107 31.809526
0.998503 0.033030 -0.043598 -78.020266 -0.034882 0.998490 -0.042438 -2.394758 0.042130 0.043896 0.998147 32.557759
0.998628 0.030459 -0.042605 -78.056760 -0.032244 0.998603 -0.041864 -2.455433 0.041270 0.043180 0.998215 33.308065
0.998668 0.030265 -0.041784 -78.079139 -0.032098 0.998519 -0.043920 -2.499504 0.040393 0.045202 0.998161 34.060907
0.998770 0.027574 -0.041198 -78.116144 -0.029435 0.998542 -0.045259 -2.547691 0.039890 0.046416 0.998125 34.815468
0.998838 0.026367 -0.040338 -78.155184 -0.028177 0.998591 -0.044963 -2.601535 0.039096 0.046047 0.998174 35.576881
0.998811 0.029984 -0.038432 -78.222478 -0.031657 0.998544 -0.043684 -2.645195 0.037066 0.044848 0.998306 36.341300
0.998849 0.029188 -0.038074 -78.277272 -0.030879 0.998527 -0.044623 -2.689690 0.036715 0.045747 0.998278 37.110074
0.998815 0.027767 -0.039977 -78.326853 -0.029554 0.998557 -0.044838 -2.739007 0.038674 0.045966 0.998194 37.884914
0.998838 0.023597 -0.042021 -78.367231 -0.025456 0.998695 -0.044268 -2.785096 0.040922 0.045287 0.998136 38.668954
0.998658 0.025768 -0.044929 -78.422040 -0.027759 0.998634 -0.044265 -2.839394 0.043727 0.045453 0.998009 39.453464
0.998402 0.030246 -0.047728 -78.462048 -0.032366 0.998494 -0.044296 -2.895990 0.046317 0.045770 0.997878 40.249200
0.998254 0.031002 -0.050272 -78.513315 -0.033480 0.998227 -0.049211 -2.945121 0.048658 0.050808 0.997522 41.042900
0.998126 0.030704 -0.052929 -78.582113 -0.033528 0.998015 -0.053317 -2.976512 0.051187 0.054991 0.997174 41.839790
0.998076 0.029835 -0.054361 -78.642394 -0.032805 0.997969 -0.054597 -3.032367 0.052621 0.056276 0.997028 42.648889
0.998018 0.029923 -0.055365 -78.701934 -0.032835 0.998083 -0.052455 -3.101394 0.053689 0.054169 0.997087 43.465181
0.997977 0.027664 -0.057244 -78.769530 -0.030680 0.998149 -0.052503 -3.142981 0.055685 0.054153 0.996979 44.294461
0.997925 0.028079 -0.057944 -78.830978 -0.031036 0.998228 -0.050778 -3.199735 0.056416 0.052471 0.997028 45.128771
0.997888 0.026653 -0.059236 -78.885058 -0.029504 0.998422 -0.047779 -3.243068 0.057870 0.049426 0.997100 45.972505
0.997867 0.024642 -0.060453 -78.930012 -0.027273 0.998698 -0.043100 -3.295780 0.059312 0.044657 0.997240 46.823294
0.997842 0.027374 -0.059685 -78.984281 -0.029871 0.998697 -0.041367 -3.359089 0.058475 0.043061 0.997360 47.676504
0.997867 0.031180 -0.057352 -79.063694 -0.033544 0.998608 -0.040715 -3.427300 0.056003 0.042552 0.997523 48.533222
0.997962 0.031807 -0.055325 -79.133228 -0.034127 0.998555 -0.041512 -3.486585 0.053924 0.043315 0.997605 49.392027
0.998143 0.030331 -0.052822 -79.201621 -0.032688 0.998482 -0.044341 -3.534381 0.051397 0.045985 0.997619 50.254413
0.998323 0.028163 -0.050573 -79.274372 -0.030495 0.998478 -0.045951 -3.586888 0.049202 0.047416 0.997663 51.120710
0.998436 0.028507 -0.048102 -79.329629 -0.030735 0.998458 -0.046223 -3.644710 0.046710 0.047629 0.997772 51.989853
0.998505 0.025684 -0.048255 -79.358546 -0.027821 0.998638 -0.044146 -3.693780 0.047055 0.045422 0.997859 52.867492
0.998662 0.022536 -0.046539 -79.429152 -0.024443 0.998868 -0.040811 -3.767963 0.045567 0.041894 0.998082 53.741066
0.998716 0.021871 -0.045690 -79.481194 -0.023739 0.998887 -0.040765 -3.820523 0.044748 0.041798 0.998124 54.613516
0.998741 0.023363 -0.044393 -79.527910 -0.025271 0.998759 -0.042917 -3.891040 0.043335 0.043985 0.998092 55.479311
0.998723 0.025611 -0.043558 -79.574179 -0.027721 0.998437 -0.048538 -3.942512 0.042247 0.049683 0.997871 56.337606
0.998744 0.027404 -0.041955 -79.649703 -0.029589 0.998188 -0.052401 -4.024192 0.040443 0.053577 0.997744 57.191939
0.998689 0.031368 -0.040458 -79.729610 -0.033736 0.997674 -0.059233 -4.056881 0.038506 0.060520 0.997424 58.042952
0.998805 0.029053 -0.039310 -79.797336 -0.031362 0.997737 -0.059468 -4.129388 0.037493 0.060630 0.997456 58.893380
0.998892 0.026140 -0.039126 -79.827967 -0.028222 0.998162 -0.053636 -4.194059 0.037652 0.054681 0.997794 59.744408
0.998956 0.023180 -0.039371 -79.894654 -0.024920 0.998707 -0.044302 -4.252209 0.038293 0.045237 0.998242 60.598758
0.998990 0.019980 -0.040251 -79.955790 -0.021437 0.999118 -0.036100 -4.313309 0.039495 0.036926 0.998537 61.448185
0.998960 0.017586 -0.042064 -80.005212 -0.019177 0.999105 -0.037708 -4.374887 0.041363 0.038475 0.998403 62.282023
0.998954 0.013993 -0.043524 -80.044123 -0.015800 0.999016 -0.041444 -4.432139 0.042901 0.042088 0.998192 63.110845
0.998865 0.012698 -0.045914 -80.083265 -0.014670 0.998973 -0.042863 -4.486482 0.045323 0.043488 0.998025 63.940447
0.998689 0.014328 -0.049139 -80.134002 -0.016550 0.998844 -0.045124 -4.539946 0.048436 0.045878 0.997772 64.763933
0.998480 0.015158 -0.052988 -80.179649 -0.017699 0.998699 -0.047814 -4.600194 0.052194 0.048679 0.997450 65.582221
0.998260 0.016222 -0.056694 -80.250189 -0.019130 0.998509 -0.051127 -4.657892 0.055780 0.052122 0.997082 66.394762
0.997918 0.016642 -0.062310 -80.278325 -0.020210 0.998165 -0.057077 -4.696501 0.061246 0.058217 0.996423 67.205752
0.997659 0.021652 -0.064867 -80.372128 -0.025345 0.998072 -0.056657 -4.765832 0.063515 0.058168 0.996284 68.010814
0.997306 0.025129 -0.068913 -80.439200 -0.028935 0.998078 -0.054795 -4.823563 0.067403 0.056641 0.996117 68.818191
0.996952 0.027412 -0.073046 -80.521426 -0.030939 0.998387 -0.047608 -4.893608 0.071623 0.049723 0.996192 69.622438
0.996558 0.029774 -0.077364 -80.602418 -0.033131 0.998548 -0.042467 -4.957998 0.075987 0.044884 0.996098 70.425188
0.996231 0.027644 -0.082220 -80.699024 -0.030896 0.998779 -0.038544 -5.013769 0.081054 0.040939 0.995869 71.219080
0.995530 0.025274 -0.091005 -80.745428 -0.028907 0.998828 -0.038823 -5.048138 0.089917 0.041280 0.995093 72.011736
0.995055 0.021865 -0.096888 -80.833968 -0.025412 0.999045 -0.035530 -5.093715 0.096018 0.037816 0.994661 72.802354
0.994498 0.022560 -0.102293 -80.931037 -0.026311 0.999024 -0.035471 -5.148223 0.101393 0.037967 0.994122 73.582312
0.993698 0.028439 -0.108419 -81.024649 -0.032535 0.998815 -0.036196 -5.193193 0.107261 0.039495 0.993446 74.356467
0.992939 0.030987 -0.114504 -81.122412 -0.035753 0.998567 -0.039808 -5.236863 0.113107 0.043621 0.992625 75.126214
0.992241 0.029586 -0.120761 -81.216211 -0.034987 0.998468 -0.042856 -5.276441 0.119308 0.046749 0.991756 75.891420
0.991637 0.029510 -0.125637 -81.350692 -0.035274 0.998413 -0.043900 -5.325143 0.124142 0.047964 0.991104 76.651594
0.990917 0.031934 -0.130627 -81.441096 -0.037391 0.998518 -0.039537 -5.361136 0.129171 0.044062 0.990643 77.416664
0.990123 0.030433 -0.136857 -81.560331 -0.035554 0.998750 -0.035133 -5.406375 0.135616 0.039652 0.989968 78.176418
0.989306 0.030040 -0.142729 -81.683753 -0.035107 0.998835 -0.033114 -5.454498 0.141567 0.037771 0.989208 78.928827
0.988347 0.027450 -0.149724 -81.815268 -0.033425 0.998736 -0.037532 -5.489124 0.148505 0.042099 0.988015 79.672396
0.986901 0.027700 -0.158929 -81.868222 -0.035284 0.998359 -0.045095 -5.522891 0.157419 0.050112 0.986260 80.421286
0.985683 0.024543 -0.166810 -82.016889 -0.032962 0.998308 -0.047893 -5.565488 0.165353 0.052706 0.984825 81.158425
0.983791 0.023672 -0.177747 -82.140695 -0.032233 0.998447 -0.045432 -5.615505 0.176396 0.050425 0.983027 81.903532
0.981797 0.022274 -0.188624 -82.297487 -0.030323 0.998744 -0.039892 -5.663683 0.187498 0.044886 0.981239 82.641508
0.979485 0.022029 -0.200310 -82.461432 -0.029099 0.999051 -0.032421 -5.713565 0.199405 0.037584 0.979196 83.381247
0.976820 0.022068 -0.212923 -82.584261 -0.029174 0.999115 -0.030287 -5.753045 0.212067 0.035796 0.976599 84.122425
0.974272 0.026643 -0.223794 -82.787745 -0.035091 0.998811 -0.033855 -5.798842 0.222625 0.040837 0.974048 84.832544
0.971523 0.025758 -0.235540 -83.005097 -0.037212 0.998324 -0.044314 -5.816456 0.234004 0.051817 0.970854 85.531815
0.968675 0.022545 -0.247307 -83.211731 -0.035849 0.998134 -0.049427 -5.867576 0.245732 0.056744 0.967676 86.238026
0.965533 0.018237 -0.259642 -83.420914 -0.031240 0.998451 -0.046040 -5.907040 0.258400 0.052564 0.964607 86.958732
0.962233 0.016591 -0.271721 -83.617574 -0.028462 0.998802 -0.039805 -5.948285 0.270735 0.046035 0.961552 87.688219
0.959130 0.013228 -0.282657 -83.882656 -0.024163 0.999087 -0.035237 -6.014460 0.281933 0.040626 0.958574 88.393341
0.955488 0.011368 -0.294809 -84.123242 -0.023507 0.999014 -0.037665 -6.063322 0.294091 0.042918 0.954813 89.099384
0.952367 0.012449 -0.304700 -84.381010 -0.026242 0.998806 -0.041213 -6.127092 0.303823 0.047245 0.951556 89.796510
0.949575 0.009475 -0.313396 -84.628779 -0.025948 0.998489 -0.048432 -6.174356 0.312464 0.054121 0.948387 90.499539
0.947470 0.008638 -0.319727 -84.890400 -0.027283 0.998175 -0.053881 -6.231977 0.318678 0.059774 0.945976 91.196856
0.945186 0.009434 -0.326395 -85.180939 -0.029512 0.997960 -0.056617 -6.274089 0.325195 0.063147 0.943536 91.890011
0.942532 0.014829 -0.333787 -85.480273 -0.034998 0.997901 -0.054492 -6.338886 0.332279 0.063042 0.941072 92.581027
0.939754 0.013078 -0.341602 -85.740426 -0.033121 0.998050 -0.052907 -6.388383 0.340244 0.061034 0.938354 93.284928
0.936894 0.011511 -0.349425 -86.019395 -0.029945 0.998427 -0.047399 -6.441785 0.348330 0.054871 0.935765 93.990502
0.934310 0.009040 -0.356346 -86.283818 -0.025121 0.998863 -0.040523 -6.486646 0.355575 0.046813 0.933475 94.706405
0.931548 0.015071 -0.363305 -86.556389 -0.028690 0.999072 -0.032118 -6.535288 0.362484 0.040343 0.931116 95.420107
0.929029 0.022568 -0.369317 -86.855975 -0.037076 0.998792 -0.032234 -6.568586 0.368144 0.043639 0.928744 96.116397
0.926801 0.020251 -0.375006 -87.140104 -0.038176 0.998453 -0.040431 -6.594425 0.373607 0.051788 0.926140 96.813032
0.925287 0.015356 -0.378956 -87.425364 -0.036255 0.998186 -0.048075 -6.645979 0.377530 0.058222 0.924165 97.510505
0.923758 0.014836 -0.382689 -87.738066 -0.036369 0.998132 -0.049095 -6.683221 0.381246 0.059270 0.922572 98.205775
0.922129 0.018398 -0.386445 -88.075804 -0.038312 0.998301 -0.043892 -6.725740 0.384981 0.055279 0.921267 98.901299
0.919901 0.019661 -0.391658 -88.398924 -0.038106 0.998498 -0.039377 -6.784464 0.390295 0.051147 0.919268 99.602605
0.917650 0.014908 -0.397110 -88.692708 -0.035613 0.998360 -0.044816 -6.809693 0.395791 0.055267 0.916676 100.316719
0.915682 0.016085 -0.401583 -89.010288 -0.039281 0.997997 -0.049594 -6.869152 0.399981 0.061187 0.914479 101.009642
0.913831 0.014821 -0.405824 -89.352677 -0.041142 0.997571 -0.056209 -6.921412 0.404006 0.068062 0.912221 101.692286
0.910994 0.016144 -0.412103 -89.653537 -0.043888 0.997355 -0.057946 -6.973700 0.410077 0.070875 0.909293 102.397326
0.909425 0.017398 -0.415503 -90.007978 -0.043633 0.997602 -0.053728 -7.027497 0.413572 0.066991 0.908003 103.086119
0.907799 0.019134 -0.418970 -90.369912 -0.044533 0.997709 -0.050927 -7.088698 0.417035 0.064889 0.906571 103.765633
0.906034 0.021579 -0.422654 -90.736397 -0.046676 0.997702 -0.049120 -7.151421 0.420623 0.064232 0.904959 104.438214
0.903694 0.019015 -0.427755 -91.049508 -0.045129 0.997679 -0.050992 -7.205743 0.425793 0.065386 0.902455 105.133819
0.901384 0.015141 -0.432756 -91.370235 -0.042238 0.997697 -0.053070 -7.255336 0.430956 0.066115 0.899948 105.823189
0.899262 0.013462 -0.437202 -91.698521 -0.040794 0.997751 -0.053185 -7.313568 0.435503 0.065663 0.897789 106.506650
0.897331 0.015070 -0.441100 -92.052023 -0.042398 0.997738 -0.052165 -7.367345 0.439316 0.065511 0.895941 107.176606
0.895099 0.015143 -0.445609 -92.395238 -0.042731 0.997736 -0.051929 -7.425234 0.443814 0.065523 0.893720 107.845582
0.892608 0.013189 -0.450641 -92.715015 -0.043131 0.997485 -0.056239 -7.482172 0.448766 0.069637 0.890932 108.515185
0.890635 0.011592 -0.454571 -93.065147 -0.043987 0.997183 -0.060756 -7.538985 0.452586 0.074106 0.888636 109.165073
0.888601 0.011399 -0.458540 -93.408943 -0.045213 0.996999 -0.062834 -7.604830 0.456448 0.076566 0.886450 109.811026
0.886433 0.009513 -0.462759 -93.740266 -0.042188 0.997288 -0.060311 -7.650700 0.460930 0.072985 0.884430 110.473781
0.885478 0.010091 -0.464571 -94.116771 -0.038917 0.997862 -0.052502 -7.711302 0.463049 0.064569 0.883978 111.104279
0.883616 0.007008 -0.468160 -94.445138 -0.031931 0.998462 -0.045320 -7.780214 0.467122 0.054994 0.882481 111.751986
0.881921 0.004048 -0.471380 -94.771409 -0.027106 0.998744 -0.042136 -7.838008 0.470617 0.049938 0.880923 112.381956
0.881001 0.000156 -0.473115 -95.134262 -0.024711 0.998650 -0.045685 -7.849659 0.472469 0.051940 0.879815 112.975249
0.879936 0.003569 -0.475079 -95.476436 -0.029165 0.998492 -0.046518 -7.913592 0.474196 0.054789 0.878713 113.554245
0.878295 0.002817 -0.478110 -95.793692 -0.030070 0.998328 -0.049357 -7.958423 0.477172 0.057727 0.876912 114.132517
0.876971 0.001544 -0.480541 -96.114155 -0.029595 0.998270 -0.050804 -8.009816 0.479631 0.058775 0.875499 114.692096
0.876218 0.000147 -0.481916 -96.438522 -0.028700 0.998241 -0.051878 -8.054894 0.481060 0.059288 0.874680 115.226778
0.874561 0.000668 -0.484914 -96.739448 -0.028758 0.998310 -0.050491 -8.085789 0.484061 0.058103 0.873103 115.756395
0.872360 -0.001905 -0.488860 -96.988032 -0.026449 0.998344 -0.051087 -8.102465 0.488147 0.057496 0.870865 116.290276
0.871267 -0.003870 -0.490794 -97.274608 -0.024528 0.998376 -0.051416 -8.150418 0.490196 0.056835 0.869757 116.772283
0.869367 -0.006033 -0.494130 -97.520587 -0.022644 0.998389 -0.052029 -8.197518 0.493647 0.056421 0.867830 117.249923
0.868368 -0.006781 -0.495874 -97.786650 -0.022772 0.998307 -0.053529 -8.231835 0.495397 0.057775 0.866743 117.688811
0.867336 -0.004583 -0.497703 -98.044965 -0.026424 0.998123 -0.055240 -8.273487 0.497022 0.061063 0.865587 118.107544
0.865733 -0.004533 -0.500486 -98.278096 -0.028701 0.997864 -0.058686 -8.308023 0.499683 0.065171 0.863753 118.515561
0.865480 -0.007271 -0.500891 -98.565834 -0.027169 0.997742 -0.061429 -8.348951 0.500206 0.066774 0.863328 118.861271
0.864629 -0.012441 -0.502256 -98.833082 -0.022981 0.997668 -0.064275 -8.372532 0.501884 0.067116 0.862327 119.205743
0.862020 -0.012572 -0.506718 -99.058322 -0.022172 0.997800 -0.062473 -8.411855 0.506388 0.065088 0.859846 119.553065
0.858204 -0.010886 -0.513194 -99.264153 -0.024083 0.997820 -0.061439 -8.416865 0.512744 0.065087 0.856071 119.894275
0.855878 -0.006493 -0.517136 -99.496304 -0.025790 0.998141 -0.055216 -8.451101 0.516534 0.060595 0.854120 120.193323
0.851117 -0.006531 -0.524935 -99.663813 -0.022337 0.998567 -0.048641 -8.499738 0.524500 0.053125 0.849751 120.511186
0.847594 -0.008223 -0.530582 -99.867106 -0.019556 0.998717 -0.046718 -8.519036 0.530285 0.049974 0.846345 120.782868
0.843221 -0.012547 -0.537421 -100.052729 -0.015780 0.998719 -0.048077 -8.541685 0.537336 0.049020 0.841943 121.039095
0.836411 -0.017098 -0.547837 -100.214945 -0.012467 0.998661 -0.050202 -8.555324 0.547962 0.048820 0.835078 121.293514
0.827369 -0.021179 -0.561259 -100.354968 -0.009008 0.998660 -0.050964 -8.582080 0.561586 0.047222 0.826069 121.540068
0.819230 -0.021582 -0.573058 -100.546523 -0.008847 0.998697 -0.050260 -8.601880 0.573396 0.046245 0.817972 121.729854
0.809393 -0.020370 -0.586915 -100.733163 -0.009790 0.998791 -0.048167 -8.648524 0.587186 0.044732 0.808215 121.895660
0.797301 -0.020644 -0.603229 -100.903272 -0.011913 0.998682 -0.049923 -8.666278 0.603465 0.046990 0.796004 122.068312
0.781747 -0.021315 -0.623232 -101.025868 -0.015981 0.998403 -0.054192 -8.677567 0.623391 0.052324 0.780157 122.260422
0.767350 -0.022679 -0.640828 -101.170973 -0.018839 0.998146 -0.057884 -8.702138 0.640952 0.056489 0.765499 122.416944
0.753284 -0.019649 -0.657401 -101.330140 -0.024770 0.997997 -0.058211 -8.715860 0.657228 0.060134 0.751289 122.559417
0.738649 -0.013437 -0.673957 -101.498389 -0.031911 0.997983 -0.054871 -8.727811 0.673335 0.062037 0.736730 122.696062
0.720908 -0.013567 -0.692898 -101.641655 -0.034240 0.997890 -0.055164 -8.721812 0.692185 0.063493 0.718922 122.854168
0.703884 -0.017871 -0.710090 -101.812832 -0.031397 0.997924 -0.056237 -8.736700 0.709620 0.061879 0.701862 122.991017
0.684585 -0.022272 -0.728592 -101.974755 -0.028912 0.997917 -0.057671 -8.745571 0.728359 0.060546 0.682515 123.137556
0.664149 -0.022774 -0.747253 -102.151604 -0.027794 0.998093 -0.055122 -8.757022 0.747083 0.057379 0.662249 123.255668
0.642476 -0.020955 -0.766020 -102.343973 -0.027487 0.998353 -0.050364 -8.767998 0.765813 0.053413 0.640841 123.360564
0.615858 -0.019060 -0.787627 -102.501264 -0.026773 0.998624 -0.045101 -8.781535 0.787402 0.048863 0.614500 123.503830
0.591927 -0.018261 -0.805785 -102.692018 -0.026296 0.998774 -0.041952 -8.795229 0.805563 0.046021 0.590721 123.606300
0.567685 -0.016565 -0.823079 -102.888397 -0.025844 0.998946 -0.037930 -8.822665 0.822840 0.042804 0.566659 123.693506
0.541171 -0.012842 -0.840814 -103.075471 -0.028529 0.999027 -0.033620 -8.819518 0.840428 0.042182 0.540279 123.790576
0.518592 -0.012588 -0.854929 -103.286929 -0.025313 0.999227 -0.030067 -8.863866 0.854647 0.037234 0.517872 123.810940
0.490458 -0.013188 -0.871365 -103.490809 -0.027107 0.999171 -0.030380 -8.866578 0.871043 0.038520 0.489694 123.892326
0.462074 -0.012131 -0.886758 -103.706518 -0.031902 0.999032 -0.030291 -8.872541 0.886267 0.042286 0.461240 123.947828
0.429203 -0.012764 -0.903118 -103.946588 -0.037039 0.998810 -0.031719 -8.880200 0.902449 0.047064 0.428219 124.022606
0.392682 -0.014069 -0.919567 -104.198166 -0.039126 0.998722 -0.031988 -8.891836 0.918842 0.048540 0.391630 124.085207
0.353901 -0.013271 -0.935189 -104.478983 -0.043393 0.998590 -0.030591 -8.870964 0.934276 0.051407 0.352826 124.151872
0.311275 -0.014591 -0.950208 -104.773299 -0.046961 0.998424 -0.030715 -8.861665 0.949159 0.054184 0.310100 124.225607
0.266444 -0.017925 -0.963684 -105.075694 -0.050769 0.998178 -0.032604 -8.855678 0.962512 0.057612 0.265049 124.272709
0.219914 -0.020387 -0.975306 -105.408948 -0.052505 0.998085 -0.032702 -8.864127 0.974105 0.058400 0.218422 124.296911
0.171267 -0.023787 -0.984937 -105.759016 -0.052801 0.998050 -0.033285 -8.874177 0.983809 0.057706 0.169677 124.316951
0.120664 -0.024528 -0.992390 -106.103385 -0.051469 0.998196 -0.030929 -8.876097 0.991358 0.054810 0.119184 124.317779
0.068939 -0.030015 -0.997169 -106.477394 -0.048924 0.998243 -0.033429 -8.889326 0.996420 0.051090 0.067350 124.305730
0.017067 -0.032805 -0.999316 -106.845479 -0.047804 0.998292 -0.033588 -8.890918 0.998711 0.048344 0.015470 124.274061
-0.035192 -0.039333 -0.998606 -107.239767 -0.050877 0.998000 -0.037516 -8.868339 0.998085 0.049486 -0.037123 124.227376
-0.087940 -0.039817 -0.995330 -107.643786 -0.053596 0.997943 -0.035186 -8.833359 0.994683 0.050251 -0.089893 124.165550
-0.123053 -0.043216 -0.991459 -107.997648 -0.056461 0.997738 -0.036482 -8.810147 0.990793 0.051490 -0.125215 123.961859
-0.172438 -0.045192 -0.983983 -108.422214 -0.058017 0.997679 -0.035654 -8.787997 0.983310 0.050940 -0.174659 123.859623
-0.222397 -0.050049 -0.973671 -108.859239 -0.060354 0.997473 -0.037487 -8.778852 0.973086 0.050428 -0.224856 123.744902
-0.269257 -0.052596 -0.961631 -109.299534 -0.061940 0.997386 -0.037209 -8.775949 0.961074 0.049545 -0.271811 123.592589
-0.312501 -0.058419 -0.948119 -109.749301 -0.061753 0.997245 -0.041092 -8.802735 0.947908 0.045708 -0.315247 123.399674
-0.354058 -0.060663 -0.933254 -110.197680 -0.061913 0.997225 -0.041333 -8.812172 0.933172 0.043147 -0.356831 123.174675
-0.391685 -0.062915 -0.917946 -110.649610 -0.062167 0.997189 -0.041820 -8.829532 0.917997 0.040685 -0.394495 122.907255
-0.426209 -0.065216 -0.902271 -111.133681 -0.061688 0.997172 -0.042935 -8.853323 0.902519 0.037360 -0.429026 122.649960
-0.455978 -0.069409 -0.887280 -111.627728 -0.061796 0.997017 -0.046236 -8.894403 0.887843 0.033748 -0.458907 122.383362
-0.479225 -0.067283 -0.875109 -112.125504 -0.060682 0.997211 -0.043441 -8.925990 0.875592 0.032285 -0.481971 122.074958
-0.496713 -0.063329 -0.865602 -112.622347 -0.059727 0.997464 -0.038703 -8.940355 0.865858 0.032476 -0.499235 121.740865
