0.999033 -0.000571 0.043967 0.000000 0.000673 0.999997 -0.002284 0.000000 -0.043965 0.002312 0.999030 0.000000
0.997689 0.001004 0.067946 0.000000 -0.000474 0.999969 -0.007820 0.000000 -0.067951 0.007769 0.997658 0.000000
0.995819 0.005689 0.091172 1.696050 -0.004438 0.999893 -0.013924 -0.071470 -0.091241 0.013461 0.995738 2.083570
0.992094 0.012131 0.124908 2.439392 -0.009915 0.999783 -0.018343 -0.073238 -0.125103 0.016959 0.991999 2.743016
0.985185 0.009549 0.171227 2.583397 -0.006462 0.999807 -0.018575 -0.076524 -0.171371 0.017194 0.985056 3.731132
0.980159 0.012986 0.197789 3.407542 -0.008749 0.999713 -0.022282 -0.090602 -0.198022 0.020109 0.979991 4.283796
0.969808 0.009294 0.243692 3.610591 -0.003214 0.999674 -0.025338 -0.096963 -0.243848 0.023789 0.969522 5.253978
0.957966 0.007690 0.286779 3.913279 0.000108 0.999631 -0.027165 -0.125415 -0.286882 0.026054 0.957612 6.193712
0.943690 0.008353 0.330727 4.239299 0.001214 0.999587 -0.028710 -0.164266 -0.330830 0.027494 0.943290 7.124865
0.927446 0.007909 0.373873 4.574801 0.002680 0.999610 -0.027795 -0.171779 -0.373947 0.026781 0.927063 8.050790
0.917825 0.010211 0.396855 5.499619 0.001925 0.999543 -0.030172 -0.173027 -0.396981 0.028457 0.917385 8.380021
0.897753 0.011142 0.440358 5.916692 0.002120 0.999559 -0.029614 -0.218725 -0.440494 0.027519 0.897334 9.265349
0.876467 0.011980 0.481313 6.419545 0.003428 0.999510 -0.031121 -0.231384 -0.481450 0.028927 0.875996 10.101904
0.852641 0.010250 0.522396 6.916422 0.006821 0.999504 -0.030744 -0.259764 -0.522452 0.029777 0.852149 10.939840
0.826977 0.011255 0.562124 7.384167 0.008488 0.999436 -0.032499 -0.270000 -0.562172 0.031647 0.826414 11.785964
0.800083 0.007229 0.599846 7.946985 0.013474 0.999459 -0.030016 -0.270479 -0.599738 0.032098 0.799552 12.574086
0.751944 0.006976 0.659191 7.452696 0.017164 0.999398 -0.030155 -0.245707 -0.659004 0.033989 0.751371 13.402609
0.720692 0.007363 0.693217 8.115731 0.020838 0.999262 -0.032277 -0.248901 -0.692942 0.037708 0.720006 14.097763
0.667342 0.002970 0.744745 7.709663 0.028473 0.999159 -0.029498 -0.234278 -0.744207 0.040890 0.666697 14.963142
0.634352 0.004484 0.773032 6.900234 0.030258 0.999073 -0.030624 -0.226245 -0.772452 0.042817 0.633628 14.460680
0.608374 0.006208 0.793626 6.019599 0.032382 0.998943 -0.032638 -0.239759 -0.792990 0.045555 0.607530 14.822031
0.573981 0.001283 0.818868 5.071768 0.039643 0.998783 -0.029352 -0.324124 -0.817909 0.049310 0.573231 14.773597
0.504389 0.000174 0.863476 4.701225 0.045111 0.998629 -0.026552 -0.305828 -0.862297 0.052345 0.503690 15.650891
0.477433 0.000906 0.878668 3.852110 0.045444 0.998636 -0.025722 -0.323471 -0.877492 0.052211 0.476741 16.099661
0.419379 -0.002340 0.907808 3.283299 0.046641 0.998732 -0.018972 -0.404210 -0.906612 0.050297 0.418956 16.873334
0.401275 0.001924 0.915956 4.124330 0.048851 0.998530 -0.023498 -0.398608 -0.914654 0.054174 0.400591 16.399969
0.368707 0.003042 0.929541 5.038142 0.048777 0.998554 -0.022615 -0.407115 -0.928265 0.053678 0.368025 16.745694
0.335938 0.002539 0.941881 5.977532 0.049010 0.998595 -0.020173 -0.412841 -0.940608 0.052939 0.335341 17.049132
0.303784 0.004879 0.952728 6.934033 0.048920 0.998588 -0.020713 -0.422472 -0.951484 0.052899 0.303117 17.315726
0.271844 0.010041 0.962289 7.886313 0.050348 0.998428 -0.024642 -0.453159 -0.961023 0.055148 0.270911 17.594732
0.241190 0.012419 0.970398 8.857101 0.051634 0.998338 -0.025610 -0.484895 -0.969103 0.056282 0.240148 17.835046
0.211228 0.012195 0.977361 9.850805 0.052714 0.998325 -0.023849 -0.514990 -0.976014 0.056558 0.210231 18.042259
0.180898 0.012548 0.983422 10.862269 0.053100 0.998336 -0.022506 -0.544012 -0.982067 0.056291 0.179930 18.218128
0.150898 0.015923 0.988421 11.890118 0.051992 0.998359 -0.024021 -0.579457 -0.987181 0.055014 0.149823 18.368169
0.120967 0.016432 0.992520 12.935043 0.052318 0.998368 -0.022905 -0.615372 -0.991277 0.054697 0.119910 18.491427
0.093856 0.015877 0.995459 13.995730 0.053129 0.998368 -0.020933 -0.634721 -0.994167 0.054853 0.092859 18.576112
0.068617 0.012918 0.997559 15.070834 0.054541 0.998372 -0.016680 -0.658283 -0.996151 0.055552 0.067801 18.648332
0.045780 0.009992 0.998902 16.162214 0.055409 0.998385 -0.012527 -0.680735 -0.997414 0.055922 0.045152 18.688788
0.025253 0.005568 0.999666 17.266000 0.055715 0.998422 -0.006968 -0.696430 -0.998127 0.055873 0.024903 18.705658
0.007681 0.001982 0.999969 18.382154 0.055899 0.998434 -0.002408 -0.695075 -0.998407 0.055916 0.007558 18.694430
-0.007852 0.000301 0.999969 19.511475 0.055566 0.998455 0.000136 -0.702936 -0.998424 0.055565 -0.007856 18.678814
-0.022270 -0.001617 0.999751 20.646333 0.054461 0.998512 0.002828 -0.726917 -0.998268 0.054510 -0.022149 18.654513
-0.034995 -0.001360 0.999387 21.786975 0.053729 0.998550 0.003241 -0.726191 -0.997942 0.053809 -0.034871 18.587649
-0.046602 -0.000645 0.998913 22.934383 0.054304 0.998519 0.003178 -0.722821 -0.997436 0.054393 -0.046498 18.518387
-0.057797 -0.000387 0.998328 24.094303 0.056951 0.998370 0.003684 -0.738574 -0.996703 0.057068 -0.057681 18.458174
-0.067962 -0.001152 0.997687 25.272248 0.060160 0.998175 0.005251 -0.759906 -0.995872 0.060378 -0.067768 18.391715
-0.077322 -0.001092 0.997006 26.471899 0.062753 0.998011 0.005960 -0.751525 -0.995029 0.063026 -0.077099 18.294375
-0.083137 -0.000569 0.996538 27.692956 0.062609 0.998021 0.005793 -0.779573 -0.994569 0.062874 -0.082937 18.167536
-0.089803 -0.001318 0.995959 28.940772 0.063115 0.997982 0.007012 -0.794734 -0.993958 0.063489 -0.089538 18.067504
-0.094768 -0.003015 0.995495 30.207231 0.064674 0.997864 0.009179 -0.794685 -0.993396 0.065252 -0.094370 17.982145
-0.100473 -0.002284 0.994937 31.494035 0.065476 0.997814 0.008903 -0.828115 -0.992783 0.066039 -0.100104 17.841060
-0.106056 -0.002245 0.994358 32.805861 0.067345 0.997685 0.009436 -0.802205 -0.992077 0.067966 -0.105659 17.739974
-0.108922 -0.001798 0.994049 34.139153 0.066467 0.997747 0.009088 -0.793352 -0.991826 0.067061 -0.108557 17.592695
-0.111738 -0.001292 0.993737 35.496400 0.064886 0.997856 0.008593 -0.768138 -0.991617 0.065440 -0.111414 17.450237
-0.113376 -0.001156 0.993551 36.869284 0.063781 0.997928 0.008439 -0.762188 -0.991503 0.064326 -0.113067 17.275075
-0.116344 -0.002442 0.993206 38.269557 0.062757 0.997981 0.009805 -0.772373 -0.991224 0.063471 -0.115956 17.160820
-0.116764 -0.002672 0.993156 39.684622 0.062240 0.998011 0.010002 -0.775176 -0.991208 0.062982 -0.116366 16.996520
-0.117475 -0.003839 0.993068 41.122516 0.063167 0.997939 0.011330 -0.764078 -0.991065 0.064060 -0.116991 16.824175
-0.116789 -0.006009 0.993139 42.580512 0.062679 0.997944 0.013409 -0.784003 -0.991177 0.063814 -0.116172 16.693206
-0.114671 -0.005982 0.993386 44.051923 0.064935 0.997798 0.013504 -0.748701 -0.991279 0.066054 -0.114030 16.481909
-0.113574 -0.006137 0.993511 45.552030 0.064637 0.997817 0.013552 -0.736513 -0.991425 0.065757 -0.112930 16.304385
-0.113490 -0.005943 0.993521 47.074167 0.062376 0.997967 0.013095 -0.739239 -0.991579 0.063458 -0.112889 16.148263
-0.112431 -0.006504 0.993638 48.614851 0.063056 0.997916 0.013667 -0.715093 -0.991657 0.064192 -0.111787 15.963615
-0.111240 -0.006980 0.993769 50.174893 0.063598 0.997876 0.014128 -0.708636 -0.991756 0.064774 -0.110560 15.795732
-0.110185 -0.007795 0.993880 51.763835 0.063378 0.997879 0.014853 -0.701382 -0.991888 0.064627 -0.109457 15.623520
-0.107798 -0.008215 0.994139 53.365648 0.062913 0.997905 0.015068 -0.687299 -0.992180 0.064168 -0.107055 15.417498
-0.107222 -0.010497 0.994180 54.992845 0.061086 0.997986 0.017125 -0.665681 -0.992357 0.062567 -0.106364 15.259885
-0.106864 -0.012153 0.994199 56.636354 0.058842 0.998095 0.018525 -0.642084 -0.992531 0.060480 -0.105945 15.109670
-0.106306 -0.015740 0.994209 58.290449 0.059632 0.997974 0.022176 -0.635360 -0.992544 0.061645 -0.105152 14.972203
-0.106223 -0.017600 0.994187 59.961843 0.061287 0.997826 0.024213 -0.592584 -0.992452 0.063503 -0.104914 14.839677
-0.105392 -0.017393 0.994279 61.643493 0.061372 0.997827 0.023960 -0.561958 -0.992535 0.063546 -0.104096 14.668308
-0.105350 -0.018848 0.994257 63.343615 0.060740 0.997832 0.025351 -0.546691 -0.992578 0.063062 -0.103977 14.539929
-0.105367 -0.018921 0.994253 65.064175 0.059436 0.997912 0.025289 -0.529245 -0.992656 0.061759 -0.104022 14.405223
-0.103871 -0.018101 0.994426 66.783433 0.059337 0.997941 0.024363 -0.466752 -0.992819 0.061537 -0.102583 14.156269
-0.103829 -0.019722 0.994400 68.531991 0.058163 0.997972 0.025866 -0.461739 -0.992893 0.060523 -0.102472 14.002132
-0.104268 -0.019462 0.994359 70.296302 0.058809 0.997938 0.025699 -0.423545 -0.992809 0.061157 -0.102908 13.847026
-0.103451 -0.020500 0.994423 72.064547 0.059337 0.997880 0.026744 -0.414746 -0.992863 0.061773 -0.102015 13.628838
-0.103936 -0.021521 0.994351 73.855178 0.060144 0.997800 0.027882 -0.377447 -0.992764 0.062703 -0.102413 13.491089
-0.106821 -0.020695 0.994063 75.661427 0.061148 0.997754 0.027343 -0.337665 -0.992396 0.063706 -0.105315 13.369720
-0.106778 -0.019076 0.994100 77.473401 0.060653 0.997829 0.025662 -0.295659 -0.992431 0.063035 -0.105389 13.102534
-0.107383 -0.018379 0.994048 79.301882 0.059987 0.997888 0.024930 -0.267173 -0.992406 0.062307 -0.106054 12.871139
-0.107691 -0.016347 0.994050 81.152984 0.059654 0.997957 0.022874 -0.228135 -0.992393 0.061763 -0.106496 12.690407
-0.109484 -0.016704 0.993848 83.016247 0.060411 0.997899 0.023427 -0.212498 -0.992151 0.062605 -0.108245 12.513364
-0.111524 -0.017129 0.993614 84.893382 0.061149 0.997839 0.024065 -0.209409 -0.991879 0.063442 -0.110235 12.287133
-0.116552 -0.017632 0.993028 86.786496 0.059360 0.997931 0.024686 -0.235393 -0.991409 0.061824 -0.115265 12.088389
-0.120877 -0.015533 0.992546 88.687649 0.059019 0.997996 0.022806 -0.203204 -0.990911 0.061335 -0.119718 11.859836
-0.124327 -0.012538 0.992162 90.589287 0.060130 0.997987 0.020146 -0.135484 -0.990418 0.062164 -0.123323 11.565580
-0.126176 -0.010166 0.991956 92.478608 0.062987 0.997848 0.018238 -0.075174 -0.990006 0.064781 -0.125265 11.171119
-0.130317 -0.011348 0.991407 94.418482 0.063484 0.997787 0.019765 -0.081990 -0.989438 0.065515 -0.129309 11.028494
-0.134046 -0.009655 0.990928 96.355358 0.064934 0.997718 0.018505 -0.047951 -0.988845 0.066825 -0.133113 10.775426
-0.134514 -0.009182 0.990869 98.286367 0.065407 0.997694 0.018125 -0.029677 -0.988751 0.067248 -0.133603 10.396128
-0.135284 -0.007670 0.990777 100.239095 0.064399 0.997788 0.016517 -0.037662 -0.988712 0.066039 -0.134490 10.072920
-0.140708 -0.005941 0.990033 102.211572 0.064501 0.997803 0.015155 -0.010375 -0.987948 0.065990 -0.140015 9.811650
-0.154542 -0.004011 0.987978 104.208793 0.063979 0.997852 0.014059 -0.007548 -0.985912 0.065382 -0.153954 9.685187
-0.160356 -0.003884 0.987052 106.201779 0.063654 0.997870 0.014268 0.005180 -0.985005 0.065118 -0.159767 9.431160
-0.165358 -0.004575 0.986223 108.189699 0.065234 0.997749 0.015566 0.011155 -0.984074 0.066909 -0.164687 9.094744
-0.174189 -0.003951 0.984704 110.207952 0.066944 0.997631 0.015845 0.052799 -0.982434 0.068681 -0.173512 8.920905
-0.181699 -0.004910 0.983342 112.236483 0.067251 0.997584 0.017408 0.064163 -0.981052 0.069294 -0.180929 8.690392
-0.187360 -0.004192 0.982282 114.251367 0.067720 0.997557 0.017174 0.094488 -0.979954 0.069738 -0.186618 8.315231
-0.193242 -0.004199 0.981142 116.278713 0.069110 0.997449 0.017880 0.116784 -0.978714 0.071262 -0.192458 7.983092
-0.196286 -0.003709 0.980540 118.278410 0.069935 0.997393 0.017773 0.154696 -0.978049 0.072063 -0.195515 7.453529
-0.199216 -0.005723 0.979939 120.306423 0.068841 0.997431 0.019820 0.179502 -0.977534 0.071409 -0.198311 7.015919
-0.201579 -0.007349 0.979445 122.332568 0.067364 0.997500 0.021349 0.186082 -0.977153 0.070282 -0.200580 6.506484
-0.204984 -0.010701 0.978707 124.389110 0.067256 0.997423 0.024992 0.203088 -0.976452 0.070947 -0.203736 6.112533
-0.208271 -0.011398 0.978005 126.446932 0.067423 0.997386 0.025982 0.223338 -0.975745 0.071351 -0.206958 5.665827
-0.212874 -0.011810 0.977008 128.511626 0.068107 0.997315 0.026895 0.245505 -0.974703 0.072266 -0.211498 5.213225
-0.218003 -0.009592 0.975901 130.598614 0.069707 0.997245 0.025373 0.290692 -0.973455 0.073559 -0.216734 4.793203
-0.221833 -0.008057 0.975051 132.676414 0.071127 0.997168 0.024422 0.338646 -0.972487 0.074770 -0.220632 4.337691
-0.228304 -0.005730 0.973573 134.794601 0.071171 0.997209 0.022559 0.360886 -0.970985 0.074440 -0.227259 4.016825
-0.233662 -0.004061 0.972309 136.875606 0.072203 0.997158 0.021517 0.396734 -0.969633 0.075231 -0.232705 3.468235
-0.238630 -0.003470 0.971104 138.990368 0.073347 0.997073 0.021586 0.430112 -0.968337 0.076379 -0.237677 3.055317
-0.241804 -0.000975 0.970325 141.064368 0.073946 0.997073 0.019429 0.457165 -0.967503 0.076449 -0.241024 2.432010
-0.246242 0.000442 0.969208 143.179069 0.073151 0.997156 0.018130 0.476248 -0.966444 0.075363 -0.245574 1.889551
-0.250341 -0.000317 0.968158 145.271878 0.072092 0.997218 0.018968 0.474113 -0.965470 0.074544 -0.249622 1.276690
-0.252737 -0.003623 0.967528 147.366750 0.071438 0.997194 0.022395 0.440890 -0.964894 0.074778 -0.251769 0.625499
-0.256127 -0.002808 0.966639 149.489109 0.073188 0.997069 0.022289 0.505334 -0.963869 0.076456 -0.255170 0.047428
-0.257654 -0.003224 0.966232 151.590226 0.074954 0.996914 0.023314 0.554122 -0.963326 0.078430 -0.256617 -0.622133
-0.258918 -0.004203 0.965890 153.716116 0.075301 0.996859 0.024523 0.599506 -0.962960 0.079082 -0.257788 -1.268827
-0.259209 -0.005456 0.965806 155.846201 0.076403 0.996734 0.026136 0.632988 -0.962795 0.080566 -0.257945 -1.920892
-0.260967 -0.007310 0.965320 157.981886 0.076144 0.996700 0.028132 0.680376 -0.962340 0.080845 -0.259549 -2.582784
-0.262584 -0.007054 0.964883 160.120647 0.076052 0.996711 0.027984 0.720534 -0.961907 0.080730 -0.261184 -3.265599
-0.265650 -0.007586 0.964040 162.281461 0.074941 0.996781 0.028495 0.745280 -0.961152 0.079816 -0.264226 -3.911304
-0.268710 -0.010497 0.963164 164.462194 0.073518 0.996800 0.031374 0.762722 -0.960411 0.079241 -0.267078 -4.515185
-0.270549 -0.010919 0.962644 166.628674 0.072578 0.996859 0.031705 0.814992 -0.959966 0.078444 -0.268907 -5.191178
-0.274972 -0.010873 0.961391 168.849864 0.071532 0.996933 0.031734 0.831709 -0.958788 0.077496 -0.273351 -5.709441
-0.278298 -0.009258 0.960450 171.049408 0.072228 0.996920 0.030539 0.869696 -0.957775 0.077871 -0.276772 -6.334989
-0.282009 -0.006813 0.959388 173.264860 0.074667 0.996786 0.029026 0.928376 -0.956502 0.079820 -0.280594 -6.928640
-0.284489 -0.007116 0.958653 175.479673 0.076721 0.996596 0.030166 0.968633 -0.955604 0.082130 -0.282975 -7.566999
-0.289674 -0.005696 0.957108 177.728371 0.078121 0.996505 0.029575 1.005574 -0.953932 0.083338 -0.288217 -8.115541
-0.289962 -0.005150 0.957024 179.920864 0.079681 0.996384 0.029504 1.045665 -0.953715 0.084812 -0.288503 -8.870594
-0.296716 -0.005560 0.954950 182.180721 0.078908 0.996421 0.030319 1.066826 -0.951700 0.084350 -0.295215 -9.415524
-0.300492 -0.005633 0.953768 184.439219 0.078618 0.996433 0.030654 1.131261 -0.950539 0.084194 -0.298978 -10.034361
-0.301444 -0.003515 0.953477 186.621633 0.077843 0.996564 0.028284 1.176004 -0.950301 0.082747 -0.300135 -10.902813
-0.304228 -0.005658 0.952582 188.862358 0.077035 0.996561 0.030522 1.190576 -0.949479 0.082668 -0.302746 -11.619398
-0.305813 -0.005451 0.952076 191.098016 0.077383 0.996533 0.030562 1.227159 -0.948942 0.083021 -0.304331 -12.397418
-0.307065 -0.003382 0.951682 193.298919 0.078653 0.996482 0.028919 1.286362 -0.948433 0.083733 -0.305719 -13.222821
-0.310791 -0.002455 0.950475 195.564477 0.079247 0.996448 0.028486 1.328680 -0.947169 0.084175 -0.309493 -13.952285
-0.313110 -0.003214 0.949711 197.811209 0.079377 0.996407 0.029542 1.372201 -0.946394 0.084636 -0.311730 -14.685745
-0.316334 -0.004227 0.948639 200.078097 0.079240 0.996378 0.030863 1.442096 -0.945333 0.084933 -0.314853 -15.402477
-0.319633 -0.004961 0.947528 202.328365 0.077474 0.996501 0.031352 1.478543 -0.944369 0.083430 -0.318130 -16.187043
-0.321798 -0.007200 0.946781 204.596854 0.077052 0.996455 0.033767 1.537170 -0.943668 0.083818 -0.320102 -16.925469
-0.326882 -0.008134 0.945030 206.935898 0.077630 0.996353 0.035427 1.547950 -0.941871 0.084943 -0.325058 -17.382780
-0.330783 -0.007325 0.943679 209.215543 0.078417 0.996298 0.035220 1.610558 -0.940443 0.085651 -0.328984 -18.109493
-0.334929 -0.006925 0.942218 211.527048 0.080007 0.996153 0.035762 1.678530 -0.938841 0.087362 -0.333086 -18.784486
-0.338304 -0.006142 0.941017 213.778204 0.081416 0.996038 0.035771 1.738053 -0.937509 0.088715 -0.336463 -19.572611
-0.340994 -0.003141 0.940060 216.056048 0.083436 0.995947 0.033593 1.805786 -0.936355 0.089890 -0.339350 -20.321095
-0.343257 -0.003331 0.939235 218.273767 0.083923 0.995885 0.034203 1.884725 -0.935484 0.090564 -0.341565 -21.242640
-0.345894 -0.005622 0.938257 220.553035 0.081648 0.996008 0.036068 1.913142 -0.934714 0.089083 -0.344054 -21.998534
-0.347161 -0.006078 0.937786 222.799941 0.079677 0.996172 0.035952 1.949552 -0.934415 0.087201 -0.345348 -22.859948
-0.349792 -0.005307 0.936812 225.067146 0.080512 0.996114 0.035705 2.045878 -0.933361 0.087914 -0.348005 -23.655430
-0.352815 -0.002030 0.935691 227.293474 0.082486 0.996037 0.033263 2.172644 -0.932050 0.088917 -0.351249 -24.553405
-0.356489 0.000272 0.934299 229.529380 0.083259 0.996031 0.031478 2.239209 -0.930582 0.089011 -0.355097 -25.452854
-0.360642 0.000825 0.932704 231.816904 0.083355 0.996027 0.031349 2.303635 -0.928972 0.089052 -0.359278 -26.201375
-0.364396 0.001665 0.931243 234.060223 0.084435 0.995939 0.031258 2.381244 -0.927409 0.090019 -0.363056 -27.075587
-0.367956 0.003102 0.929838 236.289783 0.085124 0.995908 0.030362 2.461061 -0.925938 0.090324 -0.366715 -27.976755
-0.373943 0.003765 0.927444 238.586466 0.085816 0.995842 0.030558 2.523930 -0.923473 0.091017 -0.372712 -28.682645
-0.378313 0.006014 0.925658 240.820077 0.086352 0.995848 0.028822 2.574509 -0.921641 0.090837 -0.377262 -29.570880
-0.381215 0.006946 0.924460 242.996825 0.087229 0.995781 0.028489 2.618247 -0.920362 0.091500 -0.380213 -30.585417
-0.383341 0.006030 0.923587 245.210254 0.087035 0.995765 0.029623 2.663851 -0.919497 0.091741 -0.382242 -31.527247
-0.387905 0.006097 0.921679 247.464734 0.087326 0.995723 0.030166 2.733637 -0.917553 0.092188 -0.386778 -32.341040
-0.390072 0.007873 0.920751 249.637700 0.089274 0.995576 0.029307 2.815966 -0.916446 0.093631 -0.389049 -33.373268
-0.393220 0.007982 0.919410 251.827206 0.089481 0.995548 0.029626 2.882824 -0.915080 0.093919 -0.392183 -34.382159
-0.395173 0.008480 0.918567 253.972621 0.090044 0.995499 0.029547 2.953794 -0.914183 0.094388 -0.394158 -35.484169
-0.395504 0.007733 0.918432 256.136981 0.091397 0.995333 0.030977 3.088752 -0.913906 0.096193 -0.394365 -36.553144
-0.399252 0.006537 0.916818 258.364814 0.091613 0.995254 0.032799 3.142864 -0.912253 0.097088 -0.397956 -37.483477
-0.401396 0.005529 0.915888 260.566906 0.091970 0.995171 0.034300 3.229588 -0.911275 0.098002 -0.399966 -38.526171
-0.404731 0.003565 0.914429 262.826537 0.093224 0.994943 0.037382 3.298174 -0.909671 0.100376 -0.403017 -39.378120
-0.407331 0.001935 0.913278 265.049844 0.094093 0.994765 0.039858 3.356716 -0.908420 0.102168 -0.405381 -40.377857
-0.410459 0.002841 0.911874 267.280335 0.094350 0.994760 0.039371 3.442838 -0.906985 0.102196 -0.408577 -41.394950
-0.413239 0.003649 0.910615 269.490017 0.095027 0.994705 0.039137 3.504162 -0.905651 0.102706 -0.411398 -42.461587
-0.416897 0.005665 0.908936 271.737990 0.096579 0.994596 0.038099 3.610921 -0.903808 0.103668 -0.415191 -43.494523
-0.421329 0.004777 0.906895 274.022842 0.097090 0.994477 0.039868 3.698502 -0.901696 0.104848 -0.419466 -44.455018
-0.427084 0.005945 0.904193 276.351970 0.098648 0.994316 0.040058 3.805175 -0.898815 0.106305 -0.425243 -45.373526
-0.429556 0.009313 0.902992 278.581015 0.101073 0.994160 0.037828 3.911762 -0.897366 0.107518 -0.427988 -46.478383
-0.432649 0.010354 0.901503 280.831452 0.101995 0.994077 0.037532 4.055311 -0.895774 0.108187 -0.431143 -47.580489
-0.434630 0.010850 0.900544 283.091453 0.102129 0.994071 0.037313 4.206804 -0.894800 0.108189 -0.433161 -48.709997
-0.438017 0.012016 0.898887 285.387680 0.102241 0.994089 0.036532 4.306978 -0.893134 0.107905 -0.436656 -49.785532
-0.441529 0.012746 0.897156 287.699289 0.103778 0.993914 0.036953 4.429575 -0.891225 0.109421 -0.440165 -50.862169
-0.439862 0.012607 0.897977 289.904113 0.105112 0.993752 0.037537 4.563762 -0.891893 0.110899 -0.438439 -52.151382
-0.445454 0.011611 0.895229 292.312309 0.105209 0.993667 0.039463 4.699848 -0.889102 0.111766 -0.443855 -53.059206
-0.449944 0.012490 0.892969 294.664735 0.106214 0.993554 0.039622 4.830523 -0.886718 0.112674 -0.448370 -54.099233
-0.449636 0.012612 0.893123 296.963394 0.108527 0.993264 0.040611 4.955502 -0.886594 0.115188 -0.447975 -55.293200
-0.452395 0.013737 0.891712 299.292394 0.111235 0.992942 0.041137 5.023236 -0.884853 0.117799 -0.450730 -56.449727
-0.452617 0.014570 0.891586 301.565434 0.113190 0.992717 0.041239 5.150674 -0.884492 0.119584 -0.450969 -57.735635
-0.456990 0.018300 0.889283 303.914821 0.114013 0.992746 0.038161 5.260321 -0.882134 0.118830 -0.455762 -58.909616
-0.463404 0.024837 0.885799 306.275869 0.116430 0.992648 0.033077 5.384031 -0.878465 0.118462 -0.462889 -60.084946
-0.467029 0.031155 0.883693 308.573352 0.119630 0.992417 0.028236 5.539929 -0.876112 0.118903 -0.467214 -61.398285
-0.470895 0.031640 0.881622 310.893061 0.119346 0.992454 0.028128 5.579080 -0.874079 0.118463 -0.471118 -62.695674
-0.475292 0.030817 0.879288 313.226557 0.118811 0.992480 0.029438 5.628502 -0.871769 0.118461 -0.475380 -63.981429
-0.480788 0.031710 0.876263 315.628816 0.119396 0.992405 0.029597 5.700739 -0.868670 0.118852 -0.480923 -65.164889
-0.482905 0.031958 0.875089 317.941647 0.118732 0.992495 0.029275 5.764633 -0.867586 0.118038 -0.483075 -66.541778
-0.483157 0.030968 0.874986 320.238052 0.117432 0.992636 0.029713 5.839259 -0.867623 0.117108 -0.483235 -67.940782
-0.486399 0.027652 0.873299 322.591465 0.114564 0.992888 0.032369 5.842045 -0.866194 0.115793 -0.486108 -69.250863
-0.489252 0.026294 0.871746 324.959511 0.113442 0.992972 0.033716 5.852451 -0.864733 0.115388 -0.488797 -70.531127
-0.490723 0.022486 0.871025 327.243024 0.111345 0.993089 0.037094 5.876212 -0.864172 0.115187 -0.489835 -71.969780
-0.493227 0.019716 0.869677 329.565343 0.108887 0.993279 0.039236 5.919019 -0.863059 0.114049 -0.492059 -73.350247
-0.495304 0.019921 0.868491 331.883922 0.107332 0.993480 0.038425 5.987091 -0.862063 0.112249 -0.494213 -74.737117
-0.499518 0.021831 0.866028 334.231147 0.107235 0.993552 0.036806 6.042286 -0.859641 0.111254 -0.498638 -76.080637
-0.501813 0.021916 0.864699 336.566376 0.106414 0.993649 0.036571 6.136030 -0.858406 0.110368 -0.500958 -77.441863
-0.504935 0.020713 0.862909 338.928086 0.104373 0.993842 0.037219 6.195402 -0.856824 0.108857 -0.503987 -78.781284
-0.503558 0.022916 0.863657 341.230577 0.106063 0.993726 0.035474 6.282152 -0.857426 0.109465 -0.502830 -80.217560
-0.505893 0.027251 0.862166 343.582627 0.109244 0.993477 0.032699 6.340076 -0.855651 0.110728 -0.505570 -81.574471
-0.504678 0.028005 0.862853 345.921592 0.111413 0.993229 0.032928 6.417518 -0.856088 0.112751 -0.504381 -82.960708
-0.505840 0.029515 0.862122 348.276427 0.110682 0.993374 0.030933 6.483745 -0.855497 0.111068 -0.505755 -84.311469
-0.510254 0.027729 0.859577 350.655650 0.108352 0.993589 0.032267 6.530861 -0.853171 0.109601 -0.509987 -85.647182
-0.516120 0.027691 0.856069 353.055514 0.108251 0.993572 0.033125 6.562417 -0.849648 0.109766 -0.515799 -86.926462
-0.520031 0.029584 0.853635 355.379373 0.108691 0.993567 0.031780 6.600022 -0.847204 0.109309 -0.519901 -88.339033
-0.523178 0.032422 0.851606 357.721657 0.107509 0.993804 0.028212 6.675486 -0.845415 0.106315 -0.523422 -89.742020
-0.526063 0.033527 0.849785 360.037494 0.107263 0.993859 0.027190 6.746293 -0.843654 0.105454 -0.526428 -91.168651
-0.527693 0.035050 0.848712 362.312990 0.107821 0.993830 0.025996 6.823609 -0.842565 0.105226 -0.528216 -92.659742
-0.530816 0.035064 0.846761 364.661760 0.108066 0.993788 0.026592 6.880039 -0.840569 0.105621 -0.531308 -94.029037
-0.531304 0.035320 0.846445 366.960779 0.107734 0.993836 0.026153 6.922076 -0.840303 0.105086 -0.531834 -95.483843
-0.532538 0.035472 0.845663 369.259930 0.107351 0.993883 0.025913 6.978085 -0.839571 0.104582 -0.533088 -96.923270
-0.531607 0.038557 0.846113 371.469289 0.109903 0.993658 0.023771 7.049663 -0.839830 0.105628 -0.532473 -98.504272
-0.533991 0.049454 0.844043 373.749292 0.118139 0.992859 0.016568 7.074832 -0.837196 0.108561 -0.536020 -99.987991
-0.534626 0.056908 0.843171 376.041364 0.129812 0.991419 0.015396 7.104701 -0.835059 0.117685 -0.537426 -101.398518
-0.544966 0.049195 0.837013 378.455621 0.129617 0.991220 0.026134 7.093699 -0.828379 0.122733 -0.546558 -102.619514
-0.546038 0.041520 0.836731 380.712179 0.122577 0.991982 0.030769 7.181411 -0.828745 0.119365 -0.546749 -104.113431
-0.546998 0.043158 0.836021 383.007013 0.115363 0.993028 0.024218 7.264638 -0.829147 0.109693 -0.548163 -105.562060
-0.548600 0.049812 0.834600 385.191860 0.111406 0.993677 0.013923 7.331330 -0.828630 0.100617 -0.550680 -107.172751
-0.553904 0.054446 0.830798 387.474098 0.110282 0.993865 0.008394 7.358797 -0.825244 0.096272 -0.556510 -108.631856
-0.556434 0.056724 0.828953 389.675921 0.110825 0.993819 0.006386 7.337391 -0.823468 0.095422 -0.559281 -110.194105
-0.559764 0.050996 0.827082 391.878574 0.109156 0.993945 0.012591 7.316338 -0.821431 0.097329 -0.561941 -111.743166
-0.564871 0.047031 0.823838 394.056126 0.109967 0.993760 0.018669 7.303774 -0.817819 0.101141 -0.566518 -113.330765
-0.569823 0.045393 0.820513 396.411312 0.110593 0.993626 0.021834 7.307324 -0.814291 0.103184 -0.571211 -114.644590
-0.574141 0.046368 0.817443 398.670412 0.110946 0.993592 0.021564 7.325574 -0.811205 0.103072 -0.575606 -116.117688
-0.576383 0.048230 0.815755 400.754613 0.110943 0.993633 0.019642 7.416614 -0.809614 0.101824 -0.578064 -117.822250
-0.584061 0.049252 0.810214 398.121961 0.110597 0.993678 0.019322 7.300472 -0.804140 0.100892 -0.585815 -118.338161
-0.589542 0.049598 0.806213 400.459780 0.110511 0.993680 0.019681 7.250813 -0.800142 0.100698 -0.591297 -119.686032
-0.590023 0.051941 0.805714 402.616128 0.112425 0.993492 0.018282 7.250709 -0.799521 0.101370 -0.592022 -121.296121
-0.594090 0.052324 0.802695 404.701486 0.112531 0.993475 0.018526 7.287685 -0.796488 0.101334 -0.596102 -123.001627
-0.596525 0.052437 0.800879 407.016781 0.111012 0.993663 0.017627 7.313892 -0.794880 0.099422 -0.598566 -124.379983
-0.603366 0.049818 0.795907 409.170803 0.107116 0.994065 0.018982 7.342090 -0.790237 0.096707 -0.605122 -125.981563
-0.600877 0.047312 0.797940 408.078943 0.105101 0.994257 0.020192 8.025353 -0.792402 0.095997 -0.602399 -128.352129
-0.593350 0.047000 0.803571 407.673327 0.108041 0.993911 0.021644 8.678595 -0.797661 0.099661 -0.594815 -130.926145
-0.599741 0.052269 0.798485 409.806467 0.113410 0.993344 0.020158 8.392083 -0.792117 0.102646 -0.601677 -129.323268
-0.608999 0.058590 0.791004 412.468561 0.117492 0.992930 0.016911 8.115262 -0.784421 0.103236 -0.611577 -129.127841
-0.612148 0.062758 0.788249 414.668120 0.119718 0.992710 0.013935 8.137675 -0.781628 0.102898 -0.615199 -130.666313
-0.619638 0.066281 0.782084 417.048593 0.122732 0.992353 0.013138 8.158695 -0.775232 0.104127 -0.623035 -131.914051
-0.624237 0.071304 0.777975 419.344340 0.127227 0.991811 0.011182 8.184829 -0.770806 0.105960 -0.628196 -133.298280
-0.624727 0.072545 0.777466 421.406899 0.128148 0.991700 0.010437 8.212506 -0.770256 0.106150 -0.628839 -135.014717
-0.624953 0.072510 0.777287 423.482524 0.126181 0.991967 0.008915 8.212724 -0.770397 0.103650 -0.629083 -136.701361
-0.625653 0.068944 0.777049 425.605149 0.121031 0.992604 0.009380 8.202458 -0.770656 0.099916 -0.629370 -138.337633
-0.624924 0.064264 0.778036 427.677852 0.113888 0.993449 0.009419 8.203229 -0.772333 0.094495 -0.628149 -140.023957
-0.623636 0.060635 0.779360 429.640531 0.108504 0.994051 0.009486 8.199896 -0.774148 0.090479 -0.626504 -141.840904
-0.621610 0.068093 0.780362 431.774123 0.114681 0.993391 0.004669 8.217909 -0.774887 0.092395 -0.625311 -143.448843
-0.620239 0.073773 0.780936 433.856113 0.122736 0.992432 0.003728 8.178366 -0.774752 0.098161 -0.624599 -145.106583
-0.617241 0.078372 0.782861 435.838677 0.126887 0.991917 0.000742 8.192297 -0.776475 0.099793 -0.622196 -146.908992
-0.616589 0.079942 0.783216 438.040600 0.128972 0.991648 0.000317 8.151216 -0.776649 0.101209 -0.621750 -148.432162
-0.614434 0.076456 0.785255 440.146319 0.126377 0.991980 0.002301 8.128163 -0.778781 0.100652 -0.619168 -150.083930
-0.611574 0.075430 0.787583 442.277488 0.125444 0.992098 0.002392 8.075823 -0.781179 0.100261 -0.616204 -151.689430
-0.610373 0.078131 0.788252 444.519217 0.129742 0.991545 0.002183 8.043202 -0.781417 0.103602 -0.615349 -153.130215
-0.607894 0.084946 0.789461 446.655068 0.133732 0.991011 -0.003658 8.031497 -0.782675 0.103352 -0.613789 -154.739680
-0.606113 0.093418 0.789873 448.774325 0.138199 0.990342 -0.011079 7.982431 -0.783280 0.102444 -0.613170 -156.366293
-0.605262 0.101269 0.789559 450.903783 0.144368 0.989391 -0.016229 7.915716 -0.782826 0.104164 -0.613460 -157.973536
-0.604182 0.104458 0.789970 453.065214 0.146982 0.988969 -0.018358 7.839364 -0.783173 0.105020 -0.612871 -159.533013
-0.604628 0.104626 0.789606 455.259760 0.146509 0.989029 -0.018863 7.721232 -0.782917 0.104280 -0.613324 -161.045164
-0.603673 0.103625 0.790469 457.371143 0.144039 0.989376 -0.019700 7.632316 -0.784112 0.101966 -0.612186 -162.676864
-0.603549 0.105594 0.790303 459.487577 0.144067 0.989320 -0.022162 7.567621 -0.784202 0.100481 -0.612316 -164.296994
-0.602342 0.107958 0.790904 461.529422 0.146782 0.988897 -0.023197 7.537670 -0.784626 0.102118 -0.611501 -166.005534
-0.602010 0.108954 0.791020 463.742684 0.149087 0.988563 -0.022699 7.421115 -0.784447 0.104266 -0.611368 -167.485732
-0.601497 0.108413 0.791485 465.887172 0.150146 0.988435 -0.021286 7.366626 -0.784638 0.106035 -0.610818 -169.055275
-0.600314 0.106454 0.792648 467.845639 0.148191 0.988745 -0.020558 7.274566 -0.785915 0.105122 -0.609333 -170.866454
-0.599194 0.106572 0.793479 469.958285 0.147378 0.988846 -0.021519 7.155851 -0.786922 0.104047 -0.608217 -172.489580
-0.599731 0.105977 0.793153 472.135641 0.147019 0.988911 -0.020966 7.092950 -0.786580 0.104035 -0.608661 -174.022061
-0.599358 0.107504 0.793230 474.210683 0.147781 0.988768 -0.022343 6.995242 -0.786722 0.103833 -0.608513 -175.685015
-0.598490 0.107417 0.793896 476.345739 0.146979 0.988872 -0.022996 6.933249 -0.787532 0.102923 -0.607618 -177.279962
-0.600074 0.107821 0.792645 478.500732 0.146369 0.988946 -0.023714 6.823951 -0.786440 0.101789 -0.609222 -178.837617
-0.598491 0.107577 0.793874 480.609906 0.147292 0.988827 -0.022953 6.730093 -0.787473 0.103194 -0.607649 -180.463563
-0.598723 0.107307 0.793735 482.812774 0.148069 0.988733 -0.021979 6.596279 -0.787151 0.104368 -0.607866 -181.950822
-0.599494 0.106400 0.793275 484.971708 0.146660 0.988947 -0.021811 6.434958 -0.786827 0.103266 -0.608472 -183.495433
-0.599596 0.107750 0.793016 487.114313 0.146486 0.988931 -0.023612 6.357199 -0.786782 0.102008 -0.608743 -185.080317
-0.600293 0.108537 0.792381 489.279002 0.146724 0.988879 -0.024296 6.283035 -0.786206 0.101677 -0.609542 -186.627743
-0.601388 0.109132 0.791468 491.464544 0.146844 0.988849 -0.024770 6.191278 -0.785346 0.101326 -0.610708 -188.143938
-0.601746 0.108903 0.791228 493.600730 0.147111 0.988823 -0.024218 6.095269 -0.785023 0.101825 -0.611041 -189.728435
-0.603239 0.108605 0.790131 495.792169 0.146905 0.988865 -0.023765 5.969220 -0.783914 0.101738 -0.612477 -191.221603
-0.603562 0.109090 0.789818 497.981604 0.145977 0.988971 -0.025045 5.854845 -0.783839 0.100179 -0.612830 -192.750074
-0.603746 0.110172 0.789527 500.054810 0.145489 0.988998 -0.026752 5.746364 -0.783788 0.098716 -0.613132 -194.417937
-0.603644 0.110572 0.789549 502.044676 0.145815 0.988943 -0.027014 5.706360 -0.783806 0.098821 -0.613092 -196.186192
-0.602559 0.111243 0.790283 504.230214 0.146812 0.988789 -0.027247 5.593317 -0.784454 0.099605 -0.612136 -197.701711
-0.603245 0.110938 0.789803 506.328367 0.147243 0.988747 -0.026420 5.497177 -0.783846 0.100356 -0.612792 -199.327006
-0.604367 0.110526 0.789002 508.498322 0.146847 0.988817 -0.026033 5.406718 -0.783056 0.100129 -0.613838 -200.877636
-0.603281 0.110664 0.789814 510.581738 0.146871 0.988804 -0.026361 5.314109 -0.783889 0.100098 -0.612780 -202.531664
-0.603419 0.110982 0.789664 512.807304 0.147468 0.988718 -0.026270 5.160057 -0.783670 0.100598 -0.612977 -203.983861
-0.603367 0.111677 0.789605 514.973404 0.148363 0.988579 -0.026449 5.017554 -0.783541 0.101190 -0.613045 -205.522603
-0.603059 0.112863 0.789672 517.049651 0.148489 0.988521 -0.027885 4.834444 -0.783754 0.100441 -0.612895 -207.176722
-0.603580 0.112867 0.789273 519.228624 0.147413 0.988660 -0.028648 4.705102 -0.783556 0.099057 -0.613373 -208.708509
-0.603986 0.112337 0.789038 521.335567 0.145641 0.988903 -0.029309 4.610012 -0.783575 0.097214 -0.613645 -210.332670
-0.603799 0.112413 0.789170 523.456092 0.146392 0.988806 -0.028844 4.518126 -0.783579 0.098112 -0.613497 -211.935833
-0.603204 0.110833 0.789849 525.589182 0.146398 0.988858 -0.026955 4.443887 -0.784036 0.099373 -0.612709 -213.526079
-0.602475 0.110720 0.790420 527.647297 0.146140 0.988892 -0.027131 4.338613 -0.784644 0.099167 -0.611964 -215.200611
-0.603659 0.111454 0.789414 529.800039 0.145838 0.988909 -0.028099 4.234139 -0.783790 0.098165 -0.613218 -216.774874
-0.603414 0.112527 0.789449 531.837002 0.146560 0.988779 -0.028916 4.159631 -0.783844 0.098253 -0.613135 -218.485654
-0.606060 0.112736 0.787389 534.041093 0.146600 0.988779 -0.028731 3.990323 -0.781793 0.098018 -0.615786 -219.969874
-0.606373 0.113278 0.787071 536.175501 0.145862 0.988852 -0.029944 3.848265 -0.781688 0.096647 -0.616136 -221.558507
-0.606306 0.113692 0.787062 538.293843 0.144991 0.988942 -0.031161 3.772036 -0.781902 0.095224 -0.616086 -223.175770
-0.605890 0.114176 0.787313 540.388995 0.145061 0.988912 -0.031778 3.645361 -0.782211 0.094955 -0.615735 -224.821810
-0.604245 0.114126 0.788583 542.378971 0.147101 0.988655 -0.030365 3.574061 -0.783102 0.097653 -0.614178 -226.587262
-0.604110 0.114595 0.788618 544.558512 0.149551 0.988327 -0.029053 3.365872 -0.782742 0.100387 -0.614196 -228.108792
-0.604956 0.114064 0.788047 546.769949 0.149594 0.988345 -0.028218 3.208994 -0.782080 0.100816 -0.614969 -229.575351
-0.606223 0.113113 0.787210 548.948432 0.146918 0.988725 -0.028928 3.110288 -0.781607 0.098119 -0.616006 -231.118434
-0.607464 0.112782 0.786300 551.117575 0.145212 0.988956 -0.029665 2.959359 -0.780962 0.096160 -0.617132 -232.668881
-0.608261 0.112074 0.785785 553.358119 0.145112 0.988998 -0.028730 2.852505 -0.780360 0.096552 -0.617832 -234.105822
-0.608466 0.112043 0.785630 555.484614 0.145687 0.988929 -0.028203 2.757571 -0.780092 0.097296 -0.618053 -235.711289
-0.609160 0.111680 0.785145 557.472389 0.145733 0.988939 -0.027599 2.644977 -0.779542 0.097609 -0.618697 -237.481885
-0.609928 0.111088 0.784632 559.485022 0.145019 0.989052 -0.027300 2.604777 -0.779075 0.097136 -0.619360 -239.242107
-0.610002 0.110758 0.784621 561.635486 0.144052 0.989184 -0.027641 2.508205 -0.779196 0.096165 -0.619360 -240.819150
-0.610343 0.111553 0.784244 563.702008 0.144365 0.989119 -0.028342 2.515716 -0.778871 0.095919 -0.619805 -242.512808
-0.611997 0.111611 0.782945 565.864694 0.144420 0.989117 -0.028113 2.373419 -0.777561 0.095868 -0.621456 -244.066695
-0.612769 0.110422 0.782509 568.227462 0.143468 0.989280 -0.027252 2.224802 -0.777130 0.095566 -0.622042 -245.287980
-0.613852 0.110493 0.781650 570.367437 0.142579 0.989390 -0.027888 2.095948 -0.776439 0.094328 -0.623093 -246.889712
-0.613466 0.112381 0.781684 572.394413 0.143248 0.989238 -0.029800 2.005788 -0.776620 0.093694 -0.622962 -248.626512
-0.612742 0.114230 0.781984 574.480729 0.143888 0.989085 -0.031736 1.885844 -0.777074 0.093073 -0.622490 -250.284162
-0.612487 0.114153 0.782195 576.647775 0.144560 0.989006 -0.031138 1.738483 -0.777150 0.094002 -0.622255 -251.835802
-0.612308 0.111066 0.782779 578.557251 0.143160 0.989292 -0.028385 1.646480 -0.777550 0.094682 -0.621652 -253.683245
-0.609319 0.110458 0.785194 580.473609 0.143502 0.989259 -0.027807 1.606648 -0.779832 0.095733 -0.618625 -255.537199
-0.609517 0.110609 0.785019 582.669552 0.142904 0.989328 -0.028440 1.474611 -0.779787 0.094848 -0.618819 -257.033583
-0.609540 0.110362 0.785036 584.845653 0.141793 0.989471 -0.029008 1.376008 -0.779972 0.093631 -0.618771 -258.578153
-0.608131 0.110062 0.786170 586.943842 0.142541 0.989386 -0.028250 1.274967 -0.780934 0.094882 -0.617365 -260.255112
-0.606809 0.109925 0.787210 588.930241 0.142833 0.989349 -0.028051 1.182157 -0.781909 0.095418 -0.616047 -261.958713
-0.605440 0.110361 0.788202 590.966027 0.143270 0.989274 -0.028465 1.049831 -0.782890 0.095692 -0.614758 -263.663735
-0.604422 0.110297 0.788992 593.082188 0.142643 0.989348 -0.029032 0.962294 -0.783790 0.094996 -0.613717 -265.264920
-0.603186 0.110326 0.789933 595.131330 0.142721 0.989332 -0.029194 0.871334 -0.784727 0.095131 -0.612498 -266.956785
-0.602582 0.111649 0.790209 597.234103 0.143380 0.989200 -0.030428 0.775209 -0.785071 0.094965 -0.612082 -268.579360
-0.601424 0.113347 0.790849 599.316145 0.144679 0.988970 -0.031717 0.665968 -0.785721 0.095344 -0.611189 -270.221365
-0.602945 0.113907 0.789609 601.374845 0.146228 0.988766 -0.030978 0.541615 -0.784267 0.096785 -0.612828 -271.899178
-0.605572 0.112669 0.787775 603.514485 0.145383 0.988930 -0.029681 0.437275 -0.782398 0.096555 -0.615248 -273.477538
-0.606169 0.112620 0.787322 605.635006 0.143968 0.989108 -0.030642 0.329443 -0.782197 0.094775 -0.615781 -275.082084
-0.605928 0.113813 0.787336 607.677758 0.143853 0.989073 -0.032267 0.185788 -0.782405 0.093709 -0.615679 -276.770765
-0.605151 0.114042 0.787900 609.707035 0.145473 0.988864 -0.031399 0.144740 -0.782707 0.095617 -0.615002 -278.497327
-0.605994 0.113948 0.787266 611.797667 0.146776 0.988711 -0.030125 0.014137 -0.781811 0.097296 -0.615878 -280.137906
-0.605671 0.113626 0.787561 614.019618 0.147682 0.988608 -0.029057 -0.169569 -0.781891 0.098710 -0.615551 -281.576714
-0.608196 0.113027 0.785699 616.197807 0.146906 0.988739 -0.028519 -0.314499 -0.780074 0.098079 -0.617952 -283.103776
-0.608732 0.112929 0.785297 618.297631 0.145764 0.988888 -0.029216 -0.445736 -0.779870 0.096683 -0.618429 -284.724963
-0.610977 0.112089 0.783672 620.389597 0.144297 0.989110 -0.028975 -0.561978 -0.778386 0.095378 -0.620498 -286.366645
-0.610691 0.112454 0.783844 622.489921 0.144061 0.989124 -0.029667 -0.646411 -0.778655 0.094804 -0.620249 -288.004021
-0.610354 0.112707 0.784069 624.496181 0.144618 0.989045 -0.029595 -0.769858 -0.778815 0.095327 -0.619967 -289.745737
-0.609988 0.111570 0.784517 626.583476 0.144369 0.989116 -0.028415 -0.856383 -0.779149 0.095927 -0.619456 -291.395937
-0.609906 0.111250 0.784626 628.696863 0.143906 0.989184 -0.028393 -0.947480 -0.779298 0.095595 -0.619319 -293.006162
-0.609514 0.109911 0.785119 630.723677 0.142797 0.989366 -0.027646 -1.022597 -0.779809 0.095262 -0.618728 -294.737263
-0.609457 0.111011 0.785009 632.827774 0.143001 0.989301 -0.028880 -1.131763 -0.779816 0.094656 -0.618811 -296.359223
-0.609046 0.111723 0.785227 634.961138 0.143565 0.989204 -0.029392 -1.248604 -0.780033 0.094830 -0.618510 -297.950737
-0.609668 0.112680 0.784607 637.067487 0.144944 0.989003 -0.029408 -1.396119 -0.779292 0.095795 -0.619296 -299.551490
-0.608681 0.112559 0.785390 639.134024 0.144651 0.989039 -0.029640 -1.514113 -0.780117 0.095567 -0.618291 -301.220050
-0.609019 0.111769 0.785241 641.224027 0.143366 0.989227 -0.029611 -1.655581 -0.780091 0.094543 -0.618482 -302.859395
-0.608778 0.112135 0.785375 643.209447 0.143215 0.989230 -0.030229 -1.755607 -0.780306 0.094075 -0.618281 -304.618095
