0.999917 -0.002194 0.012695 0.000000 0.002170 0.999996 0.001965 0.000000 -0.012699 -0.001938 0.999917 0.000000
0.999858 -0.004663 0.016216 0.000000 0.004636 0.999988 0.001713 0.000000 -0.016223 -0.001638 0.999867 0.000000
0.999785 -0.007170 0.019471 0.097909 0.007155 0.999974 0.000867 -0.074971 -0.019477 -0.000728 0.999810 1.573924
0.999821 -0.008700 0.016816 0.113159 0.008716 0.999962 -0.000878 -0.072044 -0.016808 0.001025 0.999858 1.879737
0.999887 -0.011625 0.009529 0.088552 0.011649 0.999929 -0.002493 -0.067807 -0.009499 0.002604 0.999951 2.194468
0.999875 -0.014433 -0.006439 0.140745 0.014397 0.999881 -0.005583 -0.051762 0.006519 0.005489 0.999964 2.513344
0.999614 -0.013893 -0.024045 0.130210 0.013750 0.999887 -0.006081 -0.050218 0.024127 0.005748 0.999692 2.851162
0.999092 -0.009350 -0.041578 0.075298 0.009147 0.999945 -0.005063 -0.067498 0.041623 0.004678 0.999122 3.202159
0.998168 -0.005779 -0.060230 0.012594 0.005448 0.999969 -0.005667 -0.078358 0.060260 0.005328 0.998168 3.556732
0.997046 -0.005274 -0.076619 -0.078118 0.004840 0.999971 -0.005848 -0.085007 0.076648 0.005459 0.997043 3.918779
0.995308 -0.007504 -0.096464 -0.177797 0.006975 0.999959 -0.005825 -0.079793 0.096504 0.005125 0.995319 4.291384
0.993534 -0.008427 -0.113225 -0.288326 0.007931 0.999957 -0.004830 -0.096709 0.113260 0.003901 0.993558 4.669892
0.991426 -0.007549 -0.130448 -0.360630 0.007101 0.999967 -0.003898 -0.105737 0.130473 0.002938 0.991447 5.065953
0.989236 -0.005645 -0.146220 -0.409824 0.005235 0.999981 -0.003192 -0.110504 0.146235 0.002392 0.989247 5.480493
0.987645 -0.004788 -0.156633 -0.547295 0.004447 0.999987 -0.002527 -0.132949 0.156643 0.001800 0.987654 5.886090
0.985547 -0.005949 -0.169297 -0.622791 0.005367 0.999978 -0.003895 -0.134638 0.169316 0.002931 0.985557 6.322399
0.983947 -0.009537 -0.178207 -0.702537 0.008545 0.999943 -0.006336 -0.146178 0.178257 0.004711 0.983973 6.768348
0.982896 -0.008314 -0.183973 -0.845835 0.006757 0.999936 -0.009089 -0.136121 0.184037 0.007690 0.982889 7.214660
0.981691 -0.008290 -0.190298 -1.026427 0.006537 0.999930 -0.009835 -0.165901 0.190366 0.008411 0.981677 7.660748
0.980479 -0.008568 -0.196438 -1.181741 0.006406 0.999912 -0.011640 -0.196312 0.196520 0.010154 0.980447 8.137847
0.978683 -0.012554 -0.204993 -1.274534 0.009929 0.999855 -0.013830 -0.202487 0.205137 0.011500 0.978666 8.634079
0.976546 -0.019685 -0.214408 -1.349782 0.016325 0.999715 -0.017430 -0.192766 0.214690 0.013521 0.976589 9.153993
0.973634 -0.017598 -0.227437 -1.358269 0.013553 0.999721 -0.019336 -0.212004 0.227714 0.015744 0.973601 9.689618
0.971676 -0.013369 -0.235939 -1.513131 0.008428 0.999724 -0.021940 -0.237576 0.236167 0.019330 0.971520 10.216752
0.969558 -0.008607 -0.244710 -1.652008 0.002902 0.999716 -0.023663 -0.261737 0.244844 0.022232 0.969308 10.759339
0.967381 -0.011147 -0.253079 -1.795067 0.004866 0.999665 -0.025429 -0.283808 0.253277 0.023368 0.967111 11.309518
0.964901 -0.014315 -0.262222 -1.929940 0.007029 0.999563 -0.028705 -0.300341 0.262518 0.025854 0.964581 11.874299
0.962999 -0.013330 -0.269175 -2.142403 0.005282 0.999518 -0.030603 -0.332782 0.269453 0.028049 0.962605 12.423358
0.960816 -0.010660 -0.276981 -2.335287 0.001455 0.999440 -0.033417 -0.363664 0.277182 0.031705 0.960294 12.997960
0.958834 -0.010197 -0.283783 -2.557430 -0.000518 0.999291 -0.037657 -0.397798 0.283966 0.036254 0.958149 13.571560
0.957185 -0.010957 -0.289268 -2.773543 -0.002013 0.999007 -0.044502 -0.428370 0.289469 0.043179 0.956213 14.162848
0.955823 -0.011801 -0.293705 -2.979496 -0.003563 0.998655 -0.051721 -0.476386 0.293921 0.050483 0.954496 14.769771
0.953956 -0.007443 -0.299853 -3.111818 -0.011014 0.998148 -0.059819 -0.503522 0.299743 0.060367 0.952108 15.412110
0.952616 -0.004114 -0.304146 -3.336063 -0.017078 0.997608 -0.066985 -0.553639 0.303694 0.069005 0.950267 16.040567
0.951441 -0.002355 -0.307822 -3.614151 -0.021068 0.997128 -0.072748 -0.605862 0.307110 0.075701 0.948659 16.662634
0.950111 0.001837 -0.311908 -3.883449 -0.027225 0.996655 -0.077061 -0.675644 0.310723 0.081708 0.946982 17.318766
0.948511 0.002842 -0.316731 -4.149826 -0.029983 0.996275 -0.080849 -0.747037 0.315322 0.086183 0.945063 17.951461
0.946844 0.005355 -0.321647 -4.412383 -0.034446 0.995801 -0.084820 -0.804421 0.319842 0.091391 0.943053 18.619524
0.945270 0.006510 -0.326223 -4.730661 -0.036672 0.995586 -0.086395 -0.865205 0.324221 0.093630 0.941336 19.281279
0.943118 0.007131 -0.332381 -4.981013 -0.038402 0.995415 -0.087606 -0.926733 0.330232 0.095387 0.939068 19.983161
0.941763 0.007590 -0.336190 -5.274556 -0.038923 0.995486 -0.086561 -0.997816 0.334016 0.094605 0.937808 20.682984
0.939030 0.006756 -0.343769 -5.526898 -0.038421 0.995607 -0.085385 -1.072195 0.341682 0.093387 0.935164 21.407710
0.936830 0.004247 -0.349759 -5.833201 -0.035945 0.995801 -0.084189 -1.146411 0.347933 0.091443 0.933049 22.130182
0.933747 0.003245 -0.357919 -6.115627 -0.034833 0.996036 -0.081841 -1.215276 0.356235 0.088886 0.930159 22.869427
0.930495 0.002098 -0.366297 -6.424096 -0.032333 0.996551 -0.076427 -1.299057 0.364874 0.082959 0.927354 23.626925
0.927025 0.003100 -0.374986 -6.739604 -0.032324 0.996905 -0.071669 -1.365010 0.373603 0.078560 0.924256 24.367958
0.923443 0.006018 -0.383688 -7.064354 -0.034492 0.997131 -0.067375 -1.428287 0.382182 0.075451 0.921002 25.127542
0.920077 0.005890 -0.391693 -7.431734 -0.034334 0.997252 -0.065654 -1.497322 0.390230 0.073855 0.917751 25.871087
0.916238 0.004356 -0.400610 -7.796540 -0.033782 0.997220 -0.066420 -1.545001 0.399207 0.074390 0.913838 26.630116
0.912488 0.003421 -0.409089 -8.139273 -0.033079 0.997308 -0.065443 -1.614355 0.407764 0.073249 0.910145 27.405909
0.908695 0.002866 -0.417451 -8.515174 -0.032605 0.997409 -0.064126 -1.678882 0.416185 0.071882 0.906434 28.181476
0.905187 -0.002149 -0.425009 -8.919768 -0.027774 0.997551 -0.064198 -1.714236 0.424106 0.069916 0.902910 28.952374
0.901473 -0.003854 -0.432818 -9.310596 -0.025109 0.997811 -0.061181 -1.781967 0.432106 0.066021 0.899403 29.747247
0.897876 -0.004356 -0.440227 -9.710943 -0.022732 0.998158 -0.056241 -1.843237 0.439661 0.060504 0.896124 30.549777
0.894260 -0.008089 -0.447475 -10.152200 -0.018078 0.998368 -0.054175 -1.896268 0.447183 0.056536 0.892654 31.342160
0.890568 -0.010767 -0.454723 -10.561766 -0.015466 0.998425 -0.053932 -1.961204 0.454588 0.055063 0.888998 32.161672
0.887413 -0.013592 -0.460775 -11.012422 -0.012844 0.998448 -0.054188 -2.019432 0.460796 0.054005 0.885861 32.971662
0.885306 -0.011237 -0.464874 -11.504286 -0.014416 0.998564 -0.051590 -2.093555 0.464786 0.052374 0.883872 33.771695
0.881943 -0.016148 -0.471079 -11.958689 -0.010074 0.998539 -0.053087 -2.127698 0.471248 0.051566 0.880492 34.610849
0.879391 -0.018063 -0.475757 -12.436313 -0.008634 0.998511 -0.053870 -2.186603 0.476022 0.051481 0.877925 35.452240
0.877594 -0.018099 -0.479062 -12.926079 -0.009278 0.998459 -0.054718 -2.230688 0.479314 0.052464 0.876074 36.293664
0.876148 -0.012891 -0.481869 -13.366537 -0.014668 0.998467 -0.053380 -2.313913 0.481819 0.053837 0.874616 37.195830
0.875654 -0.014108 -0.482732 -13.865541 -0.013215 0.998499 -0.053152 -2.367318 0.482758 0.052922 0.874153 38.089111
0.874418 -0.013076 -0.484997 -14.314129 -0.014297 0.998508 -0.052698 -2.415329 0.484962 0.053015 0.872927 39.015569
0.874293 -0.013946 -0.485199 -14.841485 -0.013292 0.998524 -0.052653 -2.487513 0.485217 0.052484 0.872817 39.912914
0.873542 -0.016156 -0.486481 -15.355362 -0.011911 0.998440 -0.054545 -2.549775 0.486603 0.053442 0.871987 40.831792
0.871937 -0.020150 -0.489203 -15.844075 -0.008786 0.998348 -0.056782 -2.611638 0.489539 0.053809 0.870320 41.774981
0.869673 -0.019965 -0.493225 -16.333939 -0.009089 0.998365 -0.056439 -2.654268 0.493545 0.053566 0.868069 42.724996
0.867151 -0.023407 -0.497496 -16.852258 -0.004567 0.998479 -0.054940 -2.706796 0.498025 0.049913 0.865725 43.661308
0.864407 -0.025283 -0.502157 -17.399124 -0.001403 0.998610 -0.052694 -2.789349 0.502791 0.046254 0.863170 44.576209
0.859549 -0.026220 -0.510381 -17.889735 -0.000623 0.998629 -0.052352 -2.859123 0.511053 0.045317 0.858354 45.522072
0.854211 -0.030259 -0.519045 -18.465610 0.001176 0.998415 -0.056270 -2.926404 0.519924 0.047456 0.852893 46.415373
0.848752 -0.032981 -0.527762 -19.073529 0.001502 0.998199 -0.059964 -3.015798 0.528789 0.050102 0.847273 47.299025
0.843030 -0.036612 -0.536619 -19.708836 0.004933 0.998165 -0.060353 -3.095982 0.537844 0.048233 0.841664 48.163958
0.837083 -0.037068 -0.545819 -20.289247 0.007629 0.998396 -0.056105 -3.173083 0.547023 0.042801 0.836023 49.070598
0.831783 -0.034902 -0.554003 -20.886787 0.007743 0.998654 -0.051290 -3.258557 0.555047 0.038373 0.830933 49.960057
0.827580 -0.035477 -0.560226 -21.489959 0.007021 0.998577 -0.052865 -3.326658 0.561304 0.039817 0.826651 50.836458
0.825017 -0.036255 -0.563944 -22.141675 0.005488 0.998407 -0.056157 -3.410772 0.565082 0.043236 0.823901 51.670398
0.822120 -0.033539 -0.568326 -22.745793 -0.000861 0.998189 -0.060153 -3.502108 0.569314 0.049942 0.820602 52.535168
0.819386 -0.034269 -0.572217 -23.402566 -0.001057 0.998119 -0.061289 -3.583785 0.573242 0.050825 0.817809 53.372859
0.816206 -0.033943 -0.576763 -24.028434 0.000352 0.998302 -0.058252 -3.663904 0.577760 0.047343 0.814832 54.238396
0.813316 -0.034414 -0.580803 -24.681007 0.003377 0.998512 -0.054435 -3.738056 0.581812 0.042312 0.812222 55.091509
0.810766 -0.032846 -0.584448 -25.315243 0.003127 0.998653 -0.051786 -3.804049 0.585362 0.040159 0.809777 55.958013
0.808534 -0.030366 -0.587665 -25.983079 0.000846 0.998727 -0.050443 -3.896786 0.588449 0.040288 0.807530 56.796262
0.805014 -0.031205 -0.592434 -26.629250 0.000298 0.998637 -0.052196 -3.963386 0.593256 0.041842 0.803926 57.657618
0.801220 -0.032803 -0.597470 -27.279593 -0.000116 0.998488 -0.054976 -4.036236 0.598370 0.044117 0.800005 58.508645
0.797028 -0.033707 -0.603001 -27.937228 0.000125 0.998451 -0.055647 -4.110546 0.603942 0.044277 0.795797 59.368839
0.792560 -0.035015 -0.608788 -28.588413 0.001617 0.998467 -0.055323 -4.200642 0.609792 0.042863 0.791402 60.217517
0.787817 -0.034475 -0.614943 -29.261719 0.001234 0.998519 -0.054397 -4.285885 0.615908 0.042096 0.786693 61.060453
0.782628 -0.035538 -0.621474 -29.945896 0.000921 0.998434 -0.055934 -4.355299 0.622489 0.043203 0.781435 61.899535
0.777522 -0.038377 -0.627683 -30.660480 0.002234 0.998298 -0.058269 -4.425380 0.628851 0.043904 0.776285 62.720713
0.772696 -0.038240 -0.633624 -31.391822 0.001459 0.998288 -0.058469 -4.514300 0.634775 0.044255 0.771429 63.527392
0.767492 -0.039650 -0.639831 -32.119145 0.001597 0.998201 -0.059943 -4.592679 0.641056 0.044984 0.766175 64.342703
0.761763 -0.041276 -0.646539 -32.842486 0.001739 0.998095 -0.061671 -4.678333 0.647853 0.045855 0.760384 65.183575
0.756507 -0.041507 -0.652668 -33.605158 0.002431 0.998155 -0.060661 -4.788724 0.653982 0.044304 0.755212 65.980809
0.750973 -0.042200 -0.658984 -34.355448 0.004018 0.998229 -0.059346 -4.880812 0.660321 0.041919 0.749812 66.774024
0.745124 -0.042346 -0.665581 -35.113079 0.004626 0.998286 -0.058334 -4.994609 0.666910 0.040387 0.744043 67.582485
0.738757 -0.042620 -0.672623 -35.839066 0.003816 0.998247 -0.059062 -5.087581 0.673961 0.041066 0.737625 68.425230
0.731106 -0.044858 -0.680788 -36.564132 0.003062 0.998042 -0.062474 -5.138499 0.682257 0.043591 0.729811 69.285334
0.725125 -0.044269 -0.687192 -37.327823 0.002616 0.998101 -0.061538 -5.232269 0.688612 0.042825 0.723864 70.113066
0.719626 -0.045966 -0.692839 -38.145892 0.004220 0.998078 -0.061833 -5.312161 0.694349 0.041573 0.718436 70.904235
0.714166 -0.044360 -0.698569 -38.900171 0.002582 0.998150 -0.060744 -5.388351 0.699971 0.041577 0.712960 71.755235
0.710294 -0.045562 -0.702429 -39.754340 0.002370 0.998052 -0.062341 -5.459025 0.703902 0.042615 0.709018 72.512156
0.704096 -0.045992 -0.708613 -40.544874 0.000585 0.997938 -0.064189 -5.548530 0.710104 0.044780 0.702671 73.337543
0.699740 -0.046539 -0.712880 -41.393649 -0.000330 0.997855 -0.065467 -5.660152 0.714398 0.046045 0.698223 74.107869
0.694633 -0.047119 -0.717819 -42.233532 -0.000803 0.997801 -0.066274 -5.748595 0.719364 0.046613 0.693068 74.901123
0.691224 -0.047481 -0.721079 -43.136579 0.000159 0.997849 -0.065553 -5.829417 0.722641 0.045197 0.689745 75.631791
0.685634 -0.048748 -0.726312 -43.974568 0.001303 0.997836 -0.065741 -5.925841 0.727945 0.044128 0.684214 76.441696
0.680964 -0.049329 -0.730653 -44.840338 0.000865 0.997782 -0.066558 -6.013216 0.732316 0.044691 0.679497 77.224258
0.676018 -0.051053 -0.735115 -45.693016 0.001636 0.997699 -0.067785 -6.106745 0.736884 0.044621 0.674545 78.020544
0.671530 -0.054487 -0.738972 -46.577701 0.003210 0.997497 -0.070631 -6.189713 0.740971 0.045059 0.670024 78.803815
0.667555 -0.057585 -0.742330 -47.475520 0.005352 0.997350 -0.072555 -6.285106 0.744541 0.044461 0.666094 79.579502
0.663341 -0.061604 -0.745777 -48.366880 0.006890 0.997066 -0.076234 -6.384935 0.748285 0.045431 0.661820 80.363661
0.660179 -0.064590 -0.748326 -49.302538 0.006207 0.996731 -0.080555 -6.478986 0.751083 0.048535 0.658422 81.099447
0.654982 -0.068137 -0.752566 -50.195215 0.006498 0.996397 -0.084558 -6.558985 0.755617 0.050494 0.653065 81.903923
0.648577 -0.074364 -0.757508 -51.112730 0.009872 0.995954 -0.089320 -6.650739 0.761085 0.050453 0.646687 82.674767
0.639656 -0.080637 -0.764420 -52.028734 0.013320 0.995496 -0.093866 -6.782277 0.768546 0.049859 0.637849 83.452574
0.630466 -0.086194 -0.771416 -52.963895 0.018240 0.995186 -0.096289 -6.933830 0.776002 0.046636 0.629004 84.216854
0.620583 -0.087877 -0.779201 -53.897540 0.020548 0.995182 -0.095870 -7.053091 0.783871 0.043484 0.619399 84.997108
0.612667 -0.088517 -0.785369 -54.904092 0.020898 0.995175 -0.095861 -7.201624 0.790065 0.042318 0.611561 85.679083
0.605084 -0.087673 -0.791320 -55.914585 0.017982 0.995170 -0.096508 -7.333023 0.795959 0.044166 0.603738 86.361739
0.597388 -0.090274 -0.796855 -56.940765 0.018833 0.994949 -0.098596 -7.489972 0.801731 0.043893 0.596071 87.021948
0.587369 -0.091077 -0.804178 -57.913904 0.017500 0.994845 -0.099889 -7.624520 0.809130 0.044599 0.585935 87.770472
0.577390 -0.095033 -0.810919 -58.914977 0.020634 0.994584 -0.101865 -7.757868 0.816208 0.042084 0.576223 88.485799
0.567443 -0.097475 -0.817623 -59.937673 0.022705 0.994443 -0.102798 -7.894914 0.823100 0.039768 0.566503 89.180277
0.558263 -0.098580 -0.823787 -60.980395 0.022904 0.994369 -0.103471 -8.042980 0.829348 0.038896 0.557377 89.845273
0.549676 -0.098875 -0.829506 -62.038796 0.022350 0.994356 -0.103715 -8.195854 0.835079 0.038470 0.548783 90.488769
0.540095 -0.098420 -0.835829 -63.092941 0.020951 0.994403 -0.103554 -8.333481 0.841343 0.038418 0.539135 91.156926
0.531230 -0.098486 -0.841484 -64.154306 0.020076 0.994405 -0.103710 -8.488156 0.846989 0.038200 0.530235 91.799718
0.521974 -0.100264 -0.847048 -65.251780 0.020858 0.994271 -0.104837 -8.628942 0.852706 0.037055 0.521075 92.414912
0.512357 -0.100653 -0.852854 -66.325940 0.022667 0.994347 -0.103734 -8.776840 0.858474 0.033817 0.511742 93.072971
0.503785 -0.102498 -0.857727 -67.413560 0.025913 0.994282 -0.103596 -8.926428 0.863440 0.029964 0.503560 93.715277
0.495578 -0.103352 -0.862393 -68.496951 0.026657 0.994237 -0.103834 -9.087481 0.868154 0.028469 0.495477 94.363928
0.488259 -0.104933 -0.866367 -69.597627 0.025621 0.994041 -0.105958 -9.254948 0.872322 0.029538 0.488038 94.977324
0.480279 -0.109009 -0.870316 -70.685152 0.025863 0.993576 -0.110175 -9.406388 0.876735 0.030406 0.480012 95.625368
0.472062 -0.112931 -0.874302 -71.790703 0.026009 0.993113 -0.114234 -9.552484 0.881182 0.031186 0.471748 96.241760
0.466993 -0.115218 -0.876722 -72.913776 0.024578 0.992783 -0.117379 -9.720297 0.883919 0.033267 0.466455 96.827020
0.464336 -0.118331 -0.877719 -74.050768 0.026697 0.992454 -0.119676 -9.886804 0.885257 0.032137 0.463991 97.359806
0.459896 -0.120174 -0.879803 -75.162743 0.031520 0.992385 -0.119075 -10.080122 0.887413 0.027030 0.460182 97.947749
0.456675 -0.125054 -0.880801 -76.336759 0.037693 0.991902 -0.121285 -10.265123 0.888835 0.022188 0.457690 98.503692
0.453489 -0.126132 -0.882292 -77.412701 0.039537 0.991808 -0.121467 -10.439075 0.890385 0.020201 0.454760 99.048002
0.449472 -0.128186 -0.884049 -78.510793 0.041361 0.991576 -0.122748 -10.608425 0.892336 0.018607 0.450987 99.631148
0.448166 -0.131848 -0.884174 -79.645689 0.044017 0.991119 -0.125484 -10.755492 0.892866 0.017319 0.449989 100.134150
0.445399 -0.133675 -0.885297 -80.750036 0.046038 0.990903 -0.126459 -10.919427 0.894148 0.015568 0.447501 100.690811
0.445134 -0.137406 -0.884859 -81.884460 0.047213 0.990384 -0.130042 -11.089926 0.894218 0.016110 0.447341 101.151747
0.442701 -0.142111 -0.885336 -82.965886 0.049631 0.989731 -0.134050 -11.245321 0.895295 0.015404 0.445208 101.680678
0.438476 -0.144162 -0.887106 -83.987969 0.054196 0.989496 -0.134014 -11.461830 0.897107 0.010685 0.441683 102.276999
0.437065 -0.147718 -0.887217 -85.064623 0.057624 0.988993 -0.136277 -11.648930 0.897582 0.008436 0.440766 102.771029
0.434642 -0.149048 -0.888184 -86.095734 0.058185 0.988797 -0.137459 -11.850920 0.898722 0.008066 0.438445 103.326491
0.428251 -0.146970 -0.891628 -87.046393 0.054929 0.989095 -0.136653 -11.968440 0.901989 0.009545 0.431654 104.010369
0.430996 -0.146515 -0.890380 -88.116429 0.052978 0.989137 -0.137122 -12.148758 0.900797 0.011929 0.434076 104.429697
0.432444 -0.144436 -0.890017 -89.151067 0.051460 0.989431 -0.135566 -12.335058 0.900191 0.012824 0.435306 104.902041
0.437611 -0.143741 -0.887601 -90.205130 0.050336 0.989508 -0.135427 -12.523642 0.897754 0.014586 0.440255 105.292992
0.440032 -0.141436 -0.886774 -91.187739 0.048046 0.989812 -0.134028 -12.698909 0.896696 0.016371 0.442345 105.830761
0.444293 -0.139745 -0.884915 -92.178563 0.045801 0.990011 -0.133346 -12.863748 0.894710 0.018715 0.446255 106.342729
0.449754 -0.139624 -0.882172 -93.181514 0.044229 0.989975 -0.134137 -13.005302 0.892057 0.021311 0.451421 106.834408
0.457646 -0.139058 -0.878193 -94.192375 0.044074 0.990028 -0.133798 -13.158820 0.888042 0.022527 0.459211 107.294460
0.465067 -0.136826 -0.874638 -95.167652 0.043778 0.990330 -0.131647 -13.333599 0.884192 0.022935 0.466560 107.808273
0.475519 -0.136123 -0.869110 -96.155130 0.043243 0.990378 -0.131457 -13.495227 0.878642 0.024928 0.476830 108.295744
0.480601 -0.134800 -0.866517 -97.078784 0.041216 0.990495 -0.131226 -13.632080 0.875970 0.027353 0.481589 108.894136
0.485996 -0.133175 -0.863754 -97.974802 0.038181 0.990614 -0.131252 -13.763703 0.873126 0.030809 0.486519 109.520575
0.494083 -0.131412 -0.859426 -98.905042 0.034392 0.990691 -0.131712 -13.914350 0.868734 0.035519 0.494004 110.082042
0.506773 -0.127830 -0.852549 -99.851834 0.031107 0.991013 -0.130101 -14.088378 0.861518 0.039412 0.506195 110.600558
0.521141 -0.126582 -0.844031 -100.828004 0.029790 0.991036 -0.130235 -14.230992 0.852950 0.042727 0.520241 111.080316
0.531040 -0.124618 -0.838133 -101.723423 0.032753 0.991406 -0.126655 -14.428560 0.846714 0.039808 0.530558 111.681697
0.538664 -0.122022 -0.833637 -102.573396 0.033275 0.991766 -0.123667 -14.593127 0.841863 0.038875 0.538289 112.348304
0.547543 -0.121716 -0.827878 -103.450466 0.033418 0.991756 -0.123707 -14.746075 0.836110 0.040069 0.547096 112.971500
0.562314 -0.121409 -0.817963 -104.405132 0.032460 0.991642 -0.124873 -14.891070 0.826287 0.043666 0.561555 113.461352
0.568638 -0.120709 -0.813683 -105.242469 0.030951 0.991614 -0.125474 -15.043934 0.822005 0.046165 0.567606 114.101367
0.577068 -0.122436 -0.807467 -106.064060 0.031378 0.991293 -0.127885 -15.195706 0.816093 0.048461 0.575885 114.748496
0.587744 -0.123561 -0.799556 -106.925048 0.031554 0.991018 -0.129953 -15.333589 0.808432 0.051150 0.586364 115.334133
0.598097 -0.122670 -0.791980 -107.771508 0.032627 0.991124 -0.128876 -15.483972 0.800759 0.051240 0.596791 115.923831
0.607027 -0.121716 -0.785305 -108.561019 0.035024 0.991338 -0.126577 -15.644862 0.793909 0.049331 0.606032 116.574235
0.616722 -0.119069 -0.778124 -109.339963 0.034609 0.991640 -0.124311 -15.798366 0.786420 0.049735 0.615687 117.216327
0.630332 -0.117565 -0.767372 -110.179078 0.033540 0.991668 -0.124378 -15.946684 0.775601 0.052662 0.629023 117.765890
0.638566 -0.113528 -0.761147 -110.934141 0.030384 0.992007 -0.122471 -16.096301 0.768967 0.055079 0.636911 118.409839
0.648690 -0.111108 -0.752898 -111.703391 0.030382 0.992278 -0.120257 -16.264689 0.760446 0.055135 0.647056 119.017498
0.658860 -0.109788 -0.744211 -112.463697 0.031457 0.992449 -0.118560 -16.406925 0.751608 0.054703 0.657338 119.632937
0.667158 -0.108832 -0.736923 -113.195448 0.032371 0.992571 -0.117281 -16.541927 0.744213 0.054390 0.665725 120.270599
0.675099 -0.109542 -0.729549 -113.892403 0.034012 0.992485 -0.117547 -16.684161 0.736943 0.054542 0.673751 120.931210
0.684128 -0.106580 -0.721533 -114.605666 0.032501 0.992738 -0.115824 -16.831478 0.728638 0.055788 0.682623 121.559082
0.691828 -0.105542 -0.714307 -115.289113 0.032438 0.992804 -0.115274 -16.958168 0.721333 0.056579 0.690273 122.211238
0.696698 -0.103307 -0.709887 -115.897637 0.033214 0.993161 -0.111933 -17.092442 0.716596 0.054405 0.695364 122.920154
0.704342 -0.101599 -0.702552 -116.560635 0.034409 0.993428 -0.109167 -17.229162 0.709026 0.052717 0.703209 123.542498
0.710265 -0.100595 -0.696710 -117.149622 0.034392 0.993514 -0.108388 -17.325372 0.703094 0.053023 0.709118 124.234260
0.717896 -0.099090 -0.689062 -117.774103 0.033776 0.993610 -0.107695 -17.437101 0.695331 0.054040 0.716656 124.858895
0.724112 -0.095807 -0.682996 -118.373362 0.032442 0.993940 -0.105029 -17.544720 0.688919 0.053895 0.722831 125.502857
0.732808 -0.093773 -0.673943 -118.962711 0.033313 0.994215 -0.102113 -17.655184 0.679620 0.052378 0.731692 126.141172
0.741953 -0.091078 -0.664237 -119.538783 0.033717 0.994545 -0.098707 -17.753647 0.669604 0.050839 0.740977 126.793802
0.751669 -0.088437 -0.653584 -120.107282 0.032926 0.994765 -0.096736 -17.864954 0.658718 0.051194 0.750646 127.441783
0.762190 -0.084918 -0.641759 -120.670138 0.030369 0.994958 -0.095585 -17.971270 0.646640 0.053364 0.760926 128.059779
0.771135 -0.084467 -0.631043 -121.184916 0.029297 0.994818 -0.097358 -18.056684 0.635997 0.056588 0.769614 128.726603
0.781393 -0.082396 -0.618576 -121.701686 0.028765 0.994947 -0.096194 -18.162889 0.623376 0.057372 0.779815 129.382957
0.790296 -0.081135 -0.607329 -122.171036 0.029454 0.995079 -0.094607 -18.247104 0.612016 0.056879 0.788797 130.080565
0.800571 -0.079119 -0.593991 -122.681425 0.030346 0.995326 -0.091676 -18.341913 0.598469 0.055368 0.799231 130.739348
0.810738 -0.078624 -0.580105 -123.197225 0.031717 0.995384 -0.090581 -18.422486 0.584549 0.055038 0.809489 131.398397
0.819427 -0.078383 -0.567799 -123.667583 0.033427 0.995455 -0.089179 -18.489003 0.572208 0.054096 0.818323 132.092341
0.827242 -0.077285 -0.556505 -124.123621 0.034436 0.995606 -0.087076 -18.584735 0.560790 0.052869 0.826268 132.788939
0.834810 -0.077998 -0.544985 -124.599139 0.036396 0.995567 -0.086733 -18.674435 0.549334 0.052571 0.833948 133.470337
0.841506 -0.076408 -0.534818 -125.048187 0.035888 0.995668 -0.085780 -18.776677 0.539055 0.052990 0.840602 134.170903
0.848485 -0.074172 -0.523995 -125.508275 0.034662 0.995792 -0.084829 -18.871079 0.528082 0.053814 0.847486 134.883002
0.855446 -0.071530 -0.512928 -125.950208 0.033550 0.995989 -0.082942 -18.964319 0.516804 0.053744 0.854415 135.574739
0.862260 -0.070517 -0.501533 -126.403661 0.033561 0.996038 -0.082347 -19.054784 0.505353 0.054172 0.861210 136.281999
0.867864 -0.070917 -0.491715 -126.800130 0.034371 0.995959 -0.082976 -19.128880 0.495612 0.055111 0.866794 137.027718
0.872853 -0.071046 -0.482784 -127.218408 0.034171 0.995815 -0.084764 -19.207257 0.486786 0.057490 0.871628 137.770971
0.877199 -0.070383 -0.474940 -127.630950 0.033828 0.995799 -0.085091 -19.297876 0.478934 0.058575 0.875895 138.516135
0.880894 -0.069342 -0.468207 -128.047849 0.033570 0.995872 -0.084330 -19.378778 0.472122 0.058568 0.879585 139.277546
0.884410 -0.069116 -0.461564 -128.478882 0.035200 0.996035 -0.081702 -19.457273 0.465381 0.056012 0.883337 140.044355
0.887705 -0.066472 -0.455589 -128.902756 0.035115 0.996416 -0.076960 -19.551582 0.459072 0.052320 0.886857 140.829961
0.890969 -0.065061 -0.449380 -129.314993 0.035283 0.996609 -0.074335 -19.627139 0.452692 0.050374 0.890243 141.625032
0.894241 -0.062737 -0.443168 -129.696457 0.034423 0.996835 -0.071656 -19.689898 0.446261 0.048823 0.893570 142.450152
0.897462 -0.061951 -0.436719 -130.106747 0.034930 0.996960 -0.069643 -19.766807 0.439706 0.047247 0.896898 143.277223
0.901005 -0.060573 -0.429560 -130.530530 0.035282 0.997155 -0.066607 -19.853679 0.432373 0.044858 0.900579 144.110325
0.904217 -0.061645 -0.422601 -130.924871 0.037236 0.997139 -0.065780 -19.916050 0.425447 0.043743 0.903926 144.972506
0.907587 -0.062070 -0.415251 -131.326567 0.038352 0.997133 -0.065223 -19.994293 0.418109 0.043270 0.907366 145.842822
0.911366 -0.062547 -0.406817 -131.737154 0.039149 0.997078 -0.065595 -20.071996 0.409731 0.043854 0.911152 146.720757
0.915367 -0.064288 -0.397454 -132.141483 0.040744 0.996893 -0.067410 -20.145037 0.400553 0.045511 0.915143 147.614585
0.918769 -0.066053 -0.389231 -132.503694 0.041990 0.996662 -0.070019 -20.204942 0.392557 0.047987 0.918475 148.539544
0.923230 -0.066238 -0.378495 -132.890067 0.041876 0.996507 -0.072248 -20.283171 0.381958 0.050851 0.922779 149.485858
0.928670 -0.063558 -0.365422 -133.281182 0.039712 0.996584 -0.072415 -20.367687 0.368776 0.052739 0.928021 150.402439
0.934535 -0.060894 -0.350623 -133.653119 0.038395 0.996753 -0.070772 -20.448980 0.353794 0.052676 0.933839 151.363429
0.941169 -0.057987 -0.332924 -134.002184 0.037533 0.997010 -0.067550 -20.530481 0.335845 0.051081 0.940531 152.345398
0.948087 -0.054457 -0.313313 -134.377124 0.035697 0.997226 -0.065309 -20.616710 0.316000 0.050735 0.947402 153.333305
0.953982 -0.054829 -0.294809 -134.672046 0.037148 0.997177 -0.065250 -20.674849 0.297554 0.051296 0.953326 154.351537
0.960342 -0.052584 -0.273820 -134.982500 0.036522 0.997318 -0.063433 -20.760099 0.276421 0.050917 0.959687 155.380787
0.966180 -0.050525 -0.252870 -135.271142 0.036252 0.997492 -0.060790 -20.841506 0.255307 0.049566 0.965589 156.431820
0.971764 -0.047174 -0.231189 -135.557762 0.034890 0.997768 -0.056936 -20.923283 0.233359 0.047263 0.971241 157.489495
0.976748 -0.045651 -0.209474 -135.813008 0.035316 0.997980 -0.052814 -20.990240 0.211461 0.044188 0.976387 158.575442
0.981246 -0.043938 -0.187685 -136.050563 0.035130 0.998131 -0.050006 -21.039989 0.189532 0.042475 0.980956 159.679354
0.984822 -0.042987 -0.168162 -136.219518 0.034887 0.998098 -0.050832 -21.104124 0.170027 0.044194 0.984448 160.803099
0.988335 -0.042381 -0.146282 -136.418386 0.034974 0.997990 -0.052844 -21.183260 0.148227 0.047112 0.987831 161.935800
0.991039 -0.041636 -0.126916 -136.534964 0.035032 0.997935 -0.053831 -21.239312 0.128895 0.048903 0.990452 163.092145
0.993284 -0.043459 -0.107234 -136.691560 0.038055 0.997925 -0.051937 -21.327943 0.109269 0.047508 0.992876 164.258898
0.995172 -0.043130 -0.088157 -136.793469 0.038798 0.997982 -0.050268 -21.403115 0.090147 0.046605 0.994837 165.451102
0.996868 -0.040728 -0.067793 -136.898096 0.037434 0.998089 -0.049165 -21.486634 0.069666 0.046473 0.996487 166.647598
0.998060 -0.038253 -0.049112 -136.946436 0.035876 0.998183 -0.048405 -21.553775 0.050874 0.046549 0.997620 167.873838
0.998814 -0.038007 -0.030436 -136.975634 0.036543 0.998212 -0.047298 -21.638188 0.032179 0.046130 0.998417 169.094100
0.999320 -0.035477 -0.010067 -136.972091 0.034954 0.998231 -0.048093 -21.702619 0.011756 0.047709 0.998792 170.332869
0.999405 -0.033065 0.009788 -137.017327 0.033503 0.998253 -0.048669 -21.782329 -0.008162 0.048968 0.998767 171.576007
0.999068 -0.031835 0.029158 -137.014635 0.033280 0.998169 -0.050508 -21.861709 -0.027497 0.051431 0.998298 172.827719
0.998421 -0.028700 0.048296 -136.970628 0.031228 0.998136 -0.052432 -21.944492 -0.046701 0.053857 0.997456 174.098071
0.997366 -0.027742 0.067023 -136.900483 0.031396 0.998042 -0.054101 -22.020991 -0.065391 0.056063 0.996284 175.377902
0.995941 -0.026705 0.085955 -136.812488 0.031671 0.997875 -0.056941 -22.095939 -0.084252 0.059432 0.994671 176.660541
0.994373 -0.024983 0.102946 -136.672371 0.031429 0.997613 -0.061480 -22.188339 -0.101165 0.064370 0.992785 177.948362
0.992458 -0.022976 0.120410 -136.500514 0.031314 0.997206 -0.067817 -22.284494 -0.118515 0.071076 0.990405 179.246474
0.990119 -0.020484 0.138722 -136.353676 0.030823 0.996871 -0.072794 -22.389963 -0.136797 0.076351 0.987652 180.557682
0.987671 -0.016793 0.155642 -136.126592 0.028977 0.996660 -0.076345 -22.516769 -0.153840 0.079914 0.984859 181.871011
0.984907 -0.013643 0.172545 -135.863599 0.027583 0.996520 -0.078657 -22.646835 -0.170872 0.082229 0.981856 183.182808
0.982093 -0.012967 0.187949 -135.591521 0.028086 0.996558 -0.078001 -22.771406 -0.186291 0.081883 0.979077 184.517096
0.978815 -0.011751 0.204411 -135.272700 0.028333 0.996521 -0.078383 -22.866882 -0.202779 0.082514 0.975742 185.854268
0.974918 -0.010708 0.222307 -135.010456 0.029866 0.996102 -0.082997 -22.998554 -0.220552 0.087555 0.971438 187.200901
0.971204 -0.009315 0.238068 -134.626427 0.030767 0.995772 -0.086553 -23.131291 -0.236255 0.091385 0.967384 188.527493
0.967283 -0.006228 0.253625 -134.265780 0.028920 0.995889 -0.085841 -23.286253 -0.252047 0.090368 0.963486 189.871459
0.962627 -0.002571 0.270819 -133.930303 0.026962 0.995897 -0.086381 -23.440205 -0.269486 0.090455 0.958747 191.230432
0.957785 0.001945 0.287480 -133.503758 0.024824 0.995683 -0.089441 -23.578271 -0.286412 0.092802 0.953601 192.579776
0.952492 0.001684 0.304558 -133.110339 0.027688 0.995365 -0.092097 -23.730844 -0.303301 0.096154 0.948031 193.941050
0.947024 0.003935 0.321138 -132.637139 0.027658 0.995211 -0.093759 -23.880530 -0.319969 0.097674 0.942380 195.291798
0.941246 0.004918 0.337687 -132.113369 0.030529 0.994561 -0.099580 -23.986975 -0.336340 0.104039 0.935976 196.638726
0.934573 0.007932 0.355683 -131.590730 0.031456 0.993994 -0.104818 -24.160157 -0.354378 0.109148 0.928710 197.976008
0.926254 0.012944 0.376678 -131.068827 0.030163 0.993659 -0.108319 -24.319632 -0.375692 0.111692 0.919989 199.342100
0.916385 0.019120 0.399841 -130.529194 0.027197 0.993576 -0.109846 -24.508537 -0.399373 0.111536 0.909979 200.694247
0.904413 0.026201 0.425852 -130.062183 0.024641 0.993239 -0.113440 -24.659157 -0.425945 0.113090 0.897653 202.098600
0.892124 0.032868 0.450594 -129.446594 0.022464 0.992890 -0.116901 -24.853649 -0.451232 0.114412 0.885042 203.438060
0.879655 0.041255 0.473820 -128.615307 0.018882 0.992416 -0.121464 -25.015752 -0.475238 0.115793 0.872205 204.663619
0.866555 0.045246 0.497026 -127.856465 0.018883 0.992196 -0.123246 -25.186815 -0.498724 0.116185 0.858938 205.950662
0.852834 0.049829 0.519800 -127.075706 0.018170 0.992002 -0.124907 -25.399971 -0.521866 0.115969 0.845107 207.215192
0.837461 0.050869 0.544125 -126.450718 0.021306 0.991863 -0.125518 -25.706299 -0.546082 0.116709 0.829562 208.551931
0.822442 0.053670 0.566311 -125.649616 0.023755 0.991430 -0.128459 -25.930941 -0.568352 0.119103 0.814119 209.810066
0.807609 0.057148 0.586943 -124.824325 0.024900 0.991101 -0.130760 -26.140339 -0.589192 0.120218 0.798999 211.062919
0.791995 0.059652 0.607607 -124.002398 0.026231 0.990972 -0.131480 -26.400415 -0.609964 0.120070 0.783280 212.314227
0.775659 0.064116 0.627887 -123.171413 0.026776 0.990588 -0.134231 -26.530085 -0.630584 0.120930 0.766642 213.590331
0.762612 0.066623 0.643416 -122.187589 0.027643 0.990417 -0.135318 -26.746898 -0.646265 0.120981 0.753462 214.738184
0.747913 0.067849 0.660320 -121.215089 0.030459 0.990207 -0.136244 -26.964217 -0.663097 0.122012 0.738522 215.895566
0.734223 0.069971 0.675293 -120.198726 0.032965 0.989827 -0.138404 -27.180741 -0.678108 0.123880 0.724447 217.018968
0.721843 0.071112 0.688394 -119.097672 0.035951 0.989511 -0.139915 -27.444310 -0.691122 0.125745 0.711715 218.061363
0.710212 0.073489 0.700141 -117.966051 0.036324 0.989386 -0.140696 -27.727693 -0.703050 0.125357 0.700005 219.062845
0.696244 0.076650 0.713701 -116.886497 0.035919 0.989316 -0.141291 -27.980666 -0.716906 0.124008 0.686052 220.138916
0.681219 0.081760 0.727500 -115.782915 0.033980 0.989142 -0.142983 -28.217023 -0.731291 0.122124 0.671044 221.187936
0.665669 0.088301 0.741004 -114.686607 0.030020 0.989002 -0.144821 -28.460610 -0.745643 0.118648 0.655698 222.241973
0.650128 0.095337 0.753820 -113.537142 0.024982 0.988879 -0.146610 -28.729194 -0.759414 0.114147 0.640516 223.210813
0.632425 0.103163 0.767721 -112.430088 0.020736 0.988482 -0.149910 -28.983868 -0.774344 0.110726 0.623002 224.212644
0.616316 0.107985 0.780061 -111.290590 0.020817 0.987974 -0.153214 -29.233260 -0.787224 0.110667 0.606656 225.153927
0.600068 0.113125 0.791910 -110.124674 0.020389 0.987466 -0.156509 -29.489784 -0.799689 0.110062 0.590240 226.031566
0.580871 0.118573 0.805313 -108.968497 0.018667 0.987133 -0.158808 -29.723762 -0.813781 0.107280 0.571184 226.931864
0.560810 0.123791 0.818638 -107.799987 0.015478 0.987019 -0.159856 -29.984816 -0.827800 0.102320 0.551614 227.780339
0.541573 0.127097 0.830990 -106.588176 0.012549 0.987172 -0.159163 -30.239680 -0.840560 0.096627 0.533031 228.545851
0.521201 0.132622 0.843067 -105.397583 0.008195 0.987029 -0.160334 -30.507862 -0.853395 0.090475 0.513353 229.310880
0.501061 0.136098 0.854643 -104.200803 0.005869 0.987000 -0.160616 -30.760959 -0.865392 0.085494 0.493749 230.041992
0.482203 0.139045 0.864955 -102.993673 0.004182 0.986948 -0.160987 -31.032059 -0.876049 0.081246 0.475328 230.731206
0.461924 0.140786 0.875674 -101.796573 0.003703 0.987006 -0.160639 -31.289530 -0.886912 0.077446 0.455400 231.401916
0.442563 0.139650 0.885797 -100.556017 0.006419 0.987281 -0.158857 -31.529929 -0.896714 0.075990 0.436038 231.977999
0.422913 0.140023 0.895286 -99.334659 0.006499 0.987495 -0.157515 -31.785874 -0.906147 0.072434 0.416715 232.548595
0.405350 0.138405 0.903623 -98.088787 0.005690 0.988071 -0.153892 -32.025315 -0.914144 0.067522 0.399727 233.035035
0.384916 0.142244 0.911924 -96.895665 0.004113 0.987778 -0.155812 -32.273394 -0.922942 0.063726 0.379627 233.613221
0.365294 0.145584 0.919438 -95.703382 0.007385 0.987211 -0.159249 -32.509962 -0.930863 0.064963 0.359547 234.157950
0.344524 0.150558 0.926626 -94.529398 0.014544 0.986081 -0.165626 -32.750866 -0.938665 0.070539 0.337539 234.677312
0.327184 0.154515 0.932242 -93.311522 0.020570 0.985143 -0.170502 -32.980583 -0.944737 0.074961 0.319144 235.058232
0.308107 0.160495 0.937716 -92.130313 0.021909 0.984209 -0.175651 -33.226221 -0.951100 0.074663 0.299725 235.513671
0.288680 0.167047 0.942740 -90.943244 0.020639 0.983347 -0.180562 -33.473474 -0.957203 0.071582 0.280425 235.921800
0.271354 0.173182 0.946771 -89.745094 0.017846 0.982604 -0.184851 -33.732857 -0.962314 0.067056 0.263543 236.233076
0.253042 0.178078 0.950925 -88.560159 0.016384 0.981984 -0.188254 -34.001986 -0.967317 0.063216 0.245565 236.548521
0.234998 0.179993 0.955185 -87.380638 0.014523 0.981945 -0.188608 -34.263725 -0.971887 0.058194 0.228142 236.857469
0.217302 0.182805 0.958834 -86.202180 0.013762 0.981635 -0.190271 -34.530499 -0.976007 0.054542 0.210796 237.129514
0.199510 0.185114 0.962252 -85.030867 0.013944 0.981358 -0.191681 -34.787373 -0.979797 0.051660 0.193210 237.385462
0.182069 0.191395 0.964479 -83.866298 0.015500 0.980193 -0.197439 -35.047788 -0.983164 0.050897 0.175496 237.607380
0.163229 0.195034 0.967118 -82.720066 0.015982 0.979614 -0.200251 -35.322920 -0.986459 0.048143 0.156785 237.848754
0.146976 0.198246 0.969070 -81.568388 0.012349 0.979265 -0.202205 -35.584101 -0.989063 0.041686 0.141481 238.028372
0.131643 0.197924 0.971337 -80.419587 0.008633 0.979599 -0.200778 -35.833647 -0.991260 0.034816 0.127249 238.205567
0.117916 0.199014 0.972877 -79.263748 0.004883 0.979584 -0.200978 -36.086893 -0.993012 0.028449 0.114537 238.359182
0.105869 0.197537 0.974562 -78.155981 0.002986 0.980002 -0.198964 -36.327043 -0.994376 0.023975 0.103162 238.476787
0.096133 0.196986 0.975682 -77.050177 0.003493 0.980149 -0.198232 -36.584287 -0.995362 0.022465 0.093537 238.587489
0.087176 0.198911 0.976133 -75.960420 0.005678 0.979748 -0.200154 -36.831998 -0.996177 0.022992 0.084281 238.718661
0.080786 0.201189 0.976215 -74.874881 0.007440 0.979268 -0.202434 -37.071737 -0.996704 0.023617 0.077614 238.823122
0.075201 0.201868 0.976521 -73.808996 0.010812 0.979072 -0.203228 -37.330915 -0.997110 0.025841 0.071444 238.913054
0.070012 0.201552 0.976972 -72.757611 0.019562 0.978910 -0.203354 -37.573905 -0.997354 0.033349 0.064593 239.002169
0.066915 0.203304 0.976826 -71.704126 0.022171 0.978476 -0.205166 -37.802534 -0.997512 0.035386 0.060967 239.059248
0.061697 0.203181 0.977195 -70.651744 0.014465 0.978776 -0.204423 -38.029508 -0.997990 0.026748 0.057449 239.154052
0.061909 0.202475 0.977329 -69.599599 0.006198 0.979110 -0.203236 -38.251117 -0.998063 0.018639 0.059360 239.172605
0.055955 0.203630 0.977448 -68.575870 0.004106 0.978926 -0.204173 -38.461235 -0.998425 0.015438 0.053940 239.331139
0.053156 0.205349 0.977244 -67.562655 0.006934 0.978528 -0.205996 -38.684267 -0.998562 0.017726 0.050590 239.449506
0.052858 0.204414 0.977456 -66.560601 0.009372 0.978680 -0.205177 -38.931344 -0.998558 0.020006 0.049816 239.531991
0.057377 0.205435 0.976987 -65.562932 0.010826 0.978414 -0.206371 -39.173125 -0.998294 0.022418 0.053914 239.561349
0.057097 0.208619 0.976329 -64.571757 0.011865 0.977713 -0.209609 -39.403923 -0.998298 0.023552 0.053349 239.682658
0.062082 0.208720 0.976003 -63.584912 0.013607 0.977621 -0.209931 -39.640044 -0.997978 0.026314 0.057852 239.730251
0.066751 0.208875 0.975662 -62.600108 0.014757 0.977529 -0.210284 -39.863681 -0.997661 0.028434 0.062168 239.784197
0.071364 0.211006 0.974876 -61.622728 0.016850 0.976974 -0.212694 -40.076821 -0.997308 0.031606 0.066166 239.870800
0.077787 0.211110 0.974362 -60.645121 0.015979 0.976934 -0.212943 -40.309369 -0.996842 0.032134 0.072620 239.953408
0.085296 0.209494 0.974083 -59.668591 0.014868 0.977269 -0.211481 -40.541903 -0.996245 0.032521 0.080242 240.015150
0.092576 0.206859 0.973981 -58.711843 0.014567 0.977796 -0.209054 -40.776079 -0.995599 0.033542 0.087507 240.106012
0.099658 0.205139 0.973646 -57.757110 0.015395 0.978082 -0.207650 -41.010167 -0.994903 0.035684 0.094316 240.224338
0.106796 0.204091 0.973109 -56.792038 0.016300 0.978216 -0.206951 -41.214760 -0.994147 0.037964 0.101143 240.318448
0.112711 0.204231 0.972412 -55.835439 0.015697 0.978160 -0.207258 -41.426785 -0.993504 0.038624 0.107044 240.458914
0.118716 0.206286 0.971263 -54.891896 0.012617 0.977788 -0.209214 -41.677176 -0.992848 0.037092 0.113477 240.608231
0.125253 0.206247 0.970450 -53.941431 0.013121 0.977724 -0.209486 -41.886800 -0.992038 0.038972 0.119757 240.755386
0.131696 0.206605 0.969521 -52.998440 0.014656 0.977527 -0.210301 -42.101348 -0.991182 0.041905 0.125708 240.886262
0.137425 0.207064 0.968627 -52.062147 0.017021 0.977268 -0.211325 -42.316519 -0.990366 0.045529 0.130777 241.041052
0.143850 0.206730 0.967765 -51.124373 0.018490 0.977204 -0.211495 -42.534298 -0.989427 0.048317 0.136748 241.178318
0.148137 0.209362 0.966552 -50.194144 0.020659 0.976467 -0.214676 -42.751798 -0.988751 0.051769 0.140326 241.356638
0.154999 0.210903 0.965140 -49.260817 0.021410 0.976000 -0.216715 -42.961602 -0.987683 0.054254 0.146763 241.504723
0.162082 0.209934 0.964187 -48.326056 0.022157 0.976087 -0.216250 -43.172418 -0.986529 0.056414 0.153554 241.643409
0.168652 0.209777 0.963094 -47.398345 0.020084 0.976156 -0.216139 -43.391744 -0.985471 0.055795 0.160418 241.802884
0.174755 0.208888 0.962199 -46.478199 0.018497 0.976368 -0.215324 -43.624192 -0.984438 0.055427 0.166761 241.990189
0.181573 0.208279 0.961068 -45.558188 0.018790 0.976400 -0.215152 -43.836702 -0.983198 0.057124 0.173374 242.177935
0.187846 0.208089 0.959903 -44.645870 0.020439 0.976260 -0.215635 -44.059922 -0.981986 0.060126 0.179133 242.371403
