0.999997 -0.001920 -0.001337 0.000000 0.001924 0.999994 0.002965 0.000000 0.001331 -0.002967 0.999995 0.000000
0.999996 -0.002186 -0.001819 0.000000 0.002192 0.999992 0.003405 0.000000 0.001812 -0.003409 0.999993 0.000000
0.999995 -0.001174 -0.003016 -0.069566 0.001183 0.999995 0.002990 -0.031700 0.003013 -0.002994 0.999991 4.037018
0.999991 -0.000553 -0.004187 -0.101996 0.000564 0.999997 0.002515 -0.032675 0.004185 -0.002517 0.999988 5.549966
0.999982 -0.001447 -0.005763 -0.112443 0.001467 0.999993 0.003369 -0.068709 0.005758 -0.003378 0.999978 7.085578
0.999983 -0.002028 -0.005473 -0.178543 0.002051 0.999989 0.004146 -0.095938 0.005465 -0.004157 0.999976 8.567890
0.999973 -0.002714 -0.006846 -0.189525 0.002738 0.999990 0.003453 -0.119078 0.006837 -0.003471 0.999971 10.068103
0.999968 -0.003871 -0.007040 -0.232840 0.003899 0.999985 0.003949 -0.144948 0.007024 -0.003976 0.999967 11.562312
0.999960 -0.002741 -0.008480 -0.250163 0.002771 0.999990 0.003493 -0.157780 0.008471 -0.003516 0.999958 13.055524
0.999951 -0.003070 -0.009390 -0.275079 0.003103 0.999989 0.003567 -0.180104 0.009379 -0.003596 0.999950 14.544065
0.999950 -0.001267 -0.009898 -0.336909 0.001308 0.999991 0.004126 -0.193641 0.009893 -0.004139 0.999942 16.027680
0.999949 0.001161 -0.009990 -0.364258 -0.001105 0.999984 0.005610 -0.223158 0.009996 -0.005599 0.999934 17.510123
0.999944 0.001508 -0.010476 -0.395297 -0.001440 0.999978 0.006495 -0.244458 0.010485 -0.006479 0.999924 18.983820
0.999951 0.001107 -0.009836 -0.417534 -0.001043 0.999979 0.006453 -0.255445 0.009843 -0.006443 0.999931 20.457341
0.999927 0.002918 -0.011755 -0.401439 -0.002840 0.999974 0.006697 -0.272114 0.011774 -0.006664 0.999908 21.919483
0.999922 0.003685 -0.011931 -0.435626 -0.003599 0.999968 0.007190 -0.286459 0.011957 -0.007147 0.999903 23.376451
0.999909 0.006924 -0.011588 -0.468746 -0.006832 0.999945 0.007991 -0.295809 0.011642 -0.007911 0.999901 24.828730
0.999909 0.007526 -0.011197 -0.464856 -0.007448 0.999948 0.006974 -0.326423 0.011249 -0.006890 0.999913 26.269790
0.999911 0.007889 -0.010773 -0.493950 -0.007837 0.999958 0.004841 -0.338323 0.010811 -0.004756 0.999930 27.702977
0.999928 0.005232 -0.010816 -0.508075 -0.005173 0.999972 0.005487 -0.377848 0.010844 -0.005431 0.999926 29.128310
0.999945 0.004515 -0.009469 -0.550855 -0.004435 0.999955 0.008413 -0.387711 0.009506 -0.008370 0.999920 30.549506
0.999959 0.002935 -0.008601 -0.586734 -0.002852 0.999949 0.009651 -0.406898 0.008628 -0.009626 0.999916 31.960599
0.999972 0.002212 -0.007139 -0.671218 -0.002147 0.999956 0.009128 -0.427898 0.007159 -0.009113 0.999933 33.352708
0.999977 0.002524 -0.006271 -0.708946 -0.002478 0.999969 0.007407 -0.454930 0.006289 -0.007391 0.999953 34.736440
0.999976 0.003639 -0.005829 -0.701168 -0.003600 0.999971 0.006783 -0.474225 0.005854 -0.006762 0.999960 36.104514
0.999982 0.003446 -0.004809 -0.713263 -0.003418 0.999978 0.005728 -0.486884 0.004829 -0.005712 0.999972 37.461119
0.999988 0.003864 -0.003116 -0.725424 -0.003842 0.999968 0.007017 -0.510525 0.003143 -0.007005 0.999971 38.795509
0.999986 0.005055 -0.001661 -0.737792 -0.005040 0.999948 0.008862 -0.508344 0.001705 -0.008854 0.999959 40.119647
0.999989 0.004547 0.001502 -0.749658 -0.004561 0.999944 0.009590 -0.514962 -0.001459 -0.009596 0.999953 41.423056
0.999983 0.004809 0.003240 -0.722120 -0.004843 0.999934 0.010392 -0.535816 -0.003190 -0.010408 0.999941 42.705185
0.999969 0.004743 0.006314 -0.707186 -0.004809 0.999933 0.010538 -0.562066 -0.006263 -0.010568 0.999925 43.968344
0.999939 0.004445 0.010113 -0.718425 -0.004532 0.999952 0.008668 -0.563843 -0.010074 -0.008713 0.999911 45.209671
0.999899 0.004714 0.013431 -0.686523 -0.004806 0.999965 0.006797 -0.568742 -0.013398 -0.006860 0.999887 46.442727
0.999813 0.005836 0.018421 -0.672468 -0.005959 0.999960 0.006617 -0.580731 -0.018381 -0.006725 0.999808 47.662913
0.999707 0.005876 0.023467 -0.632381 -0.006034 0.999960 0.006657 -0.595984 -0.023427 -0.006796 0.999702 48.871902
0.999536 0.007178 0.029614 -0.599927 -0.007350 0.999957 0.005704 -0.602760 -0.029572 -0.005919 0.999545 50.069643
0.999283 0.007906 0.037037 -0.561594 -0.008121 0.999951 0.005668 -0.612161 -0.036990 -0.005964 0.999298 51.254875
0.998884 0.009405 0.046284 -0.536902 -0.009736 0.999929 0.006937 -0.642964 -0.046215 -0.007380 0.998904 52.432137
0.998359 0.010958 0.056202 -0.463506 -0.011378 0.999910 0.007149 -0.640457 -0.056119 -0.007777 0.998394 53.594644
0.997534 0.011654 0.069216 -0.413190 -0.012196 0.999898 0.007420 -0.645473 -0.069122 -0.008246 0.997574 54.742753
0.996280 0.013769 0.085070 -0.344898 -0.014488 0.999864 0.007840 -0.665249 -0.084950 -0.009044 0.996344 55.873610
0.994717 0.016166 0.101372 -0.254847 -0.017201 0.999808 0.009344 -0.678816 -0.101201 -0.011038 0.994805 56.991818
0.992742 0.017298 0.119010 -0.131540 -0.018555 0.999783 0.009462 -0.673290 -0.118820 -0.011601 0.992848 58.099216
0.990323 0.015312 0.137936 0.015063 -0.016634 0.999826 0.008436 -0.673812 -0.137783 -0.010649 0.990405 59.188243
0.987469 0.012999 0.157278 0.189929 -0.014513 0.999859 0.008480 -0.688079 -0.157146 -0.010656 0.987518 60.259742
0.983886 0.010771 0.178470 0.375960 -0.012433 0.999889 0.008196 -0.696466 -0.178362 -0.010283 0.983911 61.318380
0.979969 0.005402 0.199078 0.624501 -0.007883 0.999901 0.011671 -0.700446 -0.198995 -0.013007 0.979914 62.352762
0.975070 -0.000041 0.221896 0.870257 -0.003176 0.999895 0.014140 -0.699559 -0.221874 -0.014492 0.974968 63.376018
0.969457 -0.005860 0.245192 1.130413 0.002241 0.999884 0.015034 -0.710477 -0.245252 -0.014025 0.969358 64.382643
0.962885 -0.013256 0.269586 1.427439 0.009683 0.999847 0.014579 -0.702898 -0.269738 -0.011428 0.962866 65.362295
0.955272 -0.017294 0.295223 1.728877 0.013178 0.999786 0.015927 -0.706131 -0.295436 -0.011324 0.955295 66.331510
0.946399 -0.018640 0.322462 2.065209 0.013545 0.999746 0.018036 -0.711589 -0.322716 -0.012701 0.946411 67.277831
0.936632 -0.022856 0.349568 2.428009 0.016432 0.999637 0.021332 -0.706443 -0.349928 -0.014236 0.936668 68.208804
0.925879 -0.026949 0.376858 2.824319 0.020237 0.999558 0.021761 -0.707425 -0.377278 -0.012522 0.926016 69.110320
0.913679 -0.029150 0.405390 3.223499 0.023615 0.999547 0.018650 -0.710162 -0.405750 -0.007467 0.913954 69.992810
0.900180 -0.032034 0.434339 3.628398 0.028833 0.999487 0.013958 -0.703229 -0.434563 -0.000042 0.900641 70.862880
0.886004 -0.035779 0.462295 4.087824 0.033848 0.999349 0.012472 -0.693741 -0.462440 0.004598 0.886639 71.701712
0.869572 -0.034556 0.492595 4.565851 0.031432 0.999399 0.014622 -0.698487 -0.492804 0.002768 0.870136 72.528425
0.851504 -0.031522 0.523400 5.064647 0.026080 0.999502 0.017767 -0.700708 -0.523699 -0.001479 0.851902 73.342637
0.832269 -0.030238 0.553547 5.613613 0.023947 0.999540 0.018597 -0.670662 -0.553854 -0.002222 0.832611 74.108257
0.810308 -0.024878 0.585477 6.118431 0.022535 0.999682 0.011289 -0.671394 -0.585571 0.004046 0.810611 74.889902
0.788978 -0.022329 0.614016 6.708687 0.025835 0.999661 0.003157 -0.656004 -0.613878 0.013373 0.789288 75.600178
0.767492 -0.021004 0.640715 7.332257 0.027532 0.999621 -0.000209 -0.628714 -0.640467 0.017800 0.767779 76.272253
0.745355 -0.022400 0.666292 7.984682 0.027399 0.999620 0.002956 -0.623916 -0.666105 0.016052 0.745685 76.923710
0.721912 -0.023007 0.691602 8.616264 0.028903 0.999577 0.003082 -0.603015 -0.691381 0.017764 0.722272 77.581843
0.699143 -0.024021 0.714578 9.335938 0.033761 0.999430 0.000565 -0.560704 -0.714184 0.023730 0.699555 78.117451
0.675183 -0.024001 0.737259 10.045878 0.036430 0.999336 -0.000830 -0.572781 -0.736750 0.027419 0.675609 78.670248
0.648847 -0.021861 0.760604 10.733931 0.037154 0.999305 -0.002974 -0.567418 -0.760011 0.030189 0.649209 79.245895
0.626141 -0.020508 0.779440 11.548712 0.039266 0.999215 -0.005253 -0.536749 -0.778721 0.033895 0.626455 79.634177
0.598732 -0.018793 0.800729 12.270811 0.043494 0.999012 -0.009076 -0.564896 -0.799768 0.040261 0.598958 80.172555
0.570869 -0.015217 0.820900 13.041005 0.049326 0.998658 -0.015790 -0.614562 -0.819558 0.049506 0.570853 80.645023
0.539272 -0.011613 0.842052 13.790271 0.057138 0.998105 -0.022827 -0.603059 -0.840191 0.060423 0.538914 81.177364
0.508988 -0.006147 0.860751 14.591578 0.058687 0.997895 -0.027576 -0.624786 -0.858771 0.064551 0.508278 81.643350
0.476938 -0.000261 0.878937 15.402560 0.054920 0.998055 -0.029506 -0.659486 -0.877219 0.062344 0.476025 82.093105
0.444726 0.005918 0.895647 16.237648 0.049959 0.998258 -0.031402 -0.676411 -0.894272 0.058711 0.443656 82.517452
0.411225 0.014250 0.911423 17.089093 0.046745 0.998233 -0.036698 -0.702342 -0.910335 0.057696 0.409832 82.888152
0.376740 0.024533 0.925994 17.952567 0.043679 0.998067 -0.044213 -0.735009 -0.925289 0.057103 0.374940 83.257605
0.342602 0.031201 0.938963 18.852740 0.042296 0.997923 -0.048593 -0.762600 -0.938528 0.056363 0.340570 83.527673
0.307719 0.035451 0.950817 19.754527 0.039780 0.997953 -0.050083 -0.812413 -0.950645 0.053235 0.305679 83.811300
0.271826 0.039426 0.961538 20.667500 0.038226 0.997930 -0.051725 -0.870196 -0.961587 0.050816 0.269756 84.071210
0.235678 0.041500 0.970945 21.594423 0.037928 0.997934 -0.051860 -0.919849 -0.971091 0.049048 0.233617 84.313191
0.200207 0.040714 0.978907 22.531330 0.036735 0.998122 -0.049026 -0.987701 -0.979065 0.045775 0.198336 84.515289
0.162761 0.035008 0.986044 23.472320 0.037805 0.998415 -0.041688 -1.057819 -0.985941 0.044063 0.161180 84.715441
0.130227 0.033940 0.990903 24.428056 0.041964 0.998330 -0.039709 -1.095520 -0.990596 0.046754 0.128585 84.810495
0.098919 0.033828 0.994520 25.388511 0.047290 0.998133 -0.038654 -1.132357 -0.993971 0.050854 0.097134 84.878989
0.068617 0.030067 0.997190 26.348590 0.051688 0.998096 -0.033651 -1.191952 -0.996303 0.053851 0.066932 84.964625
0.043114 0.029419 0.998637 27.318905 0.050267 0.998236 -0.031578 -1.220895 -0.997805 0.051560 0.041559 85.011942
0.020676 0.029465 0.999352 28.299724 0.047222 0.998421 -0.030415 -1.265143 -0.998670 0.047820 0.019252 85.048532
0.000470 0.031090 0.999516 29.281783 0.044240 0.998537 -0.031081 -1.321653 -0.999021 0.044233 -0.000906 85.075592
-0.017360 0.031484 0.999353 30.261973 0.047300 0.998411 -0.030633 -1.360377 -0.998730 0.046738 -0.018821 85.096411
-0.032551 0.029638 0.999031 31.245319 0.051144 0.998300 -0.027950 -1.403551 -0.998161 0.050185 -0.034012 85.074162
-0.044632 0.025997 0.998665 32.232499 0.055599 0.998177 -0.023500 -1.438663 -0.997455 0.054476 -0.045996 85.019298
-0.051135 0.020523 0.998481 33.221450 0.058580 0.998129 -0.017516 -1.458673 -0.996972 0.057595 -0.052242 84.915979
-0.058045 0.017126 0.998167 34.214468 0.062994 0.997923 -0.013459 -1.492003 -0.996324 0.062098 -0.059003 84.861700
-0.061718 0.015917 0.997967 35.208273 0.067706 0.997636 -0.011724 -1.507577 -0.995795 0.066845 -0.062650 84.793876
-0.064376 0.013590 0.997833 36.209436 0.071429 0.997405 -0.008976 -1.526482 -0.995366 0.070696 -0.065179 84.720309
-0.066246 0.013931 0.997706 37.211751 0.074494 0.997181 -0.008977 -1.532450 -0.995019 0.073728 -0.067097 84.628937
-0.068842 0.012430 0.997550 38.218074 0.080081 0.996765 -0.006894 -1.498125 -0.994408 0.079410 -0.069614 84.571560
-0.070638 0.012246 0.997427 39.224816 0.084413 0.996411 -0.006255 -1.500216 -0.993924 0.083754 -0.071418 84.488698
-0.072608 0.009532 0.997315 40.239274 0.086847 0.996217 -0.003199 -1.484247 -0.993572 0.086381 -0.073161 84.412160
-0.074744 0.009437 0.997158 41.263078 0.085941 0.996296 -0.002987 -1.480840 -0.993493 0.085473 -0.075278 84.343974
-0.077515 0.011202 0.996928 42.288649 0.085815 0.996301 -0.004523 -1.490777 -0.993291 0.085200 -0.078189 84.293959
-0.080009 0.011566 0.996727 43.313713 0.085856 0.996297 -0.004669 -1.515231 -0.993090 0.085201 -0.080706 84.236045
-0.081532 0.013541 0.996579 44.336303 0.088218 0.996081 -0.006317 -1.525122 -0.992759 0.087402 -0.082407 84.109792
-0.083821 0.015319 0.996363 45.370836 0.090923 0.995828 -0.007662 -1.530180 -0.992324 0.089950 -0.084865 84.024175
-0.086096 0.018016 0.996124 46.409573 0.094901 0.995438 -0.009801 -1.544102 -0.991757 0.093690 -0.087413 83.936863
-0.087230 0.021753 0.995951 47.446744 0.099574 0.994945 -0.013010 -1.560589 -0.991199 0.098035 -0.088955 83.813658
-0.089390 0.023993 0.995708 48.494395 0.102975 0.994575 -0.014721 -1.570593 -0.990659 0.101217 -0.091376 83.728825
-0.091661 0.026103 0.995448 49.544654 0.101787 0.994666 -0.016710 -1.594103 -0.990574 0.099792 -0.093829 83.633539
-0.095580 0.030065 0.994968 50.608730 0.097997 0.994972 -0.020651 -1.620788 -0.990586 0.095530 -0.098045 83.557493
-0.098401 0.030476 0.994680 51.670808 0.096592 0.995104 -0.020933 -1.649022 -0.990448 0.094019 -0.100863 83.473697
-0.099587 0.030393 0.994565 52.731629 0.096816 0.995087 -0.020715 -1.680920 -0.990308 0.094226 -0.102040 83.353174
-0.101304 0.029319 0.994423 53.794873 0.099449 0.994857 -0.019201 -1.712856 -0.989872 0.096949 -0.103699 83.255624
-0.102437 0.027453 0.994361 54.862260 0.101585 0.994682 -0.016997 -1.745717 -0.989539 0.099271 -0.104681 83.170687
-0.103165 0.028064 0.994268 55.939518 0.101862 0.994644 -0.017506 -1.789155 -0.989435 0.099472 -0.105471 83.086776
-0.101962 0.030649 0.994316 57.016943 0.101170 0.994662 -0.020285 -1.812960 -0.989630 0.098527 -0.104519 82.960185
-0.103456 0.033583 0.994067 58.101369 0.101119 0.994607 -0.023078 -1.852305 -0.989481 0.098131 -0.106294 82.898837
-0.102867 0.036457 0.994027 59.183425 0.102366 0.994410 -0.025878 -1.895995 -0.989414 0.099093 -0.106024 82.795797
-0.101757 0.040227 0.993996 60.271657 0.103444 0.994193 -0.029645 -1.928511 -0.989416 0.099806 -0.105328 82.682076
-0.101899 0.044334 0.993806 61.368352 0.103264 0.994081 -0.033758 -1.985718 -0.989421 0.099185 -0.105874 82.586144
-0.101800 0.043569 0.993850 62.481701 0.099393 0.994487 -0.033416 -1.989418 -0.989827 0.095380 -0.105569 82.476574
-0.103109 0.042081 0.993779 63.591294 0.090107 0.995392 -0.032800 -2.053499 -0.990580 0.086165 -0.106426 82.391101
-0.103611 0.035774 0.993974 64.704446 0.082851 0.996190 -0.027218 -2.107900 -0.991161 0.079532 -0.106180 82.263800
-0.104642 0.027911 0.994118 65.813898 0.083416 0.996330 -0.019193 -2.158342 -0.991005 0.080917 -0.106586 82.177702
-0.103835 0.022299 0.994344 66.919939 0.088251 0.996012 -0.013121 -2.176791 -0.990671 0.086390 -0.105389 82.029755
-0.103917 0.019245 0.994400 68.034643 0.093002 0.995620 -0.009550 -2.200487 -0.990228 0.091489 -0.105252 81.917673
-0.104363 0.018344 0.994370 69.156220 0.098084 0.995145 -0.008064 -2.200568 -0.989691 0.096691 -0.105656 81.829079
-0.103767 0.021848 0.994362 70.286707 0.095997 0.995311 -0.011851 -2.214403 -0.989958 0.094226 -0.105378 81.719347
-0.104318 0.023202 0.994273 71.427362 0.091796 0.995685 -0.013604 -2.231799 -0.990299 0.089851 -0.105997 81.638304
-0.102648 0.025000 0.994404 72.563813 0.090897 0.995737 -0.015650 -2.233355 -0.990556 0.088782 -0.104483 81.482487
-0.101551 0.027603 0.994447 73.698060 0.091691 0.995620 -0.018272 -2.257591 -0.990596 0.089326 -0.103637 81.344978
-0.104144 0.028040 0.994167 74.841808 0.096194 0.995200 -0.017993 -2.307803 -0.989899 0.093759 -0.106341 81.268685
-0.103517 0.028174 0.994229 75.986926 0.100176 0.994811 -0.017760 -2.324748 -0.989570 0.097759 -0.105802 81.161605
-0.104278 0.027828 0.994159 77.143401 0.098776 0.994956 -0.017490 -2.359056 -0.989631 0.096375 -0.106501 81.052532
-0.103940 0.026280 0.994236 78.309399 0.092038 0.995616 -0.016695 -2.370934 -0.990316 0.089772 -0.105903 80.918689
-0.104209 0.027343 0.994180 79.472011 0.090785 0.995710 -0.017869 -2.397373 -0.990403 0.088395 -0.106244 80.800337
-0.103599 0.031002 0.994136 80.634060 0.094942 0.995258 -0.021143 -2.410258 -0.990077 0.092195 -0.106051 80.684851
-0.103572 0.032180 0.994101 81.799611 0.097717 0.994970 -0.022027 -2.450151 -0.989810 0.094859 -0.106196 80.570932
-0.101319 0.034022 0.994272 82.971415 0.097029 0.994988 -0.024159 -2.475758 -0.990111 0.094025 -0.104113 80.390657
-0.101607 0.035068 0.994206 84.137638 0.093310 0.995309 -0.025570 -2.513002 -0.990439 0.090171 -0.104402 80.281014
-0.100114 0.033173 0.994423 85.301571 0.091844 0.995485 -0.023962 -2.537902 -0.990728 0.088933 -0.102708 80.129125
-0.099364 0.031946 0.994538 86.476886 0.092365 0.995465 -0.022747 -2.575835 -0.990755 0.089600 -0.101864 80.017778
-0.099080 0.030746 0.994604 87.658027 0.093050 0.995429 -0.021502 -2.595423 -0.990719 0.090417 -0.101488 79.920245
-0.098599 0.031447 0.994630 88.852323 0.093711 0.995352 -0.022180 -2.606648 -0.990705 0.091021 -0.101088 79.823938
-0.097655 0.029340 0.994788 90.044778 0.094020 0.995367 -0.020128 -2.639623 -0.990769 0.091564 -0.099961 79.716149
-0.097273 0.030586 0.994788 91.260485 0.092500 0.995479 -0.021562 -2.661601 -0.990950 0.089920 -0.099663 79.616327
-0.098848 0.031916 0.994591 92.482200 0.091304 0.995560 -0.022873 -2.714999 -0.990905 0.088550 -0.101323 79.560381
-0.097795 0.031423 0.994710 93.700209 0.090525 0.995639 -0.022552 -2.752654 -0.991081 0.087840 -0.100213 79.441436
-0.095991 0.034086 0.994798 94.924923 0.090868 0.995540 -0.025343 -2.802721 -0.991226 0.087963 -0.098660 79.322299
-0.095011 0.033721 0.994905 96.152546 0.093777 0.995285 -0.024778 -2.843909 -0.991049 0.090945 -0.097725 79.225730
-0.094118 0.036755 0.994882 97.387214 0.093120 0.995262 -0.027960 -2.883185 -0.991196 0.090012 -0.097095 79.131814
-0.095977 0.040933 0.994542 98.625867 0.094439 0.995021 -0.031839 -2.910027 -0.990893 0.090868 -0.099365 79.098396
-0.094940 0.040786 0.994647 99.860930 0.096154 0.994864 -0.031617 -2.941122 -0.990828 0.092638 -0.098374 78.979221
-0.096123 0.041120 0.994520 101.107915 0.095812 0.994889 -0.031875 -2.986599 -0.990747 0.092223 -0.099572 78.916411
-0.096684 0.043775 0.994352 102.356785 0.093901 0.994978 -0.034672 -3.023332 -0.990876 0.090018 -0.100309 78.802188
-0.097938 0.047243 0.994071 103.608805 0.092966 0.994939 -0.038125 -3.070577 -0.990841 0.088681 -0.101835 78.690118
-0.099021 0.046891 0.993980 104.859924 0.092264 0.995019 -0.037748 -3.122126 -0.990799 0.087971 -0.102854 78.585157
-0.099624 0.046744 0.993927 106.107436 0.091784 0.995069 -0.037598 -3.200646 -0.990783 0.087481 -0.103423 78.434741
-0.101737 0.047035 0.993699 107.358387 0.090743 0.995156 -0.037813 -3.255485 -0.990664 0.086324 -0.105512 78.301151
-0.104317 0.049152 0.993329 108.611377 0.087380 0.995369 -0.040077 -3.289772 -0.990698 0.082616 -0.108129 78.172592
-0.106688 0.049620 0.993054 109.846768 0.087415 0.995355 -0.040344 -3.354875 -0.990442 0.082504 -0.110530 77.980295
-0.112286 0.055619 0.992118 111.080354 0.095041 0.994456 -0.044993 -3.407695 -0.989120 0.089240 -0.116949 77.885943
-0.119559 0.056158 0.991238 112.317826 0.097591 0.994229 -0.044556 -3.486507 -0.988019 0.091409 -0.124349 77.732923
-0.128646 0.055603 0.990131 113.543228 0.093212 0.994685 -0.043748 -3.553487 -0.987300 0.086664 -0.133145 77.567992
-0.139341 0.054955 0.988718 114.770276 0.090383 0.994997 -0.042566 -3.617891 -0.986111 0.083432 -0.143611 77.363849
-0.152782 0.055833 0.986681 115.997129 0.091733 0.994894 -0.042093 -3.680024 -0.983993 0.084080 -0.157123 77.193760
-0.166099 0.055897 0.984524 117.212635 0.091476 0.994961 -0.041057 -3.742881 -0.981857 0.083241 -0.170375 76.946842
-0.180959 0.058897 0.981725 118.429749 0.089146 0.995078 -0.043266 -3.819440 -0.979442 0.079688 -0.185319 76.736060
-0.194416 0.056328 0.979301 119.628221 0.091296 0.995056 -0.039110 -3.858449 -0.976661 0.081802 -0.198597 76.453217
-0.210309 0.057979 0.975914 120.824705 0.095651 0.994671 -0.038481 -3.895736 -0.972945 0.085254 -0.214734 76.214226
-0.226362 0.059658 0.972215 122.014481 0.100152 0.994258 -0.037692 -3.951045 -0.968881 0.088837 -0.231037 75.978148
-0.242589 0.067413 0.967784 123.205292 0.102159 0.993811 -0.043618 -3.970076 -0.964735 0.088287 -0.247975 75.723755
-0.257324 0.076433 0.963298 124.393446 0.099869 0.993632 -0.052163 -4.040764 -0.961151 0.082781 -0.263319 75.418712
-0.271667 0.080767 0.958996 125.568943 0.098817 0.993546 -0.055684 -4.095399 -0.957305 0.079638 -0.277895 75.076532
-0.286958 0.084816 0.954181 126.737519 0.101814 0.993131 -0.057659 -4.173220 -0.952517 0.080603 -0.293622 74.750681
-0.301988 0.086949 0.949338 127.902166 0.105668 0.992749 -0.057312 -4.229055 -0.947437 0.083007 -0.308986 74.417692
-0.315543 0.086594 0.944952 129.036975 0.108014 0.992633 -0.054894 -4.282397 -0.942744 0.084747 -0.322572 74.011273
-0.330363 0.088091 0.939734 130.177276 0.107047 0.992708 -0.055424 -4.374541 -0.937764 0.082285 -0.337384 73.620749
-0.343863 0.090597 0.934639 131.297614 0.106187 0.992702 -0.057158 -4.442588 -0.932997 0.079592 -0.350974 73.181006
-0.358782 0.092481 0.928829 132.428208 0.106210 0.992662 -0.057810 -4.497701 -0.927359 0.077910 -0.365972 72.772276
-0.373666 0.096639 0.922515 133.539964 0.109629 0.992188 -0.059532 -4.578660 -0.921062 0.078889 -0.381341 72.342066
-0.389451 0.097871 0.915832 134.648024 0.112364 0.991960 -0.058224 -4.645139 -0.914167 0.080231 -0.397317 71.913552
-0.402378 0.099362 0.910065 135.717590 0.113616 0.991827 -0.058055 -4.736127 -0.908396 0.080038 -0.410379 71.382062
-0.418408 0.099809 0.902759 136.814990 0.115272 0.991742 -0.056221 -4.819884 -0.900915 0.080540 -0.426457 70.913326
-0.434547 0.102814 0.894762 137.914111 0.119920 0.991222 -0.055658 -4.914280 -0.892630 0.083114 -0.443062 70.438863
-0.449095 0.105066 0.887285 138.979097 0.123694 0.990811 -0.054717 -4.977136 -0.884880 0.085178 -0.457964 69.881755
-0.464872 0.113203 0.878111 140.061262 0.125467 0.990206 -0.061232 -5.059168 -0.876443 0.081709 -0.474522 69.333423
-0.480155 0.119403 0.869019 141.132641 0.125708 0.989833 -0.066546 -5.126624 -0.868130 0.077290 -0.490283 68.754302
-0.494832 0.122636 0.860292 142.169284 0.127459 0.989528 -0.067745 -5.227704 -0.859590 0.076130 -0.505281 68.110842
-0.511620 0.127899 0.849640 143.232277 0.130512 0.988953 -0.070280 -5.310079 -0.849242 0.074932 -0.522660 67.513834
-0.527039 0.131267 0.839642 144.272390 0.131536 0.988693 -0.072005 -5.403310 -0.839600 0.072494 -0.538346 66.862086
-0.542085 0.135475 0.829332 145.304236 0.133983 0.988228 -0.073855 -5.505280 -0.829574 0.071080 -0.553854 66.190204
-0.557172 0.140179 0.818480 146.321948 0.135862 0.987756 -0.076683 -5.614176 -0.819207 0.068475 -0.569395 65.499239
-0.570432 0.144131 0.808600 147.321345 0.135720 0.987490 -0.080273 -5.719784 -0.810054 0.063953 -0.582858 64.762898
-0.585501 0.145648 0.797481 148.333185 0.133489 0.987621 -0.082368 -5.817381 -0.799606 0.058228 -0.597696 64.038371
-0.599465 0.145588 0.787049 149.309080 0.131044 0.987902 -0.082930 -5.925052 -0.789601 0.053424 -0.611291 63.264325
-0.613748 0.148511 0.775408 150.290375 0.132179 0.987615 -0.084533 -6.019013 -0.778359 0.050611 -0.625777 62.482942
-0.628126 0.154420 0.762635 151.259793 0.138594 0.986641 -0.085627 -6.119059 -0.765669 0.051912 -0.641137 61.694835
-0.644196 0.160844 0.747757 152.235326 0.143722 0.985679 -0.088205 -6.254607 -0.751236 0.050648 -0.658088 60.910527
-0.661327 0.164559 0.731824 153.215406 0.143584 0.985369 -0.091819 -6.439611 -0.736227 0.044356 -0.675279 60.125390
-0.675518 0.170613 0.717333 154.110919 0.142974 0.984706 -0.099566 -6.561659 -0.723349 0.035301 -0.689579 59.225235
-0.691706 0.174041 0.700895 155.022080 0.143916 0.984280 -0.102379 -6.709036 -0.707695 0.030054 -0.705879 58.341901
-0.709270 0.178702 0.681910 155.942241 0.146363 0.983587 -0.105525 -6.862530 -0.689575 0.024961 -0.723784 57.466263
-0.726009 0.185360 0.662233 156.813334 0.151186 0.982450 -0.109243 -6.994768 -0.670861 0.020809 -0.741291 56.536137
-0.742661 0.187195 0.642971 157.674281 0.151330 0.982212 -0.111168 -7.160371 -0.652344 0.014741 -0.757779 55.571330
-0.758235 0.186334 0.624787 158.480277 0.152063 0.982403 -0.108447 -7.302031 -0.634000 0.012779 -0.773227 54.552573
-0.773498 0.184930 0.606219 159.267135 0.149174 0.982735 -0.109451 -7.448392 -0.615994 0.005772 -0.787730 53.519861
-0.788901 0.183208 0.586575 160.067410 0.147309 0.983074 -0.108928 -7.613930 -0.596603 0.000474 -0.802536 52.495703
-0.802986 0.183386 0.567083 160.792039 0.148758 0.983039 -0.107258 -7.747956 -0.577134 -0.001769 -0.816647 51.421500
-0.817871 0.184780 0.544925 161.567887 0.152228 0.982776 -0.104775 -7.917193 -0.554899 -0.002740 -0.831913 50.400822
-0.831535 0.183602 0.524251 162.314542 0.150762 0.982965 -0.105123 -8.081697 -0.534622 -0.008376 -0.845050 49.350758
-0.843320 0.183666 0.505053 162.983800 0.149736 0.982875 -0.107406 -8.217274 -0.516131 -0.014953 -0.856379 48.250911
-0.854065 0.182370 0.487150 163.627000 0.149896 0.983086 -0.105233 -8.366109 -0.498101 -0.016854 -0.866955 47.131973
-0.863821 0.182004 0.469775 164.225383 0.151827 0.983159 -0.101723 -8.489459 -0.480377 -0.016546 -0.876906 45.996015
-0.872649 0.183881 0.452406 164.857466 0.154659 0.982779 -0.101128 -8.615420 -0.463210 -0.018281 -0.886060 44.873236
-0.879893 0.187918 0.436435 165.384614 0.158319 0.981937 -0.103611 -8.738905 -0.448022 -0.022070 -0.893750 43.694899
-0.887290 0.190854 0.419871 165.982399 0.161038 0.981269 -0.105727 -8.903551 -0.432185 -0.026195 -0.901405 42.557254
-0.894199 0.193600 0.403642 166.595283 0.164428 0.980666 -0.106099 -9.033497 -0.416379 -0.028503 -0.908744 41.424977
-0.899956 0.195791 0.389544 167.103800 0.166426 0.980108 -0.108125 -9.180411 -0.402965 -0.032478 -0.914639 40.244965
-0.904325 0.196702 0.378820 167.567083 0.165815 0.979677 -0.112862 -9.317056 -0.393322 -0.039250 -0.918563 39.040384
-0.909450 0.197881 0.365710 168.082331 0.166455 0.979214 -0.115898 -9.457817 -0.381043 -0.044529 -0.923485 37.852926
-0.914125 0.196611 0.354570 168.537840 0.164248 0.979154 -0.119495 -9.642730 -0.370673 -0.050996 -0.927362 36.648211
-0.917901 0.192932 0.346749 168.968250 0.161669 0.979857 -0.117231 -9.824593 -0.362382 -0.051548 -0.930603 35.442731
-0.920657 0.189605 0.341234 169.369159 0.159256 0.980501 -0.115135 -10.002578 -0.356411 -0.051656 -0.932900 34.226312
-0.923175 0.186257 0.336239 169.817311 0.157310 0.981220 -0.111630 -10.158290 -0.350717 -0.050160 -0.935137 33.027274
-0.924288 0.188580 0.331856 170.234478 0.159269 0.980669 -0.113676 -10.313758 -0.346878 -0.052215 -0.936456 31.807985
-0.925226 0.194542 0.325747 170.695153 0.163999 0.979254 -0.119018 -10.463796 -0.342143 -0.056696 -0.937936 30.606230
-0.926093 0.199992 0.319930 171.128577 0.168688 0.977960 -0.123040 -10.639159 -0.337486 -0.059978 -0.939418 29.397719
-0.926224 0.205870 0.315795 171.520147 0.175029 0.976796 -0.123425 -10.804013 -0.333876 -0.059046 -0.940766 28.177584
-0.926727 0.209569 0.311861 171.926830 0.179631 0.976120 -0.122155 -10.972489 -0.330014 -0.057185 -0.942242 26.967383
-0.927565 0.210225 0.308916 172.349418 0.181173 0.976073 -0.120244 -11.144314 -0.326803 -0.055567 -0.943458 25.759443
-0.927696 0.211991 0.307311 172.767464 0.183467 0.975764 -0.119266 -11.306823 -0.325147 -0.054262 -0.944106 24.549153
-0.928180 0.209433 0.307604 173.170368 0.181479 0.976389 -0.117173 -11.476041 -0.324881 -0.052934 -0.944272 23.334104
-0.927898 0.209527 0.308390 173.576380 0.181818 0.976425 -0.116345 -11.649641 -0.325497 -0.051885 -0.944118 22.131189
-0.927351 0.211044 0.308999 174.009520 0.184240 0.976265 -0.113851 -11.806938 -0.325693 -0.048650 -0.944223 20.951295
-0.927275 0.209690 0.310147 174.431038 0.182391 0.976490 -0.114895 -11.986074 -0.326948 -0.049972 -0.943720 19.763763
-0.926354 0.210935 0.312048 174.843276 0.183689 0.976278 -0.114631 -12.145713 -0.328825 -0.048869 -0.943126 18.579360
-0.924975 0.211241 0.315909 175.255800 0.183379 0.976195 -0.115829 -12.307473 -0.332856 -0.049208 -0.941693 17.389423
-0.922960 0.212743 0.320756 175.654128 0.183690 0.975798 -0.118643 -12.482396 -0.338234 -0.050583 -0.939702 16.192946
-0.920889 0.213852 0.325932 176.080915 0.183051 0.975404 -0.122795 -12.668941 -0.344175 -0.053419 -0.937385 15.003618
-0.918052 0.216673 0.332014 176.501698 0.183641 0.974593 -0.128234 -12.873977 -0.351364 -0.056754 -0.934517 13.819712
-0.915154 0.217861 0.339161 176.916420 0.184487 0.974446 -0.128140 -13.069534 -0.358411 -0.054697 -0.931960 12.637552
-0.912274 0.217207 0.347242 177.375371 0.183289 0.974672 -0.128139 -13.248808 -0.366280 -0.053252 -0.928980 11.468674
-0.909232 0.214909 0.356526 177.841929 0.181628 0.975420 -0.124771 -13.419618 -0.374577 -0.048691 -0.925917 10.308342
-0.904803 0.215431 0.367316 178.293637 0.181857 0.975457 -0.124141 -13.582221 -0.385045 -0.045524 -0.921774 9.129167
-0.899893 0.215959 0.378885 178.769834 0.182544 0.975539 -0.122481 -13.755116 -0.396068 -0.041057 -0.917303 7.958515
-0.894628 0.216569 0.390819 179.270764 0.183130 0.975565 -0.121396 -13.935763 -0.407560 -0.037034 -0.912427 6.801332
-0.889205 0.216399 0.403096 179.802899 0.182331 0.975691 -0.121582 -14.127802 -0.419608 -0.034614 -0.907045 5.653644
-0.882742 0.217586 0.416441 180.327637 0.182370 0.975492 -0.123110 -14.271683 -0.433022 -0.032728 -0.900789 4.494864
-0.876315 0.212894 0.432144 180.880050 0.178324 0.976682 -0.119549 -14.405893 -0.447519 -0.027701 -0.893845 3.341871
-0.870180 0.209480 0.445987 181.453415 0.174631 0.977490 -0.118398 -14.556996 -0.460750 -0.025144 -0.887174 2.209671
-0.863279 0.207914 0.459915 182.025756 0.171973 0.977856 -0.119259 -14.730437 -0.474526 -0.023861 -0.879918 1.082056
-0.856725 0.204240 0.473611 182.639732 0.166886 0.978629 -0.120140 -14.901399 -0.488027 -0.023888 -0.872502 -0.019759
-0.849303 0.200289 0.488436 183.252111 0.162240 0.979483 -0.119542 -15.081213 -0.502358 -0.022284 -0.864373 -1.107854
-0.841724 0.195399 0.503310 183.877502 0.156162 0.980477 -0.119488 -15.272595 -0.516832 -0.021978 -0.855805 -2.181617
-0.831823 0.192605 0.520551 184.509977 0.152878 0.981089 -0.118713 -15.438839 -0.533572 -0.019167 -0.845537 -3.244343
-0.820393 0.191144 0.538906 185.132661 0.150844 0.981433 -0.118469 -15.623130 -0.551545 -0.015900 -0.833994 -4.304949
-0.809165 0.190078 0.555987 185.800184 0.149627 0.981694 -0.117853 -15.787010 -0.568210 -0.012172 -0.822793 -5.333651
-0.797588 0.188611 0.572957 186.485281 0.147826 0.982011 -0.117485 -15.960668 -0.584808 -0.009006 -0.811121 -6.351440
-0.784891 0.185757 0.591135 187.197562 0.146061 0.982588 -0.114832 -16.096054 -0.602173 -0.003789 -0.798356 -7.353194
-0.771464 0.180665 0.610085 187.929612 0.140247 0.983542 -0.113912 -16.247632 -0.620624 -0.002316 -0.784105 -8.334249
-0.755972 0.177338 0.630126 188.682167 0.136956 0.984149 -0.112663 -16.392990 -0.640117 0.001130 -0.768277 -9.296287
-0.740142 0.173535 0.649674 189.471304 0.134431 0.984809 -0.109903 -16.540656 -0.658877 0.005993 -0.752227 -10.213265
-0.721619 0.170698 0.670916 190.221053 0.133785 0.985241 -0.106776 -16.684967 -0.679240 0.012707 -0.733806 -11.139377
-0.701029 0.168360 0.692974 190.976107 0.132069 0.985573 -0.105843 -16.825632 -0.700797 0.017321 -0.713151 -12.062729
-0.680153 0.164197 0.714444 191.778402 0.128405 0.986210 -0.104414 -16.967116 -0.721737 0.020720 -0.691858 -12.939129
-0.660996 0.163588 0.732341 192.672309 0.127607 0.986238 -0.105127 -17.109931 -0.739459 0.023963 -0.672774 -13.724088
-0.640007 0.161040 0.751304 193.546869 0.125834 0.986556 -0.104273 -17.271920 -0.757995 0.027804 -0.651667 -14.513395
-0.619449 0.160658 0.768422 194.462747 0.126108 0.986487 -0.104590 -17.411611 -0.774841 0.032116 -0.631339 -15.252764
-0.599080 0.158750 0.784794 195.403323 0.125666 0.986643 -0.103653 -17.528998 -0.790766 0.036525 -0.611028 -15.956185
-0.576734 0.156644 0.801773 196.339717 0.123823 0.986867 -0.103738 -17.671556 -0.807493 0.039449 -0.588556 -16.659723
-0.552301 0.154386 0.819224 197.279997 0.123412 0.987016 -0.102805 -17.797293 -0.824459 0.044323 -0.564183 -17.326665
-0.526290 0.148889 0.837168 198.243621 0.122124 0.987579 -0.098866 -17.935044 -0.841489 0.050206 -0.537936 -17.976920
-0.502131 0.144391 0.852652 199.256766 0.118594 0.988145 -0.097495 -18.086845 -0.856621 0.052164 -0.513302 -18.544816
-0.474525 0.142552 0.868622 200.274565 0.117688 0.988214 -0.097886 -18.207839 -0.872339 0.055777 -0.485709 -19.124459
-0.442978 0.141128 0.885355 201.251900 0.116632 0.988212 -0.099168 -18.299875 -0.888914 0.059331 -0.454216 -19.776192
-0.412742 0.140213 0.899991 202.292572 0.119122 0.987904 -0.099280 -18.443449 -0.903025 0.066232 -0.424452 -20.278266
-0.380028 0.135508 0.914995 203.343820 0.121543 0.987949 -0.095831 -18.535299 -0.916955 0.074793 -0.391918 -20.781214
-0.350834 0.128543 0.927573 204.440577 0.119303 0.988598 -0.091876 -18.670599 -0.928807 0.078430 -0.362169 -21.166430
-0.317769 0.121366 0.940369 205.527647 0.118745 0.989060 -0.087524 -18.767016 -0.940703 0.083852 -0.328704 -21.560197
-0.287402 0.115603 0.950808 206.643532 0.116392 0.989548 -0.085131 -18.900233 -0.950712 0.086199 -0.297853 -21.893299
-0.254540 0.110037 0.960781 207.768265 0.114064 0.989987 -0.083163 -19.011399 -0.960312 0.088423 -0.264543 -22.203348
-0.218817 0.105701 0.970024 208.906603 0.111901 0.990275 -0.082665 -19.121531 -0.969328 0.090458 -0.228517 -22.510911
-0.184259 0.098498 0.977930 210.049746 0.108806 0.990895 -0.079303 -19.232348 -0.976837 0.091792 -0.193299 -22.772262
-0.147571 0.094123 0.984563 211.174637 0.108565 0.990988 -0.078465 -19.339700 -0.983075 0.095309 -0.156459 -22.998452
-0.111393 0.089817 0.989709 212.325290 0.109073 0.990996 -0.077658 -19.421330 -0.987773 0.099300 -0.120187 -23.163280
-0.075308 0.081941 0.993788 213.473041 0.106958 0.991532 -0.073650 -19.544683 -0.991407 0.100747 -0.083435 -23.296567
-0.040018 0.076419 0.996272 214.614153 0.107207 0.991644 -0.071757 -19.643232 -0.993431 0.103936 -0.047877 -23.359760
-0.006061 0.072432 0.997355 215.780347 0.106961 0.991698 -0.071371 -19.736265 -0.994245 0.106245 -0.013758 -23.381546
0.027645 0.067854 0.997312 216.938401 0.106004 0.991869 -0.070422 -19.830680 -0.993981 0.107666 0.020228 -23.372118
0.061050 0.066160 0.995940 218.098468 0.107420 0.991570 -0.072455 -19.906158 -0.992338 0.111407 0.053428 -23.337258
0.093570 0.058650 0.993884 219.250988 0.106873 0.991904 -0.068595 -20.008495 -0.989860 0.112638 0.086544 -23.250684
0.124524 0.054639 0.990711 220.395631 0.105970 0.992039 -0.068032 -20.075180 -0.986541 0.113457 0.117743 -23.115843
0.153748 0.049091 0.986890 221.546057 0.106063 0.992175 -0.065877 -20.159449 -0.982401 0.114801 0.147338 -22.926507
0.183584 0.042238 0.982096 222.696237 0.106717 0.992315 -0.062626 -20.252243 -0.977194 0.116303 0.177665 -22.734972
0.214610 0.036336 0.976024 223.847552 0.106876 0.992433 -0.060447 -20.358469 -0.970835 0.117286 0.209102 -22.545553
0.245204 0.028444 0.969054 224.996615 0.109064 0.992415 -0.056727 -20.416186 -0.963317 0.119598 0.240242 -22.275357
0.274414 0.019327 0.961417 226.137916 0.108321 0.992813 -0.050876 -20.506473 -0.955491 0.118103 0.270348 -21.983387
0.304057 0.012117 0.952577 227.277918 0.108952 0.992916 -0.047407 -20.580084 -0.946403 0.118200 0.300582 -21.660620
0.332014 0.004042 0.943266 228.399336 0.110681 0.992916 -0.043213 -20.654984 -0.936758 0.118748 0.329215 -21.270703
0.358980 -0.002712 0.933341 229.492263 0.111477 0.992962 -0.039991 -20.713144 -0.926664 0.118402 0.356756 -20.824003
0.388485 -0.009023 0.921411 230.612747 0.112312 0.992960 -0.037629 -20.751152 -0.914585 0.118104 0.386764 -20.408137
0.416604 -0.014352 0.908975 231.711075 0.112507 0.993003 -0.035886 -20.815319 -0.902099 0.117216 0.415304 -19.930174
0.445583 -0.020994 0.894995 232.793758 0.115847 0.992671 -0.034391 -20.871466 -0.887714 0.119007 0.444749 -19.448889
0.472806 -0.031509 0.880603 233.860665 0.120261 0.992317 -0.029063 -20.937405 -0.872921 0.119643 0.472963 -18.903560
0.500485 -0.036359 0.864982 234.912074 0.121513 0.992178 -0.028603 -20.969477 -0.857176 0.119421 0.500988 -18.342795
0.523757 -0.041875 0.850838 235.921208 0.122608 0.992097 -0.026647 -20.990754 -0.842998 0.118276 0.524752 -17.662907
0.549687 -0.049604 0.833897 236.966184 0.122688 0.992205 -0.021853 -21.036303 -0.826312 0.114321 0.551488 -17.037388
0.571464 -0.053713 0.818867 237.933596 0.122869 0.992208 -0.020663 -21.116826 -0.811376 0.112422 0.573611 -16.313299
0.595013 -0.059449 0.801514 238.964251 0.124943 0.991979 -0.019177 -21.123263 -0.793945 0.111554 0.597668 -15.659393
0.611666 -0.062389 0.788652 239.887896 0.123650 0.992173 -0.017411 -21.176005 -0.781393 0.108166 0.614593 -14.855475
0.628016 -0.066201 0.775380 240.807124 0.122718 0.992333 -0.014671 -21.215450 -0.768464 0.104367 0.631325 -14.052999
0.644394 -0.071252 0.761367 241.752004 0.122585 0.992398 -0.010879 -21.256348 -0.754804 0.100343 0.648230 -13.268023
0.657018 -0.075359 0.750099 242.632844 0.122273 0.992469 -0.007391 -21.305057 -0.743893 0.096573 0.661284 -12.411377
0.669218 -0.080912 0.738648 243.492013 0.124770 0.992176 -0.004359 -21.332657 -0.732516 0.095078 0.674077 -11.525581
0.684528 -0.083887 0.724144 244.405917 0.125454 0.992093 -0.003664 -21.348521 -0.718111 0.093355 0.689639 -10.691137
0.698690 -0.088376 0.709945 245.277227 0.126972 0.991905 -0.001484 -21.357183 -0.704067 0.091180 0.704256 -9.813387
0.712538 -0.092298 0.695536 246.135298 0.126298 0.991990 0.002253 -21.382988 -0.690173 0.086240 0.718488 -8.905511
0.726975 -0.094375 0.680148 246.996546 0.125848 0.992045 0.003140 -21.365537 -0.675033 0.083313 0.733068 -8.002517
0.740653 -0.098524 0.664625 247.828945 0.126813 0.991910 0.005721 -21.372091 -0.659812 0.080046 0.747156 -7.073541
0.753218 -0.103170 0.649629 248.637213 0.129808 0.991515 0.006958 -21.392314 -0.644835 0.079086 0.760219 -6.122380
0.765340 -0.107271 0.634624 249.446852 0.131999 0.991215 0.008358 -21.380201 -0.629945 0.077373 0.772776 -5.163467
0.776856 -0.108958 0.620180 250.231600 0.131725 0.991244 0.009147 -21.391605 -0.615746 0.074587 0.784406 -4.175738
0.787368 -0.111979 0.606228 250.998097 0.131101 0.991286 0.012831 -21.408476 -0.602382 0.069375 0.795187 -3.169056
0.797707 -0.114526 0.592071 251.759460 0.131488 0.991211 0.014577 -21.408618 -0.588537 0.066222 0.805754 -2.151302
0.807558 -0.117920 0.577880 252.511667 0.133245 0.990954 0.016008 -21.407231 -0.574540 0.064072 0.815965 -1.123298
0.815870 -0.122736 0.565059 253.241549 0.137408 0.990373 0.016719 -21.394911 -0.561671 0.064003 0.824881 -0.068846
0.824491 -0.124842 0.551932 253.981211 0.137888 0.990284 0.018012 -21.372913 -0.548818 0.061254 0.833694 0.982228
0.831800 -0.131426 0.539292 254.684780 0.140836 0.989743 0.023978 -21.391508 -0.536912 0.056007 0.841777 2.068457
0.840581 -0.135515 0.524460 255.485057 0.144408 0.989223 0.024155 -21.281769 -0.522082 0.055432 0.851092 3.091200
0.845873 -0.139167 0.514908 256.164893 0.146580 0.988845 0.026463 -21.253590 -0.512847 0.053091 0.856837 4.196384
0.848831 -0.139945 0.509804 256.808079 0.145529 0.988924 0.029160 -21.234009 -0.508239 0.049440 0.859796 5.338884
0.852341 -0.142771 0.503122 257.492699 0.147114 0.988624 0.031314 -21.171809 -0.501869 0.047326 0.863648 6.458813
0.854844 -0.143726 0.498582 258.158865 0.147426 0.988549 0.032200 -21.139565 -0.497500 0.045978 0.866244 7.594952
0.856773 -0.144389 0.495067 258.832724 0.147292 0.988529 0.033403 -21.118320 -0.494211 0.044301 0.868212 8.731871
0.857793 -0.150799 0.491377 259.419206 0.151074 0.987737 0.039400 -21.084004 -0.491293 0.040437 0.870055 9.920744
0.859926 -0.152731 0.487032 260.088208 0.151653 0.987544 0.041924 -21.065684 -0.487369 0.037808 0.872377 11.072038
0.861004 -0.155142 0.484359 260.705948 0.153528 0.987196 0.043287 -21.023293 -0.484873 0.037093 0.873798 12.250501
0.862749 -0.157579 0.480451 261.338012 0.155248 0.986855 0.044892 -20.966836 -0.481210 0.035858 0.875872 13.425079
0.864679 -0.157328 0.477051 261.943312 0.154726 0.986931 0.045034 -20.933998 -0.477902 0.034872 0.877721 14.618954
0.866318 -0.156588 0.474314 262.582698 0.153771 0.987081 0.045013 -20.884733 -0.475235 0.033940 0.879204 15.795368
0.867914 -0.158276 0.470823 263.195163 0.155080 0.986837 0.045870 -20.820647 -0.471885 0.033204 0.881035 16.987169
0.868340 -0.157393 0.470334 263.792315 0.154620 0.986957 0.044813 -20.771586 -0.471252 0.033810 0.881350 18.184335
0.869294 -0.153603 0.469824 264.413358 0.151256 0.987559 0.043008 -20.721294 -0.470585 0.033677 0.881712 19.373289
0.869704 -0.154271 0.468845 265.028907 0.152000 0.987447 0.042955 -20.655618 -0.469586 0.033906 0.882236 20.558973
0.870469 -0.155004 0.467181 265.636116 0.153095 0.987305 0.042322 -20.589941 -0.467810 0.034682 0.883148 21.744836
